"Time since round start";"Player Name";"X-Position";"Z-Position";"X-Look";"Y-Look";"Z-Look";"Visible Players";
0.0;MPIB4;33.5;35.5;-0.528420627117157;0.0;-0.8489826917648315;[];
0.0;MPIB3;51.5;36.5;0.7830085158348083;0.0;0.6220109462738037;[];
0.0;MPIB2;18.5;41.5;-0.5103150010108948;0.0;-0.8599875569343567;[];
0.0;MPIB1;42.5;56.5;0.9999046921730042;0.0;0.0138053884729743;[];
0.05;MPIB4;33.5;35.5;-0.528420627117157;0.0;-0.8489826917648315;[];
0.05;MPIB3;51.5;36.5;0.7830085158348083;0.0;0.6220109462738037;[];
0.05;MPIB2;18.5;41.5;-0.5103150010108948;0.0;-0.8599875569343567;[];
0.05;MPIB1;42.5;56.5;0.9999046921730042;0.0;0.0138053884729743;[];
0.1;MPIB4;33.5;35.5;-0.5262141227722168;0.005177162121981382;-0.8503363728523254;[];
0.1;MPIB3;51.5;36.5;0.7830085158348083;0.0;0.6220109462738037;[];
0.1;MPIB2;18.5;41.5;-0.5103150010108948;0.0;-0.8599875569343567;[];
0.1;MPIB1;42.5;56.5;0.9999046921730042;0.0;0.0138053884729743;[];
0.15;MPIB4;33.5;35.5;-0.5262141227722168;0.005177162121981382;-0.8503363728523254;[];
0.15;MPIB3;51.5;36.5;0.7830085158348083;0.0;0.6220109462738037;[];
0.15;MPIB2;18.5;41.5;-0.5103150010108948;0.0;-0.8599875569343567;[];
0.15;MPIB1;42.5;56.5;0.9999046921730042;0.0;0.0138053884729743;[];
0.2;MPIB4;33.5;35.5;-0.5262141227722168;0.005177162121981382;-0.8503363728523254;[];
0.2;MPIB3;51.5;36.5;0.7830085158348083;0.0;0.6220109462738037;[];
0.2;MPIB2;18.5;41.5;-0.5103150010108948;0.0;-0.8599875569343567;[];
0.2;MPIB1;42.5;56.5;0.9999046921730042;0.0;0.0138053884729743;[];
0.25;MPIB4;33.5;35.5;-0.5261764526367188;0.01303846761584282;-0.850275456905365;[];
0.25;MPIB3;51.5;36.5;0.7830085158348083;0.0;0.6220109462738037;[];
0.25;MPIB2;18.5;41.5;-0.5103150010108948;0.0;-0.8599875569343567;[];
0.25;MPIB1;42.5;56.5;0.9999046921730042;0.0;0.0138053884729743;[];
0.3;MPIB4;33.5;35.5;-0.5261764526367188;0.01303846761584282;-0.850275456905365;[];
0.3;MPIB3;51.5;36.5;0.7830085158348083;0.0;0.6220109462738037;[];
0.3;MPIB2;18.5;41.5;-0.5103150010108948;0.0;-0.8599875569343567;[];
0.3;MPIB1;42.5;56.5;0.9999046921730042;0.0;0.0138053884729743;[];
0.35;MPIB4;33.5;35.5;-0.5261764526367188;0.01303846761584282;-0.850275456905365;[];
0.35;MPIB3;51.5;36.5;0.7830085158348083;0.0;0.6220109462738037;[];
0.35;MPIB2;18.5;41.5;-0.5103150010108948;0.0;-0.8599875569343567;[];
0.35;MPIB1;42.5;56.5;0.9999046921730042;0.0;0.0138053884729743;[];
0.4;MPIB4;33.5;35.5;-0.5261764526367188;0.01303846761584282;-0.850275456905365;[];
0.4;MPIB3;51.5;36.5;0.7830085158348083;0.0;0.6220109462738037;[];
0.4;MPIB2;18.5;41.5;-0.5103150010108948;0.0;-0.8599875569343567;[];
0.4;MPIB1;42.5;56.5;0.9999046921730042;0.0;0.0138053884729743;[];
0.45;MPIB4;33.5;35.5;-0.5261764526367188;0.01303846761584282;-0.850275456905365;[];
0.45;MPIB3;51.5;36.5;0.7830085158348083;0.0;0.6220109462738037;[];
0.45;MPIB2;18.5;41.5;-0.5103150010108948;0.0;-0.8599875569343567;[];
0.45;MPIB1;42.5;56.5;0.9999046921730042;0.0;0.0138053884729743;[];
0.5;MPIB4;33.5;35.5;-0.5262048840522766;-0.00776569964364171;-0.8503215312957764;[];
0.5;MPIB3;51.5;36.5;0.7830085158348083;0.0;0.6220109462738037;[];
0.5;MPIB2;18.5;41.5;-0.5103150010108948;0.0;-0.8599875569343567;[];
0.5;MPIB1;42.5;56.5;0.9999046921730042;0.0;0.0138053884729743;[];
0.55;MPIB4;33.5;35.5;-0.46604597568511963;-0.12012668699026108;-0.876554548740387;[];
0.55;MPIB3;51.5;36.5;0.7830085158348083;0.0;0.6220109462738037;[];
0.55;MPIB2;18.5;41.5;-0.5103150010108948;0.0;-0.8599875569343567;[];
0.55;MPIB1;42.5;56.5;0.9999046921730042;0.0;0.0138053884729743;[];
0.6;MPIB4;33.5;35.5;-0.4363764822483063;-0.1511862725019455;-0.8869552612304688;[];
0.6;MPIB3;51.5;36.5;0.7830085158348083;0.0;0.6220109462738037;[];
0.6;MPIB2;18.5;41.5;-0.5035228133201599;-0.00776569964364171;-0.8639461398124695;[];
0.6;MPIB1;42.59799064695835;56.50135292788036;0.9999046921730042;0.0;0.0138053884729743;[];
0.65;MPIB4;33.5;35.5;-0.3995257019996643;-0.17700421810150146;-0.899452805519104;[];
0.65;MPIB3;51.5;36.5;0.7830085158348083;0.0;0.6220109462738037;[];
0.65;MPIB2;18.5;41.5;-0.45355308055877686;-0.08627490699291229;-0.8870342373847961;[];
0.65;MPIB1;42.74948419337056;56.50270585576072;0.9999046921730042;0.0;0.0138053884729743;[];
0.7;MPIB4;33.5;35.5;-0.37457337975502014;-0.2232152223587036;-0.8999044895172119;[];
0.7;MPIB3;51.5;36.5;0.7830085158348083;0.0;0.6220109462738037;[];
0.7;MPIB2;18.5;41.5;-0.42603158950805664;-0.21807213127613068;-0.878009557723999;[];
0.7;MPIB1;42.9301960185212;56.503551452129614;0.9999488592147827;-0.005177162121981382;0.008628414943814278;[];
0.75;MPIB4;33.409923151135445;35.53860257938504;-0.3752477467060089;-0.30401602387428284;-0.875618577003479;[];
0.75;MPIB3;51.5;36.5;0.7830085158348083;0.0;0.6220109462738037;[];
0.75;MPIB2;18.457218375056982;41.411831237375736;-0.41622626781463623;-0.3014575242996216;-0.8578017950057983;[];
0.75;MPIB1;43.12684462698803;56.50156910921214;0.9965007305145264;-0.08102033287286758;-0.020161334425210953;[];
0.8;MPIB4;33.30000001192093;35.60568577052345;-0.43083783984184265;-0.39707398414611816;-0.8103339076042175;[];
0.8;MPIB3;51.5;36.5;0.7830085158348083;0.0;0.6220109462738037;[];
0.8;MPIB2;18.380150273225013;41.281719717707546;-0.5068774819374084;-0.38020193576812744;-0.7735982537269592;[];
0.8;MPIB1;43.23421477968236;56.50156910921214;0.9899885058403015;-0.1382848173379898;-0.02781710773706436;[];
0.85;MPIB4;33.30000001192093;35.70005591947185;-0.5206995010375977;-0.46792641282081604;-0.71402907371521;[];
0.85;MPIB3;51.5;36.5;0.7826825380325317;-0.028758173808455467;0.6217519640922546;[];
0.85;MPIB2;18.380150273225013;41.281719717707546;-0.5068774819374084;-0.38020193576812744;-0.7735982537269592;[];
0.85;MPIB1;43.29283888986265;56.50156910921214;0.9831698536872864;-0.17964565753936768;-0.03272036835551262;[];
0.9;MPIB4;33.30000001192093;35.839664474430634;-0.7486155033111572;-0.5533362030982971;-0.3651103377342224;[];
0.9;MPIB3;51.5;36.5;0.676733672618866;-0.2688373327255249;0.6853526830673218;[];
0.9;MPIB2;18.315095845154133;41.17189048490897;-0.7195647954940796;-0.6394193172454834;-0.27069374918937683;[];
0.9;MPIB1;43.324847657739156;56.50156910921214;0.9684615135192871;-0.24864903092384338;-0.014485693536698818;[];
0.95;MPIB4;33.30000001192093;36.00890611959457;-0.780789852142334;-0.5684955716133118;-0.2590179145336151;[];
0.95;MPIB3;51.5;36.5;0.6665127873420715;-0.2839479446411133;0.6892619729042053;[];
0.95;MPIB2;18.315095845154133;41.17189048490897;-0.7049127221107483;-0.6729784607887268;-0.2238359898328781;[];
0.95;MPIB1;43.324847657739156;56.50156910921214;0.9565401077270508;-0.29147714376449585;-0.004310264717787504;[];
1.0;MPIB4;33.30000001192093;36.101312068587276;-0.780789852142334;-0.5684955716133118;-0.2590179145336151;[];
1.0;MPIB3;51.5;36.5;0.6595134735107422;-0.29147714376449585;0.692841649055481;[];
1.0;MPIB2;18.30000001192093;41.1391486257379;-0.707771360874176;-0.6729784607887268;-0.2146259844303131;[];
1.0;MPIB1;43.324847657739156;56.50156910921214;0.9417210817337036;-0.3362579047679901;0.005597821436822414;[];
1.05;MPIB4;33.30000001192093;36.15176572259762;-0.7855089902877808;-0.5511781573295593;-0.28122952580451965;[];
1.05;MPIB3;51.5;36.5;0.5864974856376648;-0.48403051495552063;0.649348795413971;[];
1.05;MPIB2;18.30000001192093;41.1391486257379;-0.7380642294883728;-0.657373309135437;-0.1517450511455536;[];
1.05;MPIB1;43.35707688681691;56.50156910921214;0.9278117418289185;-0.3729189932346344;0.005515140946954489;[];
1.1;MPIB4;33.30000001192093;36.15176572259762;-0.7863399386405945;-0.5424286723136902;-0.29555583000183105;[];
1.1;MPIB3;51.5;36.5;0.5613080859184265;-0.5898310542106628;0.5804664492607117;[];
1.1;MPIB2;18.30000001192093;41.1391486257379;-0.7434574365615845;-0.657373309135437;-0.12262327969074249;[];
1.1;MPIB1;43.35707688681691;56.50156910921214;0.9070242643356323;-0.42095696926116943;0.005391574930399656;[];
1.15;MPIB4;33.30000001192093;36.19435446590006;-0.7863399386405945;-0.5424286723136902;-0.29555583000183105;[];
1.15;MPIB3;51.5;36.5;0.5613080859184265;-0.5898310542106628;0.5804664492607117;[];
1.15;MPIB2;18.30000001192093;41.1391486257379;-0.7490688562393188;-0.657373309135437;-0.08161649107933044;[];
1.15;MPIB1;43.35707688681691;56.50156910921214;0.8607053756713867;-0.5089951753616333;0.005116244312375784;[];
1.2;MPIB4;33.334479473531246;36.11083266926448;-0.7863399386405945;-0.5424286723136902;-0.29555583000183105;[];
1.2;MPIB3;51.5;36.5;0.5722450017929077;-0.5771399736404419;0.5825415849685669;[];
1.2;MPIB2;18.30000001192093;41.1391486257379;-0.7654427289962769;-0.6433912515640259;0.007118637673556805;[];
1.2;MPIB1;43.35707688681691;56.50156910921214;0.8414883613586426;-0.5401714444160461;0.00500201340764761;[];
1.25;MPIB4;33.35330526175714;36.06522976300457;-0.8013820648193359;-0.5424286723136902;-0.2519335448741913;[];
1.25;MPIB3;51.5;36.5;0.5892211198806763;-0.5642287731170654;0.5782516598701477;[];
1.25;MPIB2;18.30000001192093;41.1391486257379;-0.7701739072799683;-0.6313498020172119;0.0901978462934494;[];
1.25;MPIB1;43.455075148268634;56.50215163495159;0.8386279344558716;-0.5446015000343323;0.004985010251402855;[];
1.3;MPIB4;33.35330526175714;36.06522976300457;-0.8104401230812073;-0.5379912257194519;-0.23165763914585114;[];
1.3;MPIB3;51.5;36.5;0.5954806804656982;-0.5511781573295593;0.5843946933746338;[];
1.3;MPIB2;18.30000001192093;41.1391486257379;-0.7722136378288269;-0.6272518038749695;0.10073507577180862;[];
1.3;MPIB1;43.606580466688;56.502734160691034;0.8386279344558716;-0.5446015000343323;0.004985010251402855;[];
1.35;MPIB4;33.36919641330891;36.02673561413377;-0.8227077126502991;-0.533538818359375;-0.19596366584300995;[];
1.35;MPIB3;51.5;36.5;0.6036404371261597;-0.5401714444160461;0.586298406124115;[];
1.35;MPIB2;18.30000001192093;41.1391486257379;-0.7738212943077087;-0.6252336502075195;0.10094479471445084;[];
1.35;MPIB1;43.68930238015332;56.502734160691034;0.8386279344558716;-0.5446015000343323;0.004985010251402855;[];
1.4;MPIB4;33.36919641330891;36.02673561413377;-0.8227077126502991;-0.533538818359375;-0.19596366584300995;[];
1.4;MPIB3;51.5;36.5;0.6350022554397583;-0.49314841628074646;0.59455406665802;[];
1.4;MPIB2;18.30000001192093;41.1391486257379;-0.7800512313842773;-0.6169684529304504;0.10381178557872772;[];
1.4;MPIB1;43.68930238015332;56.502734160691034;0.8386279344558716;-0.5446015000343323;0.004985010251402855;[];
1.45;MPIB4;33.38994916441231;35.918869448723086;-0.8399344682693481;-0.5202569365501404;-0.15413498878479004;[];
1.45;MPIB3;51.5;36.5;0.6476300358772278;-0.46555230021476746;0.6031230092048645;[];
1.45;MPIB2;18.30000001192093;41.1391486257379;-0.7842739820480347;-0.6107624769210815;0.10858551412820816;[];
1.45;MPIB1;43.68930238015332;56.502734160691034;0.8386279344558716;-0.5446015000343323;0.004985010251402855;[];
1.5;MPIB4;33.414265403941144;35.76712986377922;-0.8510378003120422;-0.5089951753616333;-0.12874223291873932;[];
1.5;MPIB3;51.5;36.5;0.6495254039764404;-0.45627835392951965;0.6081520915031433;[];
1.5;MPIB2;18.30000001192093;41.1391486257379;-0.7920964360237122;-0.6003865003585815;0.10966856777667999;[];
1.5;MPIB1;43.68930238015332;56.502734160691034;0.8386279344558716;-0.5446015000343323;0.004985010251402855;[];
1.55;MPIB4;33.42754207226601;35.684280040776656;-0.8590679168701172;-0.49997231364250183;-0.10930211842060089;[];
1.55;MPIB3;51.5;36.5;0.6481072902679443;-0.45157986879348755;0.6131519675254822;[];
1.55;MPIB2;18.30000001192093;41.1391486257379;-0.7920964360237122;-0.6003865003585815;0.10966856777667999;[];
1.55;MPIB1;43.68930238015332;56.502734160691034;0.8386279344558716;-0.5446015000343323;0.004985010251402855;[];
1.6;MPIB4;33.43479113401338;35.63904403216296;-0.8599006533622742;-0.49997231364250183;-0.1025451198220253;[];
1.6;MPIB3;51.5;36.5;0.6481072902679443;-0.45157986879348755;0.6131519675254822;[];
1.6;MPIB2;18.30000001192093;41.1391486257379;-0.7920964360237122;-0.6003865003585815;0.10966856777667999;[];
1.6;MPIB1;43.68930238015332;56.502734160691034;0.8386279344558716;-0.5446015000343323;0.004985010251402855;[];
1.65;MPIB4;33.43479113401338;35.63904403216296;-0.8599006533622742;-0.49997231364250183;-0.1025451198220253;[];
1.65;MPIB3;51.5;36.5;0.6481072902679443;-0.45157986879348755;0.6131519675254822;[];
1.65;MPIB2;18.30000001192093;41.1391486257379;-0.7920964360237122;-0.6003865003585815;0.10966856777667999;[];
1.65;MPIB1;43.68930238015332;56.502734160691034;0.8386279344558716;-0.5446015000343323;0.004985010251402855;[];
1.7;MPIB4;33.438749122187176;35.60085958751441;-0.8599006533622742;-0.49997231364250183;-0.1025451198220253;[];
1.7;MPIB3;51.5;36.5;0.6481072902679443;-0.45157986879348755;0.6131519675254822;[];
1.7;MPIB2;18.30000001192093;41.1391486257379;-0.7920964360237122;-0.6003865003585815;0.10966856777667999;[];
1.7;MPIB1;43.68930238015332;56.502734160691034;0.8386279344558716;-0.5446015000343323;0.004985010251402855;[];
1.75;MPIB4;33.438749122187176;35.60085958751441;-0.8599006533622742;-0.49997231364250183;-0.1025451198220253;[];
1.75;MPIB3;51.5;36.5;0.6481072902679443;-0.45157986879348755;0.6131519675254822;[];
1.75;MPIB2;18.30000001192093;41.1391486257379;-0.7920964360237122;-0.6003865003585815;0.10966856777667999;[];
1.75;MPIB1;43.68930238015332;56.502734160691034;0.8386279344558716;-0.5446015000343323;0.004985010251402855;[];
1.8;MPIB4;33.438749122187176;35.60085958751441;-0.8599006533622742;-0.49997231364250183;-0.1025451198220253;[];
1.8;MPIB3;51.5;36.5;0.6481072902679443;-0.45157986879348755;0.6131519675254822;[];
1.8;MPIB2;18.30000001192093;41.1391486257379;-0.7920964360237122;-0.6003865003585815;0.10966856777667999;[];
1.8;MPIB1;43.68930238015332;56.502734160691034;0.8386279344558716;-0.5446015000343323;0.004985010251402855;[];
1.85;MPIB4;33.438749122187176;35.60085958751441;-0.8599006533622742;-0.49997231364250183;-0.1025451198220253;[];
1.85;MPIB3;51.5;36.5;0.6465466022491455;-0.446954607963562;0.6181685924530029;[];
1.85;MPIB2;18.30000001192093;41.1391486257379;-0.7893671989440918;-0.6024546027183533;0.11771038174629211;[];
1.85;MPIB1;43.68930238015332;56.502734160691034;0.8386279344558716;-0.5446015000343323;0.004985010251402855;[];
1.9;MPIB4;33.438749122187176;35.60085958751441;-0.8563878536224365;-0.5089951753616333;-0.08625400066375732;[];
1.9;MPIB3;51.5;36.5;0.6465466022491455;-0.446954607963562;0.6181685924530029;[];
1.9;MPIB2;18.30000001192093;41.1391486257379;-0.7890598177909851;-0.6024546027183533;0.11975334584712982;[];
1.9;MPIB1;43.68930238015332;56.502734160691034;0.8386279344558716;-0.5446015000343323;0.004985010251402855;[];
1.95;MPIB4;33.438749122187176;35.60085958751441;-0.8541465997695923;-0.513526976108551;-0.0814809799194336;[];
1.95;MPIB3;51.5;36.5;0.6465466022491455;-0.446954607963562;0.6181685924530029;[];
1.95;MPIB2;18.30000001192093;41.1391486257379;-0.7890598177909851;-0.6024546027183533;0.11975334584712982;[];
1.95;MPIB1;43.68930238015332;56.502734160691034;0.8386279344558716;-0.5446015000343323;0.004985010251402855;[];
2.0;MPIB4;33.438749122187176;35.60085958751441;-0.8541465997695923;-0.513526976108551;-0.0814809799194336;[];
2.0;MPIB3;51.5;36.5;0.6465466022491455;-0.446954607963562;0.6181685924530029;[];
2.0;MPIB2;18.30000001192093;41.129387751381756;-0.7890598177909851;-0.6024546027183533;0.11975334584712982;[];
2.0;MPIB1;43.68930238015332;56.502734160691034;0.8386279344558716;-0.5446015000343323;0.004985010251402855;[];
2.05;MPIB4;33.438749122187176;35.60085958751441;-0.8541465997695923;-0.513526976108551;-0.0814809799194336;[];
2.05;MPIB3;51.5;36.5;0.6465466022491455;-0.446954607963562;0.6181685924530029;[];
2.05;MPIB2;18.30000001192093;41.129387751381756;-0.7890598177909851;-0.6024546027183533;0.11975334584712982;[];
2.05;MPIB1;43.68930238015332;56.502734160691034;0.8386279344558716;-0.5446015000343323;0.004985010251402855;[];
2.1;MPIB4;33.438749122187176;35.60085958751441;-0.8541465997695923;-0.513526976108551;-0.0814809799194336;[];
2.1;MPIB3;51.5;36.5;0.6465466022491455;-0.446954607963562;0.6181685924530029;[];
2.1;MPIB2;18.30000001192093;41.129387751381756;-0.7890598177909851;-0.6024546027183533;0.11975334584712982;[];
2.1;MPIB1;43.68930238015332;56.502734160691034;0.8386279344558716;-0.5446015000343323;0.004985010251402855;[];
2.15;MPIB4;33.438749122187176;35.60085958751441;-0.8541465997695923;-0.513526976108551;-0.0814809799194336;[];
2.15;MPIB3;51.5;36.5;0.6458072066307068;-0.44455158710479736;0.6206695437431335;[];
2.15;MPIB2;18.30000001192093;41.129387751381756;-0.7890598177909851;-0.6024546027183533;0.11975334584712982;[];
2.15;MPIB1;43.68930238015332;56.502734160691034;0.8386279344558716;-0.5446015000343323;0.004985010251402855;[];
2.2;MPIB4;33.438749122187176;35.60085958751441;-0.8541465997695923;-0.513526976108551;-0.0814809799194336;[];
2.2;MPIB3;51.5;36.5;0.6458452939987183;-0.4399081766605377;0.6239302158355713;[];
2.2;MPIB2;18.30000001192093;41.129387751381756;-0.7890598177909851;-0.6024546027183533;0.11975334584712982;[];
2.2;MPIB1;43.68930238015332;56.502734160691034;0.8386279344558716;-0.5446015000343323;0.004985010251402855;[];
2.25;MPIB4;33.438749122187176;35.60085958751441;-0.8534334301948547;-0.5157464742660522;-0.07464742660522461;[];
2.25;MPIB3;51.5;36.5;0.6458452939987183;-0.4399081766605377;0.6239302158355713;[];
2.25;MPIB2;18.30000001192093;41.129387751381756;-0.7890598177909851;-0.6024546027183533;0.11975334584712982;[];
2.25;MPIB1;43.68930238015332;56.502734160691034;0.8386279344558716;-0.5446015000343323;0.004985010251402855;[];
2.3;MPIB4;33.438749122187176;35.60085958751441;-0.8489119410514832;-0.5246713161468506;-0.06311051547527313;[];
2.3;MPIB3;51.5;36.5;0.6458452939987183;-0.4399081766605377;0.6239302158355713;[];
2.3;MPIB2;18.30000001192093;41.129387751381756;-0.7890598177909851;-0.6024546027183533;0.11975334584712982;[];
2.3;MPIB1;43.68930238015332;56.502734160691034;0.8386279344558716;-0.5446015000343323;0.004985010251402855;[];
2.35;MPIB4;33.438749122187176;35.60085958751441;-0.8466090559959412;-0.5291529893875122;-0.05625055357813835;[];
2.35;MPIB3;51.5;36.5;0.6458452939987183;-0.4399081766605377;0.6239302158355713;[];
2.35;MPIB2;18.30000001192093;41.129387751381756;-0.7890598177909851;-0.6024546027183533;0.11975334584712982;[];
2.35;MPIB1;43.69999998807907;56.502734160691034;0.8386279344558716;-0.5446015000343323;0.004985010251402855;[];
2.4;MPIB4;33.438749122187176;35.60085958751441;-0.8466090559959412;-0.5291529893875122;-0.05625055357813835;[];
2.4;MPIB3;51.5;36.5;0.6458452939987183;-0.4399081766605377;0.6239302158355713;[];
2.4;MPIB2;18.30000001192093;41.129387751381756;-0.7890598177909851;-0.6024546027183533;0.11975334584712982;[];
2.4;MPIB1;43.69999998807907;56.502734160691034;0.8372252583503723;-0.5467707514762878;0.0028093892615288496;[];
2.45;MPIB4;33.438749122187176;35.60085958751441;-0.8429703712463379;-0.5358073711395264;-0.04716647416353226;[];
2.45;MPIB3;51.5;36.5;0.6458452939987183;-0.4399081766605377;0.6239302158355713;[];
2.45;MPIB2;18.30000001192093;41.129387751381756;-0.7890598177909851;-0.6024546027183533;0.11975334584712982;[];
2.45;MPIB1;43.69999998807907;56.502734160691034;0.8372252583503723;-0.5467707514762878;0.0028093892615288496;[];
2.5;MPIB4;33.438749122187176;35.60085958751441;-0.8430939316749573;-0.5358073711395264;-0.04490337893366814;[];
2.5;MPIB3;51.5;36.5;0.6458452939987183;-0.4399081766605377;0.6239302158355713;[];
2.5;MPIB2;18.30000001192093;41.129387751381756;-0.7890598177909851;-0.6024546027183533;0.11975334584712982;[];
2.5;MPIB1;43.69999998807907;56.502734160691034;0.8372252583503723;-0.5467707514762878;0.0028093892615288496;[];
2.55;MPIB4;33.438749122187176;35.60085958751441;-0.8430939316749573;-0.5358073711395264;-0.04490337893366814;[];
2.55;MPIB3;51.5;36.5;0.6458452939987183;-0.4399081766605377;0.6239302158355713;[];
2.55;MPIB2;18.30000001192093;41.129387751381756;-0.7890598177909851;-0.6024546027183533;0.11975334584712982;[];
2.55;MPIB1;43.69999998807907;56.502734160691034;0.8372252583503723;-0.5467707514762878;0.0028093892615288496;[];
2.6;MPIB4;33.438749122187176;35.60085958751441;-0.8430939316749573;-0.5358073711395264;-0.04490337893366814;[];
2.6;MPIB3;51.5;36.5;0.6441983580589294;-0.44455158710479736;0.6223391890525818;[];
2.6;MPIB2;18.30000001192093;41.129387751381756;-0.7874578237533569;-0.6045950651168823;0.1195102110505104;[];
2.6;MPIB1;43.69999998807907;56.502734160691034;0.8372252583503723;-0.5467707514762878;0.0028093892615288496;[];
2.65;MPIB4;33.438749122187176;35.60085958751441;-0.8430939316749573;-0.5358073711395264;-0.04490337893366814;[];
2.65;MPIB3;51.5;36.5;0.6441983580589294;-0.44455158710479736;0.6223391890525818;[];
2.65;MPIB2;18.30000001192093;41.129387751381756;-0.7874578237533569;-0.6045950651168823;0.1195102110505104;[];
2.65;MPIB1;43.69999998807907;56.502734160691034;0.8372252583503723;-0.5467707514762878;0.0028093892615288496;[];
2.7;MPIB4;33.438749122187176;35.58947619096912;-0.8430939316749573;-0.5358073711395264;-0.04490337893366814;[];
2.7;MPIB3;51.5;36.5;0.6441983580589294;-0.44455158710479736;0.6223391890525818;[];
2.7;MPIB2;18.30000001192093;41.129387751381756;-0.7874578237533569;-0.6045950651168823;0.1195102110505104;[];
2.7;MPIB1;43.69999998807907;56.502734160691034;0.8372252583503723;-0.5467707514762878;0.0028093892615288496;[];
2.75;MPIB4;33.438749122187176;35.58947619096912;-0.8430939316749573;-0.5358073711395264;-0.04490337893366814;[];
2.75;MPIB3;51.5;36.5;0.6441983580589294;-0.44455158710479736;0.6223391890525818;[];
2.75;MPIB2;18.30000001192093;41.129387751381756;-0.7874578237533569;-0.6045950651168823;0.1195102110505104;[];
2.75;MPIB1;43.69999998807907;56.502734160691034;0.8372252583503723;-0.5467707514762878;0.0028093892615288496;[];
2.8;MPIB4;33.438749122187176;35.58947619096912;-0.8430939316749573;-0.5358073711395264;-0.04490337893366814;[];
2.8;MPIB3;51.5;36.5;0.6441983580589294;-0.44455158710479736;0.6223391890525818;[];
2.8;MPIB2;18.30000001192093;41.129387751381756;-0.7740787267684937;-0.6190788745880127;0.1320994645357132;[];
2.8;MPIB1;43.69999998807907;56.502734160691034;0.8372252583503723;-0.5467707514762878;0.0028093892615288496;[];
2.85;MPIB4;33.438749122187176;35.58947619096912;-0.8430939316749573;-0.5358073711395264;-0.04490337893366814;[];
2.85;MPIB3;51.5;36.5;0.6441983580589294;-0.44455158710479736;0.6223391890525818;[];
2.85;MPIB2;18.30000001192093;41.129387751381756;-0.7238149642944336;-0.6474190354347229;0.2384236454963684;[];
2.85;MPIB1;43.69999998807907;56.502734160691034;0.8372252583503723;-0.5467707514762878;0.0028093892615288496;[];
2.9;MPIB4;33.438749122187176;35.58947619096912;-0.8430939316749573;-0.5358073711395264;-0.04490337893366814;[];
2.9;MPIB3;51.5;36.5;0.6441983580589294;-0.44455158710479736;0.6223391890525818;[];
2.9;MPIB2;18.30000001192093;41.129387751381756;-0.6978880167007446;-0.6593217849731445;0.27955690026283264;[];
2.9;MPIB1;43.69999998807907;56.502734160691034;0.8372252583503723;-0.5467707514762878;0.0028093892615288496;[];
2.95;MPIB4;33.438749122187176;35.58947619096912;-0.8430939316749573;-0.5358073711395264;-0.04490337893366814;[];
2.95;MPIB3;51.5;36.5;0.6441983580589294;-0.44455158710479736;0.6223391890525818;[];
2.95;MPIB2;18.30000001192093;41.129387751381756;-0.6971350312232971;-0.6593217849731445;0.28142935037612915;[];
2.95;MPIB1;43.69999998807907;56.502734160691034;0.8372252583503723;-0.5467707514762878;0.0028093892615288496;[];
3.0;MPIB4;33.30000001192093;35.57905196072139;-0.8430939316749573;-0.5358073711395264;-0.04490337893366814;[];
3.0;MPIB3;51.5;36.5;0.6441983580589294;-0.44455158710479736;0.6223391890525818;[];
3.0;MPIB2;18.30000001192093;41.129387751381756;-0.6971350312232971;-0.6593217849731445;0.28142935037612915;[];
3.0;MPIB1;43.69999998807907;56.502734160691034;0.8372252583503723;-0.5467707514762878;0.0028093892615288496;[];
3.05;MPIB4;33.30000001192093;35.57905196072139;-0.8430939316749573;-0.5358073711395264;-0.04490337893366814;[];
3.05;MPIB3;51.5;36.5;0.6441983580589294;-0.44455158710479736;0.6223391890525818;[];
3.05;MPIB2;18.30000001192093;41.129387751381756;-0.6971350312232971;-0.6593217849731445;0.28142935037612915;[];
3.05;MPIB1;43.69999998807907;56.502734160691034;0.8372252583503723;-0.5467707514762878;0.0028093892615288496;[];
3.1;MPIB4;33.30000001192093;35.57905196072139;-0.8418191075325012;-0.5379912257194519;-0.04265047237277031;[];
3.1;MPIB3;51.5;36.5;0.6441983580589294;-0.44455158710479736;0.6223391890525818;[];
3.1;MPIB2;18.30000001192093;41.129387751381756;-0.6614848375320435;-0.6612658500671387;0.35365256667137146;[];
3.1;MPIB1;43.69999998807907;56.502734160691034;0.8372252583503723;-0.5467707514762878;0.0028093892615288496;[];
3.15;MPIB4;33.202089600265026;35.564691896080745;-0.8392820358276367;-0.5424286723136902;-0.035909347236156464;[];
3.15;MPIB3;51.5;36.5;0.6441983580589294;-0.44455158710479736;0.6223391890525818;[];
3.15;MPIB2;18.30000001192093;41.129387751381756;-0.4153372049331665;-0.6373530626296997;0.6489852666854858;[];
3.15;MPIB1;43.69999998807907;56.502734160691034;0.8372252583503723;-0.5467707514762878;0.0028093892615288496;[];
3.2;MPIB4;33.05072009763558;35.56050272145845;-0.8392820358276367;-0.5424286723136902;-0.035909347236156464;[];
3.2;MPIB3;51.5;36.5;0.6441983580589294;-0.44455158710479736;0.6223391890525818;[];
3.2;MPIB2;18.30000001192093;41.129387751381756;-0.24260815978050232;-0.606654942035675;0.7569799423217773;[];
3.2;MPIB1;43.69999998807907;56.502734160691034;0.8372252583503723;-0.5467707514762878;0.0028093892615288496;[];
3.25;MPIB4;32.87011563003642;35.557590504405795;-0.8382723331451416;-0.5446015000343323;-0.02492152899503708;[];
3.25;MPIB3;51.5;36.5;0.6441983580589294;-0.44455158710479736;0.6223391890525818;[];
3.25;MPIB2;18.30000001192093;41.129387751381756;-0.24308668076992035;-0.6045950651168823;0.7584730386734009;[];
3.25;MPIB1;43.69999998807907;56.502734160691034;0.8372252583503723;-0.5467707514762878;0.0028093892615288496;[];
3.3;MPIB4;32.67353487751937;35.555194857060684;-0.8383920788764954;-0.5446015000343323;-0.020500943064689636;[];
3.3;MPIB3;51.5;36.5;0.6441983580589294;-0.44455158710479736;0.6223391890525818;[];
3.3;MPIB2;18.30000001192093;41.129387751381756;-0.2737213373184204;-0.6003865003585815;0.7513458728790283;[];
3.3;MPIB1;43.79799942672253;56.507995704363566;0.8372252583503723;-0.5467707514762878;0.0028093892615288496;[];
3.35;MPIB4;32.468225193915856;35.5530528237538;-0.8384423851966858;-0.5446015000343323;-0.018330620601773262;[];
3.35;MPIB3;51.5;36.5;0.6441983580589294;-0.44455158710479736;0.6223391890525818;[];
3.35;MPIB2;18.30000001192093;41.129387751381756;-0.2874332666397095;-0.6003865003585815;0.7462077736854553;[];
3.35;MPIB1;43.949506565080355;56.5083245508431;0.8372252583503723;-0.5467707514762878;0.0028093892615288496;[];
3.4;MPIB4;32.25814951338555;35.55091079044692;-0.8384423851966858;-0.5446015000343323;-0.018330620601773262;[];
3.4;MPIB3;51.5;36.5;0.6441983580589294;-0.44455158710479736;0.6223391890525818;[];
3.4;MPIB2;18.30000001192093;41.129387751381756;-0.3238154947757721;-0.6252336502075195;0.710023045539856;[];
3.4;MPIB1;44.13022891087576;56.50865339732263;0.8372252583503723;-0.5467707514762878;0.0028093892615288496;[];
3.45;MPIB4;32.045471598230954;35.54876875714004;-0.8384423851966858;-0.5446015000343323;-0.018330620601773262;[];
3.45;MPIB3;51.5;36.5;0.6441983580589294;-0.44455158710479736;0.6223391890525818;[];
3.45;MPIB2;18.30000001192093;41.129387751381756;-0.36264875531196594;-0.6474190354347229;0.670253574848175;[];
3.45;MPIB1;44.32690276178482;56.508982243802166;0.8372252583503723;-0.5467707514762878;0.0028093892615288496;[];
3.5;MPIB4;31.831359056880622;35.54739703971032;-0.8385605216026306;-0.5446015000343323;-0.011738580651581287;[];
3.5;MPIB3;51.5;36.5;0.6441983580589294;-0.44455158710479736;0.6223391890525818;[];
3.5;MPIB2;18.30000001192093;41.129387751381756;-0.4151371717453003;-0.6845247149467468;0.5991588234901428;[];
3.5;MPIB1;44.53228613549754;56.5093110902817;0.8372252583503723;-0.5467707514762878;0.0028093892615288496;[];
3.55;MPIB4;31.61645418688333;35.5470587976412;-0.855348527431488;-0.5179625153541565;-0.002952210372313857;[];
3.55;MPIB3;51.5;36.5;0.6441983580589294;-0.44455158710479736;0.6223391890525818;[];
3.55;MPIB2;18.30000001192093;41.129387751381756;-0.42748212814331055;-0.6902346014976501;0.5837289690971375;[];
3.55;MPIB1;44.74242490921347;56.50963993676123;0.8372252583503723;-0.5467707514762878;0.0028093892615288496;[];
3.6;MPIB4;31.61645418688333;35.5470587976412;-0.855348527431488;-0.5179625153541565;-0.002952210372313857;[];
3.6;MPIB3;51.5;36.5;0.6441983580589294;-0.44455158710479736;0.6223391890525818;[];
3.6;MPIB2;18.30000001192093;41.129387751381756;-0.43248653411865234;-0.6921053528785706;0.5777973532676697;[];
3.6;MPIB1;44.95516013163274;56.509968783240765;0.8372252583503723;-0.5467707514762878;0.0028093892615288496;[];
3.65;MPIB4;31.185549033096088;35.54842113464443;-0.8774802088737488;-0.4794096350669861;0.010684703476727009;[];
3.65;MPIB3;51.5;36.5;0.6441983580589294;-0.44455158710479736;0.6223391890525818;[];
3.65;MPIB2;18.30000001192093;41.129387751381756;-0.43248653411865234;-0.6921053528785706;0.5777973532676697;[];
3.65;MPIB1;45.16931301520867;56.5102976297203;0.8372252583503723;-0.5467707514762878;0.0028093892615288496;[];
3.7;MPIB4;30.969856580624644;35.549614350365715;-0.8774802088737488;-0.4794096350669861;0.010684703476727009;[];
3.7;MPIB3;51.5;36.5;0.6441983580589294;-0.44455158710479736;0.6223391890525818;[];
3.7;MPIB2;18.30000001192093;41.129387751381756;-0.43248653411865234;-0.6921053528785706;0.5777973532676697;[];
3.7;MPIB1;45.38423994186587;56.51062647619983;0.8372252583503723;-0.5467707514762878;0.0028093892615288496;[];
3.75;MPIB4;30.754099316152768;35.551070619545186;-0.8774484395980835;-0.4794096350669861;0.013040227815508842;[];
3.75;MPIB3;51.5;36.5;0.6441983580589294;-0.44455158710479736;0.6223391890525818;[];
3.75;MPIB2;18.30000001192093;41.129387751381756;-0.43248653411865234;-0.6921053528785706;0.5777973532676697;[];
3.75;MPIB1;45.59958949609472;56.510955322679365;0.8372252583503723;-0.5467707514762878;0.0028093892615288496;[];
3.8;MPIB4;30.538306664324548;35.55252688872466;-0.8774484395980835;-0.4794096350669861;0.013040227815508842;[];
3.8;MPIB3;51.5;36.5;0.6441983580589294;-0.44455158710479736;0.6223391890525818;[];
3.8;MPIB2;18.30000001192093;41.129387751381756;-0.4355272948741913;-0.6921053528785706;0.5755088329315186;[];
3.8;MPIB1;45.815169805004416;56.5112841691589;0.8372252583503723;-0.5467707514762878;0.0028093892615288496;[];
3.85;MPIB4;30.32249469099752;35.55398315790413;-0.8736521601676941;-0.48629406094551086;0.012983809225261211;[];
3.85;MPIB3;51.5;36.5;0.6441983580589294;-0.44455158710479736;0.6223391890525818;[];
3.85;MPIB2;18.30000001192093;41.129387751381756;-0.4618220925331116;-0.6996103525161743;0.5451328158378601;[];
3.85;MPIB1;46.03087610598459;56.51161301563843;0.8372252583503723;-0.5467707514762878;0.0028093892615288496;[];
3.9;MPIB4;30.32249469099752;35.55398315790413;-0.8659931421279907;-0.49997231364250183;-7.472346187569201E-4;[];
3.9;MPIB3;51.5;36.5;0.6441983580589294;-0.44455158710479736;0.6223391890525818;[];
3.9;MPIB2;18.30000001192093;41.129387751381756;-0.5084022879600525;-0.705206036567688;0.49408066272735596;[];
3.9;MPIB1;46.24665119864312;56.511941862117965;0.8372252583503723;-0.5467707514762878;0.0028093892615288496;[];
3.95;MPIB4;30.32249469099752;35.55398315790413;-0.8593836426734924;-0.5112216472625732;-0.005273178219795227;[];
3.95;MPIB3;51.5;36.5;0.6441983580589294;-0.44455158710479736;0.6223391890525818;[];
3.95;MPIB2;18.30000001192093;41.129387751381756;-0.5286505222320557;-0.705206036567688;0.47235286235809326;[];
3.95;MPIB1;46.46246385156246;56.5122707085975;0.8372252583503723;-0.5467707514762878;0.0028093892615288496;[];
4.0;MPIB4;30.32249469099752;35.55398315790413;-0.8552698493003845;-0.5179625153541565;-0.011972486041486263;[];
4.0;MPIB3;51.5;36.5;0.6441983580589294;-0.44455158710479736;0.6223391890525818;[];
4.0;MPIB2;18.30000001192093;41.129387751381756;-0.543196976184845;-0.705206036567688;0.45554986596107483;[];
4.0;MPIB1;46.678297012386565;56.51259955507703;0.8372252583503723;-0.5467707514762878;0.0028093892615288496;[];
4.05;MPIB4;30.32249469099752;35.55398315790413;-0.8538762331008911;-0.5202569365501404;-0.011952977627515793;[];
4.05;MPIB3;51.5;36.5;0.6441983580589294;-0.44455158710479736;0.6223391890525818;[];
4.05;MPIB2;18.30000001192093;41.129387751381756;-0.5595546364784241;-0.705206036567688;0.435301274061203;[];
4.05;MPIB1;46.678297012386565;56.51259955507703;0.8372252583503723;-0.5467707514762878;0.0028093892615288496;[];
4.1;MPIB4;30.32249469099752;35.55398315790413;-0.8538762331008911;-0.5202569365501404;-0.011952977627515793;[];
4.1;MPIB3;51.5;36.5;0.6441983580589294;-0.44455158710479736;0.6223391890525818;[];
4.1;MPIB2;18.30000001192093;41.129387751381756;-0.5674315690994263;-0.705206036567688;0.42498233914375305;[];
4.1;MPIB1;46.678297012386565;56.51259955507703;0.8372252583503723;-0.5467707514762878;0.0028093892615288496;[];
4.15;MPIB4;30.32249469099752;35.55398315790413;-0.8538762331008911;-0.5202569365501404;-0.011952977627515793;[];
4.15;MPIB3;51.5;36.5;0.6441983580589294;-0.44455158710479736;0.6223391890525818;[];
4.15;MPIB2;18.30000001192093;41.129387751381756;-0.5785151124000549;-0.6996103525161743;0.419249027967453;[];
4.15;MPIB1;46.678297012386565;56.51259955507703;0.8372252583503723;-0.5467707514762878;0.0028093892615288496;[];
4.2;MPIB4;30.32249469099752;35.55398315790413;-0.8538762331008911;-0.5202569365501404;-0.011952977627515793;[];
4.2;MPIB3;51.5;36.5;0.6441983580589294;-0.44455158710479736;0.6223391890525818;[];
4.2;MPIB2;18.30000001192093;41.129387751381756;-0.6026599407196045;-0.6921053528785706;0.397108793258667;[];
4.2;MPIB1;46.678297012386565;56.51259955507703;0.8372252583503723;-0.5467707514762878;0.0028093892615288496;[];
4.25;MPIB4;30.32249469099752;35.55398315790413;-0.8538762331008911;-0.5202569365501404;-0.011952977627515793;[];
4.25;MPIB3;51.5;36.5;0.6441983580589294;-0.44455158710479736;0.6223391890525818;[];
4.25;MPIB2;18.30000001192093;41.129387751381756;-0.6214542984962463;-0.6826353669166565;0.38432779908180237;[];
4.25;MPIB1;46.678297012386565;56.51259955507703;0.8372252583503723;-0.5467707514762878;0.0028093892615288496;[];
4.3;MPIB4;30.32249469099752;35.55398315790413;-0.8538762331008911;-0.5202569365501404;-0.011952977627515793;[];
4.3;MPIB3;51.5;36.5;0.6441983580589294;-0.44455158710479736;0.6223391890525818;[];
4.3;MPIB2;18.30000001192093;41.129387751381756;-0.6360446810722351;-0.6729784607887268;0.37742772698402405;[];
4.3;MPIB1;46.678297012386565;56.51259955507703;0.8372252583503723;-0.5467707514762878;0.0028093892615288496;[];
4.35;MPIB4;30.32249469099752;35.55398315790413;-0.8538762331008911;-0.5202569365501404;-0.011952977627515793;[];
4.35;MPIB3;51.5;36.5;0.6441983580589294;-0.44455158710479736;0.6223391890525818;[];
4.35;MPIB2;18.30000001192093;41.129387751381756;-0.6562151908874512;-0.6632054448127747;0.35978466272354126;[];
4.35;MPIB1;46.678297012386565;56.51259955507703;0.8372252583503723;-0.5467707514762878;0.0028093892615288496;[];
4.4;MPIB4;30.32249469099752;35.55398315790413;-0.8538762331008911;-0.5202569365501404;-0.011952977627515793;[];
4.4;MPIB3;51.5;36.5;0.6441983580589294;-0.44455158710479736;0.6223391890525818;[];
4.4;MPIB2;18.30000001192093;41.129387751381756;-0.6786413192749023;-0.6553480625152588;0.33146634697914124;[];
4.4;MPIB1;46.678297012386565;56.51259955507703;0.8372252583503723;-0.5467707514762878;0.0028093892615288496;[];
4.45;MPIB4;30.32249469099752;35.55398315790413;-0.8538762331008911;-0.5202569365501404;-0.011952977627515793;[];
4.45;MPIB3;51.5;36.5;0.6441983580589294;-0.44455158710479736;0.6223391890525818;[];
4.45;MPIB2;18.30000001192093;41.129387751381756;-0.6926934123039246;-0.6533905863761902;0.30522406101226807;[];
4.45;MPIB1;46.678297012386565;56.51259955507703;0.8372252583503723;-0.5467707514762878;0.0028093892615288496;[];
4.5;MPIB4;30.32249469099752;35.55398315790413;-0.8538762331008911;-0.5202569365501404;-0.011952977627515793;[];
4.5;MPIB3;51.5;36.5;0.6441983580589294;-0.44455158710479736;0.6223391890525818;[];
4.5;MPIB2;18.30000001192093;41.129387751381756;-0.7085688710212708;-0.6514288187026978;0.2710644006729126;[];
4.5;MPIB1;46.678297012386565;56.51259955507703;0.8372252583503723;-0.5467707514762878;0.0028093892615288496;[];
4.55;MPIB4;30.32249469099752;35.55398315790413;-0.8538762331008911;-0.5202569365501404;-0.011952977627515793;[];
4.55;MPIB3;51.5;36.5;0.6441983580589294;-0.44455158710479736;0.6223391890525818;[];
4.55;MPIB2;18.30000001192093;41.129387751381756;-0.7270898818969727;-0.6514288187026978;0.21653194725513458;[];
4.55;MPIB1;46.678297012386565;56.51259955507703;0.8372252583503723;-0.5467707514762878;0.0028093892615288496;[];
4.6;MPIB4;30.32249469099752;35.55398315790413;-0.8538762331008911;-0.5202569365501404;-0.011952977627515793;[];
4.6;MPIB3;51.5;36.5;0.6441983580589294;-0.44455158710479736;0.6223391890525818;[];
4.6;MPIB2;18.30000001192093;41.129387751381756;-0.7397003769874573;-0.6514288187026978;0.16849073767662048;[];
4.6;MPIB1;46.678297012386565;56.51259955507703;0.8372252583503723;-0.5467707514762878;0.0028093892615288496;[];
4.65;MPIB4;30.30000001192093;35.534093236590394;-0.8538762331008911;-0.5202569365501404;-0.011952977627515793;[];
4.65;MPIB3;51.5;36.5;0.6441983580589294;-0.44455158710479736;0.6223391890525818;[];
4.65;MPIB2;18.30000001192093;41.129387751381756;-0.7405785322189331;-0.6514288187026978;0.16458792984485626;[];
4.65;MPIB1;46.678297012386565;56.51259955507703;0.8372252583503723;-0.5467707514762878;0.0028093892615288496;[];
4.7;MPIB4;30.30000001192093;35.534093236590394;-0.8538762331008911;-0.5202569365501404;-0.011952977627515793;[];
4.7;MPIB3;51.5;36.5;0.6441983580589294;-0.44455158710479736;0.6223391890525818;[];
4.7;MPIB2;18.30000001192093;41.129387751381756;-0.7405785322189331;-0.6514288187026978;0.16458792984485626;[];
4.7;MPIB1;46.678297012386565;56.51259955507703;0.8372252583503723;-0.5467707514762878;0.0028093892615288496;[];
4.75;MPIB4;30.30000001192093;35.534093236590394;-0.8538762331008911;-0.5202569365501404;-0.011952977627515793;[];
4.75;MPIB3;51.5;36.5;0.6441983580589294;-0.44455158710479736;0.6223391890525818;[];
4.75;MPIB2;18.30000001192093;41.129387751381756;-0.7405785322189331;-0.6514288187026978;0.16458792984485626;[];
4.75;MPIB1;46.678297012386565;56.51259955507703;0.8372252583503723;-0.5467707514762878;0.0028093892615288496;[];
4.8;MPIB4;30.30000001192093;35.534093236590394;-0.8538762331008911;-0.5202569365501404;-0.011952977627515793;[];
4.8;MPIB3;51.5;36.5;0.6441983580589294;-0.44455158710479736;0.6223391890525818;[];
4.8;MPIB2;18.30000001192093;41.129387751381756;-0.7378992438316345;-0.6514288187026978;0.17621144652366638;[];
4.8;MPIB1;46.678297012386565;56.51259955507703;0.8372252583503723;-0.5467707514762878;0.0028093892615288496;[];
4.85;MPIB4;30.30000001192093;35.534093236590394;-0.8538762331008911;-0.5202569365501404;-0.011952977627515793;[];
4.85;MPIB3;51.5;36.5;0.6441983580589294;-0.44455158710479736;0.6223391890525818;[];
4.85;MPIB2;18.30000001192093;41.129387751381756;-0.7335385084152222;-0.6514288187026978;0.19356413185596466;[];
4.85;MPIB1;46.678297012386565;56.51259955507703;0.8372252583503723;-0.5467707514762878;0.0028093892615288496;[];
4.9;MPIB4;30.30000001192093;35.534093236590394;-0.8538762331008911;-0.5202569365501404;-0.011952977627515793;[];
4.9;MPIB3;51.5;36.5;0.6441983580589294;-0.44455158710479736;0.6223391890525818;[];
4.9;MPIB2;18.30000001192093;41.129387751381756;-0.723003089427948;-0.6514288187026978;0.22980926930904388;[];
4.9;MPIB1;46.678297012386565;56.51259955507703;0.8372252583503723;-0.5467707514762878;0.0028093892615288496;[];
4.95;MPIB4;30.30000001192093;35.534093236590394;-0.8538762331008911;-0.5202569365501404;-0.011952977627515793;[];
4.95;MPIB3;51.5;36.5;0.6441983580589294;-0.44455158710479736;0.6223391890525818;[];
4.95;MPIB2;18.30000001192093;41.129387751381756;-0.723003089427948;-0.6514288187026978;0.22980926930904388;[];
4.95;MPIB1;46.678297012386565;56.51259955507703;0.8372252583503723;-0.5467707514762878;0.0028093892615288496;[];
5.0;MPIB4;30.30000001192093;35.534093236590394;-0.8538762331008911;-0.5202569365501404;-0.011952977627515793;[];
5.0;MPIB3;51.5;36.5;0.6441983580589294;-0.44455158710479736;0.6223391890525818;[];
5.0;MPIB2;18.30000001192093;41.129387751381756;-0.723003089427948;-0.6514288187026978;0.22980926930904388;[];
5.0;MPIB1;46.678297012386565;56.51259955507703;0.8372252583503723;-0.5467707514762878;0.0028093892615288496;[];
5.05;MPIB4;30.30000001192093;35.534093236590394;-0.8538762331008911;-0.5202569365501404;-0.011952977627515793;[];
5.05;MPIB3;51.5;36.5;0.6441983580589294;-0.44455158710479736;0.6223391890525818;[];
5.05;MPIB2;18.30000001192093;41.129387751381756;-0.672734260559082;-0.6514288187026978;0.3506770431995392;[];
5.05;MPIB1;46.678297012386565;56.51259955507703;0.8372252583503723;-0.5467707514762878;0.0028093892615288496;[];
5.1;MPIB4;30.30000001192093;35.534093236590394;-0.8538762331008911;-0.5202569365501404;-0.011952977627515793;[];
5.1;MPIB3;51.5;36.5;0.6441983580589294;-0.44455158710479736;0.6223391890525818;[];
5.1;MPIB2;18.30000001192093;41.129387751381756;-0.6504141688346863;-0.6514288187026978;0.3905216157436371;[];
5.1;MPIB1;46.678297012386565;56.51259955507703;0.8372252583503723;-0.5467707514762878;0.0028093892615288496;[];
5.15;MPIB4;30.30000001192093;35.534093236590394;-0.8525265455245972;-0.5224658846855164;-0.011934083886444569;[];
5.15;MPIB3;51.5;36.5;0.6441983580589294;-0.44455158710479736;0.6223391890525818;[];
5.15;MPIB2;18.30000001192093;41.129387751381756;-0.6200490593910217;-0.6514288187026978;0.4371326267719269;[];
5.15;MPIB1;46.678297012386565;56.51259955507703;0.8372252583503723;-0.5467707514762878;0.0028093892615288496;[];
5.2;MPIB4;30.30000001192093;35.534093236590394;-0.8525265455245972;-0.5224658846855164;-0.011934083886444569;[];
5.2;MPIB3;51.5;36.5;0.6441983580589294;-0.44455158710479736;0.6223391890525818;[];
5.2;MPIB2;18.30000001192093;41.129387751381756;-0.5913941264152527;-0.6514288187026978;0.4751828610897064;[];
5.2;MPIB1;46.678297012386565;56.51259955507703;0.8372252583503723;-0.5467707514762878;0.0028093892615288496;[];
5.25;MPIB4;30.30000001192093;35.534093236590394;-0.8511711955070496;-0.5246713161468506;-0.011915110982954502;[];
5.25;MPIB3;51.5;36.5;0.6441983580589294;-0.44455158710479736;0.6223391890525818;[];
5.25;MPIB2;18.30000001192093;41.129387751381756;-0.5670275688171387;-0.6514288187026978;0.5040094256401062;[];
5.25;MPIB1;46.678297012386565;56.51259955507703;0.8372252583503723;-0.5467707514762878;0.0028093892615288496;[];
5.3;MPIB4;30.30000001192093;35.534093236590394;-0.8511711955070496;-0.5246713161468506;-0.011915110982954502;[];
5.3;MPIB3;51.5;36.5;0.6441983580589294;-0.44455158710479736;0.6223391890525818;[];
5.3;MPIB2;18.30000001192093;41.129387751381756;-0.5412573218345642;-0.6514288187026978;0.5315884351730347;[];
5.3;MPIB1;46.678297012386565;56.51259955507703;0.8372252583503723;-0.5467707514762878;0.0028093892615288496;[];
5.35;MPIB4;30.30000001192093;35.534093236590394;-0.8511711955070496;-0.5246713161468506;-0.011915110982954502;[];
5.35;MPIB3;51.5;36.5;0.6441983580589294;-0.44455158710479736;0.6223391890525818;[];
5.35;MPIB2;18.30000001192093;41.129387751381756;-0.5118545293807983;-0.6553480625152588;0.5553638339042664;[];
5.35;MPIB1;46.69999998807907;56.519176484667696;0.8525886535644531;-0.5224658846855164;-0.006048928946256638;[];
5.4;MPIB4;30.30000001192093;35.534093236590394;-0.8511711955070496;-0.5246713161468506;-0.011915110982954502;[];
5.4;MPIB3;51.5;36.5;0.6441983580589294;-0.44455158710479736;0.6223391890525818;[];
5.4;MPIB2;18.30000001192093;41.129387751381756;-0.49714499711990356;-0.6553480625152588;0.5685691833496094;[];
5.4;MPIB1;46.69999998807907;56.519176484667696;0.8525886535644531;-0.5224658846855164;-0.006048928946256638;[];
5.45;MPIB4;30.30000001192093;35.534093236590394;-0.8511711955070496;-0.5246713161468506;-0.011915110982954502;[];
5.45;MPIB3;51.5;36.5;0.6441983580589294;-0.44455158710479736;0.6223391890525818;[];
5.45;MPIB2;18.30000001192093;41.129387751381756;-0.48209497332572937;-0.6553480625152588;0.5813849568367004;[];
5.45;MPIB1;46.69999998807907;56.519176484667696;0.8525886535644531;-0.5224658846855164;-0.006048928946256638;[];
5.5;MPIB4;30.30000001192093;35.534093236590394;-0.8511711955070496;-0.5246713161468506;-0.011915110982954502;[];
5.5;MPIB3;51.5;36.5;0.6441983580589294;-0.44455158710479736;0.6223391890525818;[];
5.5;MPIB2;18.30000001192093;41.129387751381756;-0.4708932042121887;-0.6533905863761902;0.5926596522331238;[];
5.5;MPIB1;46.69999998807907;56.519176484667696;0.8525886535644531;-0.5224658846855164;-0.006048928946256638;[];
5.55;MPIB4;30.30000001192093;35.534093236590394;-0.8511711955070496;-0.5246713161468506;-0.011915110982954502;[];
5.55;MPIB3;51.5;36.5;0.6441983580589294;-0.44455158710479736;0.6223391890525818;[];
5.55;MPIB2;18.30000001192093;41.129387751381756;-0.4636112153530121;-0.6493897438049316;0.6027129292488098;[];
5.55;MPIB1;46.69999998807907;56.519176484667696;0.8525886535644531;-0.5224658846855164;-0.006048928946256638;[];
5.6;MPIB4;30.30000001192093;35.534093236590394;-0.8511711955070496;-0.5246713161468506;-0.011915110982954502;[];
5.6;MPIB3;51.5;36.5;0.6441983580589294;-0.44455158710479736;0.6223391890525818;[];
5.6;MPIB2;18.30000001192093;41.129387751381756;-0.4572875201702118;-0.6493897438049316;0.6075248122215271;[];
5.6;MPIB1;46.69999998807907;56.519176484667696;0.8553135395050049;-0.5179625153541565;-0.008282477036118507;[];
5.65;MPIB4;30.30000001192093;35.534093236590394;-0.8511711955070496;-0.5246713161468506;-0.011915110982954502;[];
5.65;MPIB3;51.5;36.5;0.6441983580589294;-0.44455158710479736;0.6223391890525818;[];
5.65;MPIB2;18.30000001192093;41.129387751381756;-0.45249730348587036;-0.6493897438049316;0.6111010313034058;[];
5.65;MPIB1;46.69999998807907;56.519176484667696;0.8579282164573669;-0.513526976108551;-0.0128323994576931;[];
5.7;MPIB4;30.30000001192093;35.506658887996;-0.8511711955070496;-0.5246713161468506;-0.011915110982954502;[];
5.7;MPIB3;51.5;36.5;0.6441983580589294;-0.44455158710479736;0.6223391890525818;[];
5.7;MPIB2;18.30000001192093;41.129387751381756;-0.45249730348587036;-0.6493897438049316;0.6111010313034058;[];
5.7;MPIB1;46.69999998807907;56.519176484667696;0.8604965209960938;-0.5089951753616333;-0.0196381863206625;[];
5.75;MPIB4;30.050516482471718;35.50391545313656;-0.8511711955070496;-0.5246713161468506;-0.011915110982954502;[];
5.75;MPIB3;51.5;36.5;0.6441983580589294;-0.44455158710479736;0.6223391890525818;[];
5.75;MPIB2;18.30000001192093;41.129387751381756;-0.45249730348587036;-0.6493897438049316;0.6111010313034058;[];
5.75;MPIB1;46.69999998807907;56.519176484667696;0.8604965209960938;-0.5089951753616333;-0.0196381863206625;[];
5.8;MPIB4;29.86981083045549;35.50254373570684;-0.8511711955070496;-0.5246713161468506;-0.011915110982954502;[];
5.8;MPIB3;51.5;36.5;0.6441983580589294;-0.44455158710479736;0.6223391890525818;[];
5.8;MPIB2;18.30000001192093;41.129387751381756;-0.45249730348587036;-0.6493897438049316;0.6111010313034058;[];
5.8;MPIB1;46.69999998807907;56.519176484667696;0.8604965209960938;-0.5089951753616333;-0.0196381863206625;[];
5.85;MPIB4;29.673151816396835;35.501435074878515;-0.8512001037597656;-0.5246713161468506;-0.009630129672586918;[];
5.85;MPIB3;51.5;36.5;0.6441983580589294;-0.44455158710479736;0.6223391890525818;[];
5.85;MPIB2;18.30000001192093;41.129387751381756;-0.444785475730896;-0.6454440355300903;0.6208650469779968;[];
5.85;MPIB1;46.79797446727753;56.5009310726673;0.8604965209960938;-0.5089951753616333;-0.0196381863206625;[];
5.9;MPIB4;29.467779725003286;35.50058008321108;-0.8512221574783325;-0.5246713161468506;-0.007426690310239792;[];
5.9;MPIB3;51.5;36.5;0.6441983580589294;-0.44455158710479736;0.6223391890525818;[];
5.9;MPIB2;18.26596950367093;41.221289448600174;-0.2926967442035675;-0.5379912257194519;0.7904473543167114;[];
5.9;MPIB1;46.94944301833175;56.49869510639837;0.8604965209960938;-0.5089951753616333;-0.0196381863206625;[];
5.95;MPIB4;29.467779725003286;35.50058008321108;-0.8512221574783325;-0.5246713161468506;-0.007426690310239792;[];
5.95;MPIB3;51.5;36.5;0.6441983580589294;-0.44455158710479736;0.6223391890525818;[];
5.95;MPIB2;18.230171910117065;41.36794355366942;-0.1619531810283661;-0.3874613642692566;0.9075110554695129;[];
5.95;MPIB1;47.13011933601183;56.496459140129446;0.8604965209960938;-0.5089951753616333;-0.0196381863206625;[];
6.0;MPIB4;29.044917286494233;35.499631128953894;-0.8512495160102844;-0.5246713161468506;-0.0029380626510828733;[];
6.0;MPIB3;51.5;36.5;0.6441983580589294;-0.44455158710479736;0.6223391890525818;[];
6.0;MPIB2;18.193159809606186;41.54444758714948;-0.1693580001592636;-0.3114960789680481;0.9350033402442932;[];
6.0;MPIB1;47.32674309612207;56.49422317386052;0.8604965209960938;-0.5089951753616333;-0.0196381863206625;[];
6.05;MPIB4;28.830766671909547;35.49928349132429;-0.8512495160102844;-0.5246713161468506;-0.0029380626510828733;[];
6.05;MPIB3;51.5;36.5;0.6441983580589294;-0.44455158710479736;0.6223391890525818;[];
6.05;MPIB2;18.155235025434763;41.73720414548629;-0.17236225306987762;-0.3014575242996216;0.9377416372299194;[];
6.05;MPIB1;47.53207416081045;56.49198720759159;0.8604965209960938;-0.5089951753616333;-0.0196381863206625;[];
6.1;MPIB4;28.6158404700315;35.49919893065422;-0.8512542843818665;-0.5246713161468506;-7.345170015469193E-4;[];
6.1;MPIB3;51.5;36.5;0.6441983580589294;-0.44455158710479736;0.6223391890525818;[];
6.1;MPIB2;18.116811915926746;41.93883458342563;-0.17236225306987762;-0.3014575242996216;0.9377416372299194;[];
6.1;MPIB1;47.74215941435068;56.489751241322665;0.8604965209960938;-0.5089951753616333;-0.0196381863206625;[];
6.15;MPIB4;28.4004909092008;35.49936805193616;-0.85125333070755;-0.5246713161468506;0.0014690335374325514;[];
6.15;MPIB3;51.5;36.5;0.6441983580589294;-0.44455158710479736;0.6223391890525818;[];
6.15;MPIB2;18.09583289569855;42.04892481532778;-0.17236225306987762;-0.3014575242996216;0.9377416372299194;[];
6.15;MPIB1;47.95484045530566;56.48751527505374;0.8604965209960938;-0.5089951753616333;-0.0196381863206625;[];
6.2;MPIB4;28.184910194355105;35.4995371732181;-0.85125333070755;-0.5246713161468506;0.0014690335374325514;[];
6.2;MPIB3;51.5;36.5;0.6441983580589294;-0.44455158710479736;0.6223391890525818;[];
6.2;MPIB2;18.084378349323515;42.10903408892821;-0.17236225306987762;-0.3014575242996216;0.9377416372299194;[];
6.2;MPIB1;48.168959620726355;56.48655693591718;0.8498029708862305;-0.526954710483551;-0.008229115046560764;[];
6.25;MPIB4;27.96920326940256;35.499706294500044;-0.85125333070755;-0.5246713161468506;0.0014690335374325514;[];
6.25;MPIB3;51.5;36.5;0.6441983580589294;-0.44455158710479736;0.6223391890525818;[];
6.25;MPIB2;18.078124166276325;42.141853756126125;-0.17744916677474976;-0.29898834228515625;0.9375836253166199;[];
6.25;MPIB1;48.38386850979782;56.48636902341241;0.8415016531944275;-0.5401714444160461;-0.00161356118042022;[];
6.3;MPIB4;27.75342743372367;35.499875415781986;-0.85125333070755;-0.5246713161468506;0.0014690335374325514;[];
6.3;MPIB3;51.5;36.5;0.6441983580589294;-0.44455158710479736;0.6223391890525818;[];
6.3;MPIB2;17.978466291008317;42.14129992835953;-0.17987559735774994;-0.29898834228515625;0.9371211528778076;[];
6.3;MPIB1;48.59920858803275;56.48618111090764;0.8386411666870117;-0.5446015000343323;-0.0016080762725323439;[];
6.35;MPIB4;27.75342743372367;35.499875415781986;-0.85125333070755;-0.5246713161468506;0.0014690335374325514;[];
6.35;MPIB3;51.5;36.5;0.6441983580589294;-0.44455158710479736;0.6223391890525818;[];
6.35;MPIB2;17.827809993864093;42.122826560221455;-0.1795758157968521;-0.30401602387428284;0.9355593323707581;[];
6.35;MPIB1;48.81478409557826;56.485993198402866;0.8357573747634888;-0.5490164160728455;-0.0016025466611608863;[];
6.4;MPIB4;27.537613972783827;35.50004453706393;-0.85125333070755;-0.5246713161468506;0.0014690335374325514;[];
6.4;MPIB3;51.5;36.5;0.6441983580589294;-0.44455158710479736;0.6223391890525818;[];
6.4;MPIB2;17.64907587350922;42.09552316615532;-0.16606129705905914;-0.32630735635757446;0.9305310249328613;[];
6.4;MPIB1;49.0304881475422;56.485805285898095;0.8329034447669983;-0.5533362030982971;-0.0015970743261277676;[];
6.45;MPIB4;27.321779968449118;35.50021365834587;-0.85125333070755;-0.5246713161468506;0.0014690335374325514;[];
6.45;MPIB3;51.5;36.5;0.6441983580589294;-0.44455158710479736;0.6223391890525818;[];
6.45;MPIB2;17.551487032460273;42.08061551126363;-0.1505695879459381;-0.3411290943622589;0.9278460144996643;[];
6.45;MPIB1;49.24626238476685;56.485617373393325;0.8299736380577087;-0.5577207207679749;-0.0015914564719423652;[];
6.5;MPIB4;27.321779968449118;35.50021365834587;-0.85125333070755;-0.5246713161468506;0.0014690335374325514;[];
6.5;MPIB3;51.5;36.5;0.6441983580589294;-0.44455158710479736;0.6223391890525818;[];
6.5;MPIB2;17.498203519058507;42.072475930747345;-0.13329719007015228;-0.34608107805252075;0.9286536574363708;[];
6.5;MPIB1;49.46207494314831;56.485429460888554;0.8299736380577087;-0.5577207207679749;-0.0015914564719423652;[];
6.55;MPIB4;27.321779968449118;35.50021365834587;-0.85125333070755;-0.5246713161468506;0.0014690335374325514;[];
6.55;MPIB3;51.5;36.5;0.6441983580589294;-0.44455158710479736;0.6223391890525818;[];
6.55;MPIB2;17.498203519058507;42.072475930747345;-0.11103341728448868;-0.3534461557865143;0.9288078546524048;[];
6.55;MPIB1;49.67790842488375;56.48524154838378;0.8299736380577087;-0.5577207207679749;-0.0015914564719423652;[];
6.6;MPIB4;27.321779968449118;35.50021365834587;-0.85125333070755;-0.5246713161468506;0.0014690335374325514;[];
6.6;MPIB3;51.5;36.5;0.6441983580589294;-0.44455158710479736;0.6223391890525818;[];
6.6;MPIB2;17.45322604579053;42.06803171926924;-0.06707143038511276;-0.3582844138145447;0.9311656951904297;[];
6.6;MPIB1;49.67790842488375;56.48524154838378;0.8299736380577087;-0.5577207207679749;-0.0015914564719423652;[];
6.65;MPIB4;27.321779968449118;35.50021365834587;-0.85125333070755;-0.5246713161468506;0.0014690335374325514;[];
6.65;MPIB3;51.5;36.5;0.6441983580589294;-0.44455158710479736;0.6223391890525818;[];
6.65;MPIB2;17.45322604579053;42.06803171926924;-0.0328078456223011;-0.36078935861587524;0.932035505771637;[];
6.65;MPIB1;49.67790842488375;56.48524154838378;0.8299736380577087;-0.5577207207679749;-0.0015914564719423652;[];
6.7;MPIB4;27.321779968449118;35.50021365834587;-0.85125333070755;-0.5246713161468506;0.0014690335374325514;[];
6.7;MPIB3;51.5;36.5;0.7137311100959778;-0.4816797375679016;0.5084206461906433;[];
6.7;MPIB2;17.45322604579053;42.06803171926924;-0.02065274305641651;-0.36078935861587524;0.9323840141296387;[];
6.7;MPIB1;49.67790842488375;56.48524154838378;0.8255628347396851;-0.5642287731170654;-0.0015829988988116384;[];
6.75;MPIB4;27.321779968449118;35.50021365834587;-0.85125333070755;-0.5246713161468506;0.0014690335374325514;[];
6.75;MPIB3;51.5;36.5;0.8155196309089661;-0.5707020163536072;-0.09558770805597305;[];
6.75;MPIB2;17.45322604579053;42.06803171926924;-0.02065274305641651;-0.36078935861587524;0.9323840141296387;[];
6.75;MPIB1;49.67790842488375;56.48524154838378;0.8255628347396851;-0.5642287731170654;-0.0015829988988116384;[];
6.8;MPIB4;27.321779968449118;35.50021365834587;-0.85125333070755;-0.5246713161468506;0.0014690335374325514;[];
6.8;MPIB3;51.5;36.5;0.6095502376556396;-0.6252336502075195;-0.4872758090496063;[];
6.8;MPIB2;17.45322604579053;42.06803171926924;-0.02065274305641651;-0.36078935861587524;0.9323840141296387;[];
6.8;MPIB1;49.67790842488375;56.48524154838378;0.8255628347396851;-0.5642287731170654;-0.0015829988988116384;[];
6.85;MPIB4;27.321779968449118;35.50021365834587;-0.85125333070755;-0.5246713161468506;0.0014690335374325514;[];
6.85;MPIB3;51.5;36.5;0.5378310084342957;-0.6252336502075195;-0.5654441118240356;[];
6.85;MPIB2;17.45322604579053;42.06803171926924;-0.02065274305641651;-0.36078935861587524;0.9323840141296387;[];
6.85;MPIB1;49.67790842488375;56.48524154838378;0.8255628347396851;-0.5642287731170654;-0.0015829988988116384;[];
6.9;MPIB4;27.321779968449118;35.50021365834587;-0.85125333070755;-0.5246713161468506;0.0014690335374325514;[];
6.9;MPIB3;51.5;36.5;0.5099655389785767;-0.6292657256126404;-0.5864009261131287;[];
6.9;MPIB2;17.45322604579053;42.06803171926924;-0.02065274305641651;-0.36078935861587524;0.9323840141296387;[];
6.9;MPIB1;49.67790842488375;56.48524154838378;0.8255628347396851;-0.5642287731170654;-0.0015829988988116384;[];
6.95;MPIB4;27.321779968449118;35.50021365834587;-0.85125333070755;-0.5246713161468506;0.0014690335374325514;[];
6.95;MPIB3;51.5;36.5;0.5042393207550049;-0.6313498020172119;-0.5891063213348389;[];
6.95;MPIB2;17.45322604579053;42.06803171926924;-0.02065274305641651;-0.36078935861587524;0.9323840141296387;[];
6.95;MPIB1;49.67790842488375;56.48524154838378;0.8255628347396851;-0.5642287731170654;-0.0015829988988116384;[];
7.0;MPIB4;27.321779968449118;35.50021365834587;-0.85125333070755;-0.5246713161468506;0.0014690335374325514;[];
7.0;MPIB3;51.5;36.5;0.4834723174571991;-0.6353562474250793;-0.6020655035972595;[];
7.0;MPIB2;17.45322604579053;42.06803171926924;-0.02065274305641651;-0.36078935861587524;0.9323840141296387;[];
7.0;MPIB1;49.67790842488375;56.48524154838378;0.8255628347396851;-0.5642287731170654;-0.0015829988988116384;[];
7.05;MPIB4;27.321779968449118;35.50021365834587;-0.85125333070755;-0.5246713161468506;0.0014690335374325514;[];
7.05;MPIB3;51.5;36.5;0.4912448823451996;-0.6231363415718079;-0.6085113883018494;[];
7.05;MPIB2;17.45322604579053;42.06803171926924;-0.008378892205655575;-0.3681102991104126;0.9297090768814087;[];
7.05;MPIB1;49.67790842488375;56.48524154838378;0.8255628347396851;-0.5642287731170654;-0.0015829988988116384;[];
7.1;MPIB4;27.321779968449118;35.50021365834587;-0.85125333070755;-0.5246713161468506;0.0014690335374325514;[];
7.1;MPIB3;51.5;36.5;0.5684407353401184;-0.5749456286430359;-0.5884067416191101;[];
7.1;MPIB2;17.45322604579053;42.06803171926924;0.04241291433572769;-0.38259485363960266;0.922905445098877;[];
7.1;MPIB1;49.67790842488375;56.48524154838378;0.8255628347396851;-0.5642287731170654;-0.0015829988988116384;[];
7.15;MPIB4;27.321779968449118;35.50021365834587;-0.85125333070755;-0.5246713161468506;0.0014690335374325514;[];
7.15;MPIB3;51.5;36.5;0.6949369311332703;-0.5157464742660522;-0.5009824633598328;[];
7.15;MPIB2;17.45322604579053;42.06803171926924;0.047278836369514465;-0.38259485363960266;0.9226689338684082;[];
7.15;MPIB1;49.67790842488375;56.48524154838378;0.8255628347396851;-0.5642287731170654;-0.0015829988988116384;[];
7.2;MPIB4;27.321779968449118;35.50021365834587;-0.85125333070755;-0.5246713161468506;0.0014690335374325514;[];
7.2;MPIB3;51.5;36.5;0.758354663848877;-0.48855432868003845;-0.4314292371273041;[];
7.2;MPIB2;17.45322604579053;42.06803171926924;0.047278836369514465;-0.38259485363960266;0.9226689338684082;[];
7.2;MPIB1;49.67790842488375;56.48524154838378;0.8255628347396851;-0.5642287731170654;-0.0015829988988116384;[];
7.25;MPIB4;27.321779968449118;35.50021365834587;-0.85125333070755;-0.5246713161468506;0.0014690335374325514;[];
7.25;MPIB3;51.5;36.5;0.7989317178726196;-0.47021257877349854;-0.37487152218818665;[];
7.25;MPIB2;17.45322604579053;42.06803171926924;0.047278836369514465;-0.38259485363960266;0.9226689338684082;[];
7.25;MPIB1;49.67790842488375;56.48524154838378;0.8255628347396851;-0.5642287731170654;-0.0015829988988116384;[];
7.3;MPIB4;27.321779968449118;35.50021365834587;-0.85125333070755;-0.5246713161468506;0.0014690335374325514;[];
7.3;MPIB3;51.5;36.5;0.8199107050895691;-0.4539734125137329;-0.34867897629737854;[];
7.3;MPIB2;17.45322604579053;42.06803171926924;0.047278836369514465;-0.38259485363960266;0.9226689338684082;[];
7.3;MPIB1;49.67790842488375;56.48524154838378;0.8255628347396851;-0.5642287731170654;-0.0015829988988116384;[];
7.35;MPIB4;27.321779968449118;35.50021365834587;-0.85125333070755;-0.5246713161468506;0.0014690335374325514;[];
7.35;MPIB3;51.5;36.5;0.8239346742630005;-0.44926875829696655;-0.3452712893486023;[];
7.35;MPIB2;17.45322604579053;42.06803171926924;0.047278836369514465;-0.38259485363960266;0.9226689338684082;[];
7.35;MPIB1;49.67790842488375;56.48524154838378;0.8255628347396851;-0.5642287731170654;-0.0015829988988116384;[];
7.4;MPIB4;27.321779968449118;35.50021365834587;-0.85125333070755;-0.5246713161468506;0.0014690335374325514;[];
7.4;MPIB3;51.5;36.5;0.8239346742630005;-0.44926875829696655;-0.3452712893486023;[];
7.4;MPIB2;17.45322604579053;42.06803171926924;0.047278836369514465;-0.38259485363960266;0.9226689338684082;[];
7.4;MPIB1;49.67790842488375;56.48524154838378;0.8255628347396851;-0.5642287731170654;-0.0015829988988116384;[];
7.45;MPIB4;27.30000001192093;35.50359608398472;-0.85125333070755;-0.5246713161468506;0.0014690335374325514;[];
7.45;MPIB3;51.5;36.5;0.8239346742630005;-0.44926875829696655;-0.3452712893486023;[];
7.45;MPIB2;17.45322604579053;42.06803171926924;0.047278836369514465;-0.38259485363960266;0.9226689338684082;[];
7.45;MPIB1;49.67790842488375;56.48524154838378;0.8255628347396851;-0.5642287731170654;-0.0015829988988116384;[];
7.5;MPIB4;27.30000001192093;35.50359608398472;-0.85125333070755;-0.5246713161468506;0.0014690335374325514;[];
7.5;MPIB3;51.5;36.5;0.8239346742630005;-0.44926875829696655;-0.3452712893486023;[];
7.5;MPIB2;17.45322604579053;42.06803171926924;0.047278836369514465;-0.38259485363960266;0.9226689338684082;[];
7.5;MPIB1;49.67790842488375;56.48524154838378;0.8255628347396851;-0.5642287731170654;-0.0015829988988116384;[];
7.55;MPIB4;27.30000001192093;35.50359608398472;-0.85125333070755;-0.5246713161468506;0.0014690335374325514;[];
7.55;MPIB3;51.5;36.5;0.8239346742630005;-0.44926875829696655;-0.3452712893486023;[];
7.55;MPIB2;17.45322604579053;42.06803171926924;0.04236559942364693;-0.3850736916065216;0.9218759536743164;[];
7.55;MPIB1;49.69999998807907;56.48148329828837;0.8255628347396851;-0.5642287731170654;-0.0015829988988116384;[];
7.6;MPIB4;27.30000001192093;35.50359608398472;-0.85125333070755;-0.5246713161468506;0.0014690335374325514;[];
7.6;MPIB3;51.5;36.5;0.8239346742630005;-0.44926875829696655;-0.3452712893486023;[];
7.6;MPIB2;17.439817538254943;42.06803171926924;0.02045244537293911;-0.4019079804420471;0.9154130816459656;[];
7.6;MPIB1;49.69999998807907;56.48148329828837;0.8255628347396851;-0.5642287731170654;-0.0015829988988116384;[];
7.65;MPIB4;27.30000001192093;35.50359608398472;-0.85125333070755;-0.5246713161468506;0.0014690335374325514;[];
7.65;MPIB3;51.5;36.5;0.8239346742630005;-0.44926875829696655;-0.3452712893486023;[];
7.65;MPIB2;17.439817538254943;42.06803171926924;0.015676334500312805;-0.4067308008670807;0.9133745431900024;[];
7.65;MPIB1;49.69999998807907;56.48148329828837;0.8255628347396851;-0.5642287731170654;-0.0015829988988116384;[];
7.7;MPIB4;27.30000001192093;35.50359608398472;-0.85125333070755;-0.5246713161468506;0.0014690335374325514;[];
7.7;MPIB3;51.5;36.5;0.8239346742630005;-0.44926875829696655;-0.3452712893486023;[];
7.7;MPIB2;17.439817538254943;42.06803171926924;0.015676334500312805;-0.4067308008670807;0.9133745431900024;[];
7.7;MPIB1;49.69999998807907;56.48148329828837;0.8255628347396851;-0.5642287731170654;-0.0015829988988116384;[];
7.75;MPIB4;27.30000001192093;35.50359608398472;-0.85125333070755;-0.5246713161468506;0.0014690335374325514;[];
7.75;MPIB3;51.5;36.5;0.8239346742630005;-0.44926875829696655;-0.3452712893486023;[];
7.75;MPIB2;17.439817538254943;42.06803171926924;0.010834677144885063;-0.4114549458026886;0.9113262295722961;[];
7.75;MPIB1;49.69999998807907;56.48148329828837;0.8255628347396851;-0.5642287731170654;-0.0015829988988116384;[];
7.8;MPIB4;27.30000001192093;35.50359608398472;-0.85125333070755;-0.5246713161468506;0.0014690335374325514;[];
7.8;MPIB3;51.5;36.5;0.8239346742630005;-0.44926875829696655;-0.3452712893486023;[];
7.8;MPIB2;17.440719506065875;42.16602747732588;0.008465656079351902;-0.41381287574768066;0.9102829694747925;[];
7.8;MPIB1;49.69999998807907;56.48148329828837;0.8255628347396851;-0.5642287731170654;-0.0015829988988116384;[];
7.85;MPIB4;27.30000001192093;35.50359608398472;-0.85125333070755;-0.5246713161468506;0.0014690335374325514;[];
7.85;MPIB3;51.5;36.5;0.8239346742630005;-0.44926875829696655;-0.3452712893486023;[];
7.85;MPIB2;17.441367799884688;42.3175309520542;0.006109278183430433;-0.41381287574768066;0.9103018045425415;[];
7.85;MPIB1;49.69999998807907;56.48148329828837;0.8255628347396851;-0.5642287731170654;-0.0015829988988116384;[];
7.9;MPIB4;27.30000001192093;35.50359608398472;-0.85125333070755;-0.5246713161468506;0.0014690335374325514;[];
7.9;MPIB3;51.5;36.5;0.8239346742630005;-0.44926875829696655;-0.3452712893486023;[];
7.9;MPIB2;17.4420160937035;42.49824964347866;0.006109278183430433;-0.41381287574768066;0.9103018045425415;[];
7.9;MPIB1;49.69999998807907;56.48148329828837;0.8255628347396851;-0.5642287731170654;-0.0015829988988116384;[];
7.95;MPIB4;27.30000001192093;35.50359608398472;-0.85125333070755;-0.5246713161468506;0.0014690335374325514;[];
7.95;MPIB3;51.5;36.5;0.8239346742630005;-0.44926875829696655;-0.3452712893486023;[];
7.95;MPIB2;17.442664387522314;42.694919845072036;0.006109278183430433;-0.41381287574768066;0.9103018045425415;[];
7.95;MPIB1;49.69999998807907;56.48148329828837;0.8255628347396851;-0.5642287731170654;-0.0015829988988116384;[];
8.0;MPIB4;27.30000001192093;35.50359608398472;-0.85125333070755;-0.5246713161468506;0.0014690335374325514;[];
8.0;MPIB3;51.5;36.5;0.8239346742630005;-0.44926875829696655;-0.3452712893486023;[];
8.0;MPIB2;17.443312681341126;42.90029957222927;0.006109278183430433;-0.41381287574768066;0.9103018045425415;[];
8.0;MPIB1;49.69999998807907;56.48148329828837;0.8255628347396851;-0.5642287731170654;-0.0015829988988116384;[];
8.05;MPIB4;27.30000001192093;35.50359608398472;-0.85125333070755;-0.5246713161468506;0.0014690335374325514;[];
8.05;MPIB3;51.5;36.5;0.8239346742630005;-0.44926875829696655;-0.3452712893486023;[];
8.05;MPIB2;17.44396097515994;43.11043470089675;0.006109278183430433;-0.41381287574768066;0.9103018045425415;[];
8.05;MPIB1;49.69999998807907;56.48148329828837;0.8255628347396851;-0.5642287731170654;-0.0015829988988116384;[];
8.1;MPIB4;27.30000001192093;35.50359608398472;-0.85125333070755;-0.5246713161468506;0.0014690335374325514;[];
8.1;MPIB3;51.5;36.5;0.8239346742630005;-0.44926875829696655;-0.3452712893486023;[];
8.1;MPIB2;17.444609268978752;43.32316627909037;0.006109278183430433;-0.41381287574768066;0.9103018045425415;[];
8.1;MPIB1;49.69999998807907;56.48148329828837;0.8255628347396851;-0.5642287731170654;-0.0015829988988116384;[];
8.15;MPIB4;27.30000001192093;35.50359608398472;-0.85125333070755;-0.5246713161468506;0.0014690335374325514;[];
8.15;MPIB3;51.5;36.5;0.8239346742630005;-0.44926875829696655;-0.3452712893486023;[];
8.15;MPIB2;17.445257562797565;43.537315518889955;0.006109278183430433;-0.41381287574768066;0.9103018045425415;[];
8.15;MPIB1;49.69999998807907;56.48148329828837;0.8255628347396851;-0.5642287731170654;-0.0015829988988116384;[];
8.2;MPIB4;27.30000001192093;35.50359608398472;-0.85125333070755;-0.5246713161468506;0.0014690335374325514;[];
8.2;MPIB3;51.5;36.5;0.8300392031669617;-0.4399081766605377;-0.3426952064037323;[];
8.2;MPIB2;17.445905856616378;43.75223880201628;0.006109278183430433;-0.41381287574768066;0.9103018045425415;[];
8.2;MPIB1;49.69999998807907;56.48148329828837;0.8255628347396851;-0.5642287731170654;-0.0015829988988116384;[];
8.25;MPIB4;27.20200017094612;35.50647114577774;-0.85125333070755;-0.5246713161468506;0.0014690335374325514;[];
8.25;MPIB3;51.5;36.5;0.8409139513969421;-0.4233904778957367;-0.3369431495666504;[];
8.25;MPIB2;17.44655415043519;43.96758471284812;0.006109278183430433;-0.41381287574768066;0.9103018045425415;[];
8.25;MPIB1;49.69999998807907;56.48148329828837;0.8255628347396851;-0.5642287731170654;-0.0015829988988116384;[];
8.3;MPIB4;27.050492410583985;35.50664026705968;-0.85125333070755;-0.5246713161468506;0.0014690335374325514;[];
8.3;MPIB3;51.5;36.5;0.8448508381843567;-0.41625523567199707;-0.3359851539134979;[];
8.3;MPIB2;17.447202444254003;44.183161378433965;0.006109278183430433;-0.41381287574768066;0.9103018045425415;[];
8.3;MPIB1;49.69999998807907;56.48148329828837;0.8255628347396851;-0.5642287731170654;-0.0015829988988116384;[];
8.35;MPIB4;26.869769322842927;35.50680938834162;-0.85125333070755;-0.5246713161468506;0.0014690335374325514;[];
8.35;MPIB3;51.5;36.5;0.8448508381843567;-0.41625523567199707;-0.3359851539134979;[];
8.35;MPIB2;17.447850738072816;44.398864036130135;0.006109278183430433;-0.41381287574768066;0.9103018045425415;[];
8.35;MPIB1;49.69999998807907;56.48148329828837;0.8255628347396851;-0.5642287731170654;-0.0015829988988116384;[];
8.4;MPIB4;26.869769322842927;35.50680938834162;-0.85125333070755;-0.5246713161468506;0.0014690335374325514;[];
8.4;MPIB3;51.5;36.5;0.8448508381843567;-0.41625523567199707;-0.3359851539134979;[];
8.4;MPIB2;17.44849903189163;44.61463548552652;0.006109278183430433;-0.41381287574768066;0.9103018045425415;[];
8.4;MPIB1;49.797999799251556;56.478288785707264;0.8255628347396851;-0.5642287731170654;-0.0015829988988116384;[];
8.45;MPIB4;26.673094664500162;35.506978509623565;-0.85125333070755;-0.5246713161468506;0.0014690335374325514;[];
8.45;MPIB3;51.5;36.5;0.8448508381843567;-0.41625523567199707;-0.3359851539134979;[];
8.45;MPIB2;17.44914732571044;44.83044449519559;0.006109278183430433;-0.41381287574768066;0.9103018045425415;[];
8.45;MPIB1;49.9495075135394;56.47810087320249;0.8255628347396851;-0.5642287731170654;-0.0015829988988116384;[];
8.5;MPIB4;26.257570811168087;35.50731675218745;-0.85125333070755;-0.5246713161468506;0.0014690335374325514;[];
8.5;MPIB3;51.5;36.5;0.8448508381843567;-0.41625523567199707;-0.3359851539134979;[];
8.5;MPIB2;17.449795619529255;45.04627401277594;0.006109278183430433;-0.41381287574768066;0.9103018045425415;[];
8.5;MPIB1;49.9495075135394;56.47810087320249;0.8255628347396851;-0.5642287731170654;-0.0015829988988116384;[];
8.55;MPIB4;26.04483471537605;35.50748587346939;-0.85125333070755;-0.5246713161468506;0.0014690335374325514;[];
8.55;MPIB3;51.5;36.5;0.8448508381843567;-0.41625523567199707;-0.3359851539134979;[];
8.55;MPIB2;17.450443913348067;45.26211472767713;0.006109278183430433;-0.41381287574768066;0.9103018045425415;[];
8.55;MPIB1;50.326905144854436;56.47772504819295;0.8255628347396851;-0.5642287731170654;-0.0015829988988116384;[];
8.6;MPIB4;25.83068095260721;35.507654994751334;-0.85125333070755;-0.5246713161468506;0.0014690335374325514;[];
8.6;MPIB3;51.5;36.5;0.8448508381843567;-0.41625523567199707;-0.3359851539134979;[];
8.6;MPIB2;17.45109220716688;45.47796155631622;0.006109278183430433;-0.41381287574768066;0.9103018045425415;[];
8.6;MPIB1;50.53228929929878;56.47753713568818;0.8255628347396851;-0.5642287731170654;-0.0015829988988116384;[];
8.65;MPIB4;25.83068095260721;35.507654994751334;-0.85125333070755;-0.5246713161468506;0.0014690335374325514;[];
8.65;MPIB3;51.5;36.5;0.8448508381843567;-0.41625523567199707;-0.3359851539134979;[];
8.65;MPIB2;17.451740500985693;45.6938117230566;0.006109278183430433;-0.41381287574768066;0.9103018045425415;[];
8.65;MPIB1;50.74242887182322;56.47734922318341;0.8255628347396851;-0.5642287731170654;-0.0015829988988116384;[];
8.7;MPIB4;25.4004027052444;35.50799323731522;-0.85125333070755;-0.5246713161468506;0.0014690335374325514;[];
8.7;MPIB3;51.5;36.5;0.8448508381843567;-0.41625523567199707;-0.3359851539134979;[];
8.7;MPIB2;17.452388794804506;45.90966371240049;0.006109278183430433;-0.41381287574768066;0.9103018045425415;[];
8.7;MPIB1;50.95516490292107;56.47716131067864;0.8255628347396851;-0.5642287731170654;-0.0015829988988116384;[];
8.75;MPIB4;25.18482151128145;35.50816235859716;-0.85125333070755;-0.5246713161468506;0.0014690335374325514;[];
8.75;MPIB3;51.5;36.5;0.8448508381843567;-0.41625523567199707;-0.3359851539134979;[];
8.75;MPIB2;17.45303708862332;46.125516696885995;0.006109278183430433;-0.41381287574768066;0.9103018045425415;[];
8.75;MPIB1;51.169318600564566;56.47697339817387;0.8255628347396851;-0.5642287731170654;-0.0015829988988116384;[];
8.8;MPIB4;24.969114324730853;35.508331479879104;-0.85125333070755;-0.5246713161468506;0.0014690335374325514;[];
8.8;MPIB3;51.5;36.5;0.8448508381843567;-0.41625523567199707;-0.3359851539134979;[];
8.8;MPIB2;17.45368538244213;46.3413702247189;0.006109278183430433;-0.41381287574768066;0.9103018045425415;[];
8.8;MPIB1;51.38424634423177;56.4767854856691;0.8255628347396851;-0.5642287731170654;-0.0015829988988116384;[];
8.85;MPIB4;24.75333834621941;35.508500601161046;-0.85125333070755;-0.5246713161468506;0.0014690335374325514;[];
8.85;MPIB3;51.5;36.5;0.8448508381843567;-0.41625523567199707;-0.3359851539134979;[];
8.85;MPIB2;17.454333676260944;46.55722404921951;0.006109278183430433;-0.41381287574768066;0.9103018045425415;[];
8.85;MPIB1;51.59959671707725;56.47659757316433;0.8255628347396851;-0.5642287731170654;-0.0015829988988116384;[];
8.9;MPIB4;24.537524807292986;35.50866972244299;-0.85125333070755;-0.5246713161468506;0.0014690335374325514;[];
8.9;MPIB3;51.5;36.5;0.8448508381843567;-0.41625523567199707;-0.3359851539134979;[];
8.9;MPIB2;17.454981970079757;46.69999998807907;0.006109278183430433;-0.41381287574768066;0.9103018045425415;[];
8.9;MPIB1;51.815177845480775;56.476409660659556;0.8255628347396851;-0.5642287731170654;-0.0015829988988116384;[];
8.95;MPIB4;24.321690760377596;35.50883884372493;-0.85125333070755;-0.5246713161468506;0.0014690335374325514;[];
8.95;MPIB3;51.5;36.5;0.8448508381843567;-0.41625523567199707;-0.3359851539134979;[];
8.95;MPIB2;17.454981970079757;46.69999998807907;0.006109278183430433;-0.41381287574768066;0.9103018045425415;[];
8.95;MPIB1;52.03088496643363;56.476221748154785;0.8255628347396851;-0.5642287731170654;-0.0015829988988116384;[];
9.0;MPIB4;24.321690760377596;35.50883884372493;-0.85125333070755;-0.5246713161468506;0.0014690335374325514;[];
9.0;MPIB3;51.5;36.5;0.8448508381843567;-0.41625523567199707;-0.3359851539134979;[];
9.0;MPIB2;17.454981970079757;46.69999998807907;0.006109278183430433;-0.41381287574768066;0.9103018045425415;[];
9.0;MPIB1;52.24666087932633;56.476033835650014;0.8255628347396851;-0.5642287731170654;-0.0015829988988116384;[];
9.05;MPIB4;24.321690760377596;35.50883884372493;-0.85125333070755;-0.5246713161468506;0.0014690335374325514;[];
9.05;MPIB3;51.5;36.5;0.8487361669540405;-0.4090942442417145;-0.33498841524124146;[];
9.05;MPIB2;17.454981970079757;46.69999998807907;0.006109278183430433;-0.41381287574768066;0.9103018045425415;[];
9.05;MPIB1;52.46247435262262;56.47584592314524;0.8255628347396851;-0.5642287731170654;-0.0015829988988116384;[];
9.1;MPIB4;24.321690760377596;35.50883884372493;-0.85125333070755;-0.5246713161468506;0.0014690335374325514;[];
9.1;MPIB3;51.5;36.5;0.8487361669540405;-0.4090942442417145;-0.33498841524124146;[];
9.1;MPIB2;17.454981970079757;46.69999998807907;0.006109278183430433;-0.41381287574768066;0.9103018045425415;[];
9.1;MPIB1;52.67830833390167;56.47565801064047;0.8255628347396851;-0.5642287731170654;-0.0015829988988116384;[];
9.15;MPIB4;24.321690760377596;35.50883884372493;-0.85125333070755;-0.5246713161468506;0.0014690335374325514;[];
9.15;MPIB3;51.5;36.5;0.8487361669540405;-0.4090942442417145;-0.33498841524124146;[];
9.15;MPIB2;17.454981970079757;46.69999998807907;0.006109278183430433;-0.41381287574768066;0.9103018045425415;[];
9.15;MPIB1;52.67830833390167;56.47565801064047;0.8255628347396851;-0.5642287731170654;-0.0015829988988116384;[];
9.2;MPIB4;24.321690760377596;35.50883884372493;-0.85125333070755;-0.5246713161468506;0.0014690335374325514;[];
9.2;MPIB3;51.5;36.5;0.8487361669540405;-0.4090942442417145;-0.33498841524124146;[];
9.2;MPIB2;17.454981970079757;46.69999998807907;0.006109278183430433;-0.41381287574768066;0.9103018045425415;[];
9.2;MPIB1;52.67830833390167;56.47565801064047;0.8255628347396851;-0.5642287731170654;-0.0015829988988116384;[];
9.25;MPIB4;24.321690760377596;35.50883884372493;-0.85125333070755;-0.5246713161468506;0.0014690335374325514;[];
9.25;MPIB3;51.5;36.5;0.8487361669540405;-0.4090942442417145;-0.33498841524124146;[];
9.25;MPIB2;17.454981970079757;46.69999998807907;0.006109278183430433;-0.41381287574768066;0.9103018045425415;[];
9.25;MPIB1;52.67830833390167;56.47565801064047;0.8255628347396851;-0.5642287731170654;-0.0015829988988116384;[];
9.3;MPIB4;24.321690760377596;35.50883884372493;-0.85125333070755;-0.5246713161468506;0.0014690335374325514;[];
9.3;MPIB3;51.5;36.5;0.8487361669540405;-0.4090942442417145;-0.33498841524124146;[];
9.3;MPIB2;17.454981970079757;46.69999998807907;0.006109278183430433;-0.41381287574768066;0.9103018045425415;[];
9.3;MPIB1;52.67830833390167;56.47565801064047;0.8255628347396851;-0.5642287731170654;-0.0015829988988116384;[];
9.35;MPIB4;24.321690760377596;35.50883884372493;-0.85125333070755;-0.5246713161468506;0.0014690335374325514;[];
9.35;MPIB3;51.5;36.5;0.8487361669540405;-0.4090942442417145;-0.33498841524124146;[];
9.35;MPIB2;17.454981970079757;46.69999998807907;0.006109278183430433;-0.41381287574768066;0.9103018045425415;[];
9.35;MPIB1;52.67830833390167;56.47565801064047;0.8255628347396851;-0.5642287731170654;-0.0015829988988116384;[];
9.4;MPIB4;24.321690760377596;35.50883884372493;-0.85125333070755;-0.5246713161468506;0.0014690335374325514;[];
9.4;MPIB3;51.5;36.5;0.8487361669540405;-0.4090942442417145;-0.33498841524124146;[];
9.4;MPIB2;17.454981970079757;46.69999998807907;0.00608725193887949;-0.42095696926116943;0.9070197939872742;[];
9.4;MPIB1;52.67830833390167;56.47565801064047;0.8255628347396851;-0.5642287731170654;-0.0015829988988116384;[];
9.45;MPIB4;24.321690760377596;35.50883884372493;-0.85125333070755;-0.5246713161468506;0.0014690335374325514;[];
9.45;MPIB3;51.5;36.5;0.8487361669540405;-0.4090942442417145;-0.33498841524124146;[];
9.45;MPIB2;17.454981970079757;46.69999998807907;0.006057113874703646;-0.4304995536804199;0.9025291800498962;[];
9.45;MPIB1;52.67830833390167;56.47565801064047;0.8255628347396851;-0.5642287731170654;-0.0015829988988116384;[];
9.5;MPIB4;24.321690760377596;35.50883884372493;-0.85125333070755;-0.5246713161468506;0.0014690335374325514;[];
9.5;MPIB3;51.5;36.5;0.8487361669540405;-0.4090942442417145;-0.33498841524124146;[];
9.5;MPIB2;17.454981970079757;46.69999998807907;0.00604961346834898;-0.43283456563949585;0.9014115333557129;[];
9.5;MPIB1;52.67830833390167;56.47565801064047;0.8255628347396851;-0.5642287731170654;-0.0015829988988116384;[];
9.55;MPIB4;24.321690760377596;35.50883884372493;-0.85125333070755;-0.5246713161468506;0.0014690335374325514;[];
9.55;MPIB3;51.5;36.5;0.8487361669540405;-0.4090942442417145;-0.33498841524124146;[];
9.55;MPIB2;17.454981970079757;46.69999998807907;0.006026585586369038;-0.4399081766605377;0.8979803919792175;[];
9.55;MPIB1;52.67830833390167;56.47565801064047;0.8255628347396851;-0.5642287731170654;-0.0015829988988116384;[];
9.6;MPIB4;24.321690760377596;35.50883884372493;-0.85125333070755;-0.5246713161468506;0.0014690335374325514;[];
9.6;MPIB3;51.5;36.5;0.8487361669540405;-0.4090942442417145;-0.33498841524124146;[];
9.6;MPIB2;17.454981970079757;46.69999998807907;0.005995399318635464;-0.44926875829696655;0.8933334350585938;[];
9.6;MPIB1;52.67830833390167;56.47565801064047;0.8255628347396851;-0.5642287731170654;-0.0015829988988116384;[];
9.65;MPIB4;24.321690760377596;35.50883884372493;-0.85125333070755;-0.5246713161468506;0.0014690335374325514;[];
9.65;MPIB3;51.5;36.5;0.8487361669540405;-0.4090942442417145;-0.33498841524124146;[];
9.65;MPIB2;17.454981970079757;46.69999998807907;0.005979414097964764;-0.4539734125137329;0.8909516334533691;[];
9.65;MPIB1;52.67830833390167;56.47565801064047;0.8255628347396851;-0.5642287731170654;-0.0015829988988116384;[];
9.7;MPIB4;24.321690760377596;35.50883884372493;-0.85125333070755;-0.5246713161468506;0.0014690335374325514;[];
9.7;MPIB3;51.5;36.5;0.8487361669540405;-0.4090942442417145;-0.33498841524124146;[];
9.7;MPIB2;17.454981970079757;46.69999998807907;0.005979414097964764;-0.4539734125137329;0.8909516334533691;[];
9.7;MPIB1;52.67830833390167;56.47565801064047;0.8255628347396851;-0.5642287731170654;-0.0015829988988116384;[];
9.75;MPIB4;24.321690760377596;35.50883884372493;-0.85125333070755;-0.5246713161468506;0.0014690335374325514;[];
9.75;MPIB3;51.5;36.5;0.8487361669540405;-0.4090942442417145;-0.33498841524124146;[];
9.75;MPIB2;17.454981970079757;46.69999998807907;0.005979414097964764;-0.4539734125137329;0.8909516334533691;[];
9.75;MPIB1;52.67830833390167;56.47565801064047;0.8255628347396851;-0.5642287731170654;-0.0015829988988116384;[];
9.8;MPIB4;24.321690760377596;35.50883884372493;-0.85125333070755;-0.5246713161468506;0.0014690335374325514;[];
9.8;MPIB3;51.5;36.5;0.8487361669540405;-0.4090942442417145;-0.33498841524124146;[];
9.8;MPIB2;17.454981970079757;46.69999998807907;0.005979414097964764;-0.4539734125137329;0.8909516334533691;[];
9.8;MPIB1;52.67830833390167;56.47565801064047;0.8255628347396851;-0.5642287731170654;-0.0015829988988116384;[];
9.85;MPIB4;24.321690760377596;35.50883884372493;-0.85125333070755;-0.5246713161468506;0.0014690335374325514;[];
9.85;MPIB3;51.5;36.5;0.8487361669540405;-0.4090942442417145;-0.33498841524124146;[];
9.85;MPIB2;17.454981970079757;46.69999998807907;0.005979414097964764;-0.4539734125137329;0.8909516334533691;[];
9.85;MPIB1;52.67830833390167;56.47565801064047;0.8255628347396851;-0.5642287731170654;-0.0015829988988116384;[];
9.9;MPIB4;24.321690760377596;35.50883884372493;-0.85125333070755;-0.5246713161468506;0.0014690335374325514;[];
9.9;MPIB3;51.5;36.5;0.8487361669540405;-0.4090942442417145;-0.33498841524124146;[];
9.9;MPIB2;17.467947846456013;46.69999998807907;0.005979414097964764;-0.4539734125137329;0.8909516334533691;[];
9.9;MPIB1;52.67830833390167;56.47565801064047;0.8255628347396851;-0.5642287731170654;-0.0015829988988116384;[];
9.95;MPIB4;24.30000001192093;35.51222126936378;-0.85125333070755;-0.5246713161468506;0.0014690335374325514;[];
9.95;MPIB3;51.5;36.5;0.8487361669540405;-0.4090942442417145;-0.33498841524124146;[];
9.95;MPIB2;17.467947846456013;46.69999998807907;0.005979414097964764;-0.4539734125137329;0.8909516334533691;[];
9.95;MPIB1;52.67830833390167;56.47565801064047;0.8255628347396851;-0.5642287731170654;-0.0015829988988116384;[];
10.0;MPIB4;24.30000001192093;35.51222126936378;-0.85125333070755;-0.5246713161468506;0.0014690335374325514;[];
10.0;MPIB3;51.5;36.5;0.8487361669540405;-0.4090942442417145;-0.33498841524124146;[];
10.0;MPIB2;17.467947846456013;46.69999998807907;0.005979414097964764;-0.4539734125137329;0.8909516334533691;[];
10.0;MPIB1;52.67830833390167;56.47565801064047;0.8255628347396851;-0.5642287731170654;-0.0015829988988116384;[];
10.05;MPIB4;24.30000001192093;35.51222126936378;-0.85125333070755;-0.5246713161468506;0.0014690335374325514;[];
10.05;MPIB3;51.5;36.5;0.8487361669540405;-0.4090942442417145;-0.33498841524124146;[];
10.05;MPIB2;17.467947846456013;46.69999998807907;0.005979414097964764;-0.4539734125137329;0.8909516334533691;[];
10.05;MPIB1;52.67830833390167;56.47565801064047;0.8255628347396851;-0.5642287731170654;-0.0015829988988116384;[];
10.1;MPIB4;24.30000001192093;35.51222126936378;-0.85125333070755;-0.5246713161468506;0.0014690335374325514;[];
10.1;MPIB3;51.5;36.5;0.8231608271598816;-0.42095696926116943;-0.3809570074081421;[];
10.1;MPIB2;17.467947846456013;46.69999998807907;0.005979414097964764;-0.4539734125137329;0.8909516334533691;[];
10.1;MPIB1;52.69999998807907;56.47189976054506;0.8255628347396851;-0.5642287731170654;-0.0015829988988116384;[];
10.15;MPIB4;24.30000001192093;35.51222126936378;-0.85125333070755;-0.5246713161468506;0.0014690335374325514;[];
10.15;MPIB3;51.5;36.5;0.7328008413314819;-0.44926875829696655;-0.5109633803367615;[];
10.15;MPIB2;17.467947846456013;46.69999998807907;0.005979414097964764;-0.4539734125137329;0.8909516334533691;[];
10.15;MPIB1;52.69999998807907;56.47189976054506;0.8255628347396851;-0.5642287731170654;-0.0015829988988116384;[];
10.2;MPIB4;24.30000001192093;35.51222126936378;-0.85125333070755;-0.5246713161468506;0.0014690335374325514;[];
10.2;MPIB3;51.5;36.5;0.6182281374931335;-0.46555230021476746;-0.6332266330718994;[];
10.2;MPIB2;17.467947846456013;46.69999998807907;0.005979414097964764;-0.4539734125137329;0.8909516334533691;[];
10.2;MPIB1;52.69999998807907;56.47189976054506;0.8255628347396851;-0.5642287731170654;-0.0015829988988116384;[];
10.25;MPIB4;24.30000001192093;35.51222126936378;-0.85125333070755;-0.5246713161468506;0.0014690335374325514;[];
10.25;MPIB3;51.5;36.5;0.5339699983596802;-0.46555230021476746;-0.7057322859764099;[];
10.25;MPIB2;17.467947846456013;46.69999998807907;0.005979414097964764;-0.4539734125137329;0.8909516334533691;[];
10.25;MPIB1;52.69999998807907;56.47189976054506;0.8255628347396851;-0.5642287731170654;-0.0015829988988116384;[];
10.3;MPIB4;24.30000001192093;35.51222126936378;-0.85125333070755;-0.5246713161468506;0.0014690335374325514;[];
10.3;MPIB3;51.5;36.5;0.4958493709564209;-0.4539734125137329;-0.7402458786964417;[];
10.3;MPIB2;17.467947846456013;46.69999998807907;0.005979414097964764;-0.4539734125137329;0.8909516334533691;[];
10.3;MPIB1;52.69999998807907;56.47189976054506;0.8255628347396851;-0.5642287731170654;-0.0015829988988116384;[];
10.35;MPIB4;24.30000001192093;35.51222126936378;-0.85125333070755;-0.5246713161468506;0.0014690335374325514;[];
10.35;MPIB3;51.5;36.5;0.4926208555698395;-0.44455158710479736;-0.7480790615081787;[];
10.35;MPIB2;17.467947846456013;46.69999998807907;0.005979414097964764;-0.4539734125137329;0.8909516334533691;[];
10.35;MPIB1;52.69999998807907;56.47189976054506;0.8255628347396851;-0.5642287731170654;-0.0015829988988116384;[];
10.4;MPIB4;24.30000001192093;35.51222126936378;-0.85125333070755;-0.5246713161468506;0.0014690335374325514;[];
10.4;MPIB3;51.5;36.5;0.4735140800476074;-0.4090942442417145;-0.7799710035324097;[];
10.4;MPIB2;17.467947846456013;46.69999998807907;0.005979414097964764;-0.4539734125137329;0.8909516334533691;[];
10.4;MPIB1;52.69999998807907;56.47189976054506;0.8255628347396851;-0.5642287731170654;-0.0015829988988116384;[];
10.45;MPIB4;24.30000001192093;35.51222126936378;-0.85125333070755;-0.5246713161468506;0.0014690335374325514;[];
10.45;MPIB3;51.5;36.5;0.4385683834552765;-0.3411290943622589;-0.8314007520675659;[];
10.45;MPIB2;17.467947846456013;46.69999998807907;0.005979414097964764;-0.4539734125137329;0.8909516334533691;[];
10.45;MPIB1;52.69999998807907;56.47189976054506;0.8255628347396851;-0.5642287731170654;-0.0015829988988116384;[];
10.5;MPIB4;24.30000001192093;35.51222126936378;-0.85125333070755;-0.5246713161468506;0.0014690335374325514;[];
10.5;MPIB3;51.5;36.5;0.44083890318870544;-0.29898834228515625;-0.8462933301925659;[];
10.5;MPIB2;17.467947846456013;46.69999998807907;0.005979414097964764;-0.4539734125137329;0.8909516334533691;[];
10.5;MPIB1;52.69999998807907;56.47189976054506;0.8255628347396851;-0.5642287731170654;-0.0015829988988116384;[];
10.55;MPIB4;24.30000001192093;35.51222126936378;-0.85125333070755;-0.5246713161468506;0.0014690335374325514;[];
10.55;MPIB3;51.5;36.5;0.44651031494140625;-0.2739124894142151;-0.8517921566963196;[];
10.55;MPIB2;17.467947846456013;46.69999998807907;0.005979414097964764;-0.4539734125137329;0.8909516334533691;[];
10.55;MPIB1;52.69999998807907;56.47189976054506;0.8255628347396851;-0.5642287731170654;-0.0015829988988116384;[];
10.6;MPIB4;24.30000001192093;35.51222126936378;-0.85125333070755;-0.5246713161468506;0.0014690335374325514;[];
10.6;MPIB3;51.5;36.5;0.4478153586387634;-0.26384714245796204;-0.8542817234992981;[];
10.6;MPIB2;17.467947846456013;46.69999998807907;0.005979414097964764;-0.4539734125137329;0.8909516334533691;[];
10.6;MPIB1;52.69999998807907;56.47189976054506;0.8255628347396851;-0.5642287731170654;-0.0015829988988116384;[];
10.65;MPIB4;24.30000001192093;35.51222126936378;-0.85125333070755;-0.5246713161468506;0.0014690335374325514;[];
10.65;MPIB3;51.5;36.5;0.4478153586387634;-0.26384714245796204;-0.8542817234992981;[];
10.65;MPIB2;17.467947846456013;46.69999998807907;0.005979414097964764;-0.4539734125137329;0.8909516334533691;[];
10.65;MPIB1;52.69999998807907;56.47189976054506;0.8255628347396851;-0.5642287731170654;-0.0015829988988116384;[];
10.7;MPIB4;24.30000001192093;35.51222126936378;-0.85125333070755;-0.5246713161468506;0.0014690335374325514;[];
10.7;MPIB3;51.5;36.5;0.4478153586387634;-0.26384714245796204;-0.8542817234992981;[];
10.7;MPIB2;17.467947846456013;46.69999998807907;0.005979414097964764;-0.4539734125137329;0.8909516334533691;[];
10.7;MPIB1;52.69999998807907;56.47189976054506;0.8255628347396851;-0.5642287731170654;-0.0015829988988116384;[];
10.75;MPIB4;24.30000001192093;35.51222126936378;-0.85125333070755;-0.5246713161468506;0.0014690335374325514;[];
10.75;MPIB3;51.5;36.5;0.4478153586387634;-0.26384714245796204;-0.8542817234992981;[];
10.75;MPIB2;17.467947846456013;46.69999998807907;0.005979414097964764;-0.4539734125137329;0.8909516334533691;[];
10.75;MPIB1;52.69999998807907;56.47189976054506;0.8255628347396851;-0.5642287731170654;-0.0015829988988116384;[];
10.8;MPIB4;24.30000001192093;35.51222126936378;-0.85125333070755;-0.5246713161468506;0.0014690335374325514;[];
10.8;MPIB3;51.5;36.5;0.4478153586387634;-0.26384714245796204;-0.8542817234992981;[];
10.8;MPIB2;17.467947846456013;46.69999998807907;0.005979414097964764;-0.4539734125137329;0.8909516334533691;[];
10.8;MPIB1;52.69999998807907;56.47189976054506;0.8255628347396851;-0.5642287731170654;-0.0015829988988116384;[];
10.85;MPIB4;24.050492410583985;35.51526545243874;-0.85125333070755;-0.5246713161468506;0.0014690335374325514;[];
10.85;MPIB3;51.5;36.5;0.4478153586387634;-0.26384714245796204;-0.8542817234992981;[];
10.85;MPIB2;17.467947846456013;46.69999998807907;0.005979414097964764;-0.4539734125137329;0.8909516334533691;[];
10.85;MPIB1;52.69999998807907;56.47189976054506;0.8255628347396851;-0.5642287731170654;-0.0015829988988116384;[];
10.9;MPIB4;23.869769322842927;35.51543457372068;-0.85125333070755;-0.5246713161468506;0.0014690335374325514;[];
10.9;MPIB3;51.5;36.5;0.4478153586387634;-0.26384714245796204;-0.8542817234992981;[];
10.9;MPIB2;17.48091372283227;46.69999998807907;0.005979414097964764;-0.4539734125137329;0.8909516334533691;[];
10.9;MPIB1;52.69999998807907;56.47189976054506;0.8255628347396851;-0.5642287731170654;-0.0015829988988116384;[];
10.95;MPIB4;23.869769322842927;35.51543457372068;-0.85125333070755;-0.5246713161468506;0.0014690335374325514;[];
10.95;MPIB3;51.5;36.5;0.4478153586387634;-0.26384714245796204;-0.8542817234992981;[];
10.95;MPIB2;17.48091372283227;46.69999998807907;0.005979414097964764;-0.4539734125137329;0.8909516334533691;[];
10.95;MPIB1;52.797999799251556;56.46870524796395;0.8255628347396851;-0.5642287731170654;-0.0015829988988116384;[];
11.0;MPIB4;23.467710447597227;35.51577281628457;-0.85125333070755;-0.5246713161468506;0.0014690335374325514;[];
11.0;MPIB3;51.5;36.5;0.4478153586387634;-0.26384714245796204;-0.8542817234992981;[];
11.0;MPIB2;17.48091372283227;46.69999998807907;0.005979414097964764;-0.4539734125137329;0.8909516334533691;[];
11.0;MPIB1;52.9495075135394;56.46851733545918;0.8255628347396851;-0.5642287731170654;-0.0015829988988116384;[];
11.05;MPIB4;23.467710447597227;35.51577281628457;-0.85125333070755;-0.5246713161468506;0.0014690335374325514;[];
11.05;MPIB3;51.5;36.5;0.4478153586387634;-0.26384714245796204;-0.8542817234992981;[];
11.05;MPIB2;17.48091372283227;46.69999998807907;0.005979414097964764;-0.4539734125137329;0.8909516334533691;[];
11.05;MPIB1;53.13023054632163;56.46832942295441;0.8255628347396851;-0.5642287731170654;-0.0015829988988116384;[];
11.1;MPIB4;23.257570811168087;35.51594193756651;-0.85125333070755;-0.5246713161468506;0.0014690335374325514;[];
11.1;MPIB3;51.5;36.5;0.4478153586387634;-0.26384714245796204;-0.8542817234992981;[];
11.1;MPIB2;17.48091372283227;46.69999998807907;0.005979414097964764;-0.4539734125137329;0.8909516334533691;[];
11.1;MPIB1;53.326905144854436;56.46814151044964;0.8255628347396851;-0.5642287731170654;-0.0015829988988116384;[];
11.15;MPIB4;22.83068095260721;35.516280180130394;-0.85125333070755;-0.5246713161468506;0.0014690335374325514;[];
11.15;MPIB3;51.5;36.5;0.4478153586387634;-0.26384714245796204;-0.8542817234992981;[];
11.15;MPIB2;17.48091372283227;46.69999998807907;0.005979414097964764;-0.4539734125137329;0.8909516334533691;[];
11.15;MPIB1;53.53228929929878;56.46795359794487;0.8255628347396851;-0.5642287731170654;-0.0015829988988116384;[];
11.2;MPIB4;22.615753143579123;35.51644930141234;-0.85125333070755;-0.5246713161468506;0.0014690335374325514;[];
11.2;MPIB3;51.5;36.5;0.4478153586387634;-0.26384714245796204;-0.8542817234992981;[];
11.2;MPIB2;17.48091372283227;46.69999998807907;0.005979414097964764;-0.4539734125137329;0.8909516334533691;[];
11.2;MPIB1;53.74242887182322;56.4677656854401;0.8255628347396851;-0.5642287731170654;-0.0015829988988116384;[];
11.25;MPIB4;22.4004027052444;35.51661842269428;-0.85125333070755;-0.5246713161468506;0.0014690335374325514;[];
11.25;MPIB3;51.5;36.5;0.4478153586387634;-0.26384714245796204;-0.8542817234992981;[];
11.25;MPIB2;17.48091372283227;46.69999998807907;0.005979414097964764;-0.4539734125137329;0.8909516334533691;[];
11.25;MPIB1;53.95516490292107;56.46757777293533;0.8255628347396851;-0.5642287731170654;-0.0015829988988116384;[];
11.3;MPIB4;22.4004027052444;35.51661842269428;-0.85125333070755;-0.5246713161468506;0.0014690335374325514;[];
11.3;MPIB3;51.5;36.5;0.4478153586387634;-0.26384714245796204;-0.8542817234992981;[];
11.3;MPIB2;17.48091372283227;46.69999998807907;0.005979414097964764;-0.4539734125137329;0.8909516334533691;[];
11.3;MPIB1;54.169318600564566;56.46738986043056;0.8255628347396851;-0.5642287731170654;-0.0015829988988116384;[];
11.35;MPIB4;22.4004027052444;35.51661842269428;-0.85125333070755;-0.5246713161468506;0.0014690335374325514;[];
11.35;MPIB3;51.5;36.5;0.4478153586387634;-0.26384714245796204;-0.8542817234992981;[];
11.35;MPIB2;17.48091372283227;46.69999998807907;0.005979414097964764;-0.4539734125137329;0.8909516334533691;[];
11.35;MPIB1;54.38424634423177;56.46720194792579;0.8255628347396851;-0.5642287731170654;-0.0015829988988116384;[];
11.4;MPIB4;21.75333834621941;35.517125786540106;-0.85125333070755;-0.5246713161468506;0.0014690335374325514;[];
11.4;MPIB3;51.5;36.5;0.4478153586387634;-0.26384714245796204;-0.8542817234992981;[];
11.4;MPIB2;17.48091372283227;46.69999998807907;0.005979414097964764;-0.4539734125137329;0.8909516334533691;[];
11.4;MPIB1;54.59959671707725;56.467014035421016;0.8255628347396851;-0.5642287731170654;-0.0015829988988116384;[];
11.45;MPIB4;21.537524807292986;35.51729490782205;-0.85125333070755;-0.5246713161468506;0.0014690335374325514;[];
11.45;MPIB3;51.5;36.5;0.4478153586387634;-0.26384714245796204;-0.8542817234992981;[];
11.45;MPIB2;17.48091372283227;46.69999998807907;0.005979414097964764;-0.4539734125137329;0.8909516334533691;[];
11.45;MPIB1;54.815177845480775;56.466826122916245;0.8255628347396851;-0.5642287731170654;-0.0015829988988116384;[];
11.5;MPIB4;21.321690760377596;35.51746402910399;-0.85125333070755;-0.5246713161468506;0.0014690335374325514;[];
11.5;MPIB3;51.5;36.5;0.4478153586387634;-0.26384714245796204;-0.8542817234992981;[];
11.5;MPIB2;17.48091372283227;46.69999998807907;0.005979414097964764;-0.4539734125137329;0.8909516334533691;[];
11.5;MPIB1;55.03088496643363;56.466638210411475;0.8255628347396851;-0.5642287731170654;-0.0015829988988116384;[];
11.55;MPIB4;21.321690760377596;35.51746402910399;-0.85125333070755;-0.5246713161468506;0.0014690335374325514;[];
11.55;MPIB3;51.5;36.5;0.4478153586387634;-0.26384714245796204;-0.8542817234992981;[];
11.55;MPIB2;17.48091372283227;46.69999998807907;0.005979414097964764;-0.4539734125137329;0.8909516334533691;[];
11.55;MPIB1;55.24666087932633;56.466450297906704;0.8255628347396851;-0.5642287731170654;-0.0015829988988116384;[];
11.6;MPIB4;21.321690760377596;35.51746402910399;-0.85125333070755;-0.5246713161468506;0.0014690335374325514;[];
11.6;MPIB3;51.5;36.5;0.4478153586387634;-0.26384714245796204;-0.8542817234992981;[];
11.6;MPIB2;17.48091372283227;46.69999998807907;0.005979414097964764;-0.4539734125137329;0.8909516334533691;[];
11.6;MPIB1;55.46247435262262;56.46626238540193;0.8255628347396851;-0.5642287731170654;-0.0015829988988116384;[];
11.65;MPIB4;21.321690760377596;35.51746402910399;-0.85125333070755;-0.5246713161468506;0.0014690335374325514;[];
11.65;MPIB3;51.5;36.5;0.4478153586387634;-0.26384714245796204;-0.8542817234992981;[];
11.65;MPIB2;17.48091372283227;46.69999998807907;0.005979414097964764;-0.4539734125137329;0.8909516334533691;[];
11.65;MPIB1;55.67830833390167;56.46607447289716;0.8255628347396851;-0.5642287731170654;-0.0015829988988116384;[];
11.7;MPIB4;21.321690760377596;35.51746402910399;-0.85125333070755;-0.5246713161468506;0.0014690335374325514;[];
11.7;MPIB3;51.5;36.5;0.4478153586387634;-0.26384714245796204;-0.8542817234992981;[];
11.7;MPIB2;17.491286423933275;46.797997772693634;0.005979414097964764;-0.4539734125137329;0.8909516334533691;[];
11.7;MPIB1;55.67830833390167;56.46607447289716;0.8255628347396851;-0.5642287731170654;-0.0015829988988116384;[];
11.75;MPIB4;21.321690760377596;35.51746402910399;-0.85125333070755;-0.5246713161468506;0.0014690335374325514;[];
11.75;MPIB3;51.5;36.5;0.4478153586387634;-0.26384714245796204;-0.8542817234992981;[];
11.75;MPIB2;17.491934717752088;46.949502353922696;0.005979414097964764;-0.4539734125137329;0.8909516334533691;[];
11.75;MPIB1;55.67830833390167;56.46607447289716;0.8255628347396851;-0.5642287731170654;-0.0015829988988116384;[];
11.8;MPIB4;21.321690760377596;35.51746402910399;-0.85125333070755;-0.5246713161468506;0.0014690335374325514;[];
11.8;MPIB3;51.5;36.5;0.4478153586387634;-0.26384714245796204;-0.8542817234992981;[];
11.8;MPIB2;17.4925830115709;47.13022164949666;0.005979414097964764;-0.4539734125137329;0.8909516334533691;[];
11.8;MPIB1;55.67830833390167;56.46607447289716;0.8255628347396851;-0.5642287731170654;-0.0015829988988116384;[];
11.85;MPIB4;21.321690760377596;35.51746402910399;-0.85125333070755;-0.5246713161468506;0.0014690335374325514;[];
11.85;MPIB3;51.5;36.5;0.4478153586387634;-0.26384714245796204;-0.8542817234992981;[];
11.85;MPIB2;17.493231305389713;47.326892180955696;0.005979414097964764;-0.4539734125137329;0.8909516334533691;[];
11.85;MPIB1;55.67830833390167;56.46607447289716;0.8255628347396851;-0.5642287731170654;-0.0015829988988116384;[];
11.9;MPIB4;21.321690760377596;35.51746402910399;-0.85125333070755;-0.5246713161468506;0.0014690335374325514;[];
11.9;MPIB3;51.5;36.5;0.4478153586387634;-0.26384714245796204;-0.8542817234992981;[];
11.9;MPIB2;17.493879599208526;47.5322720882196;0.005979414097964764;-0.4539734125137329;0.8909516334533691;[];
11.9;MPIB1;55.67830833390167;56.46607447289716;0.8255628347396851;-0.5642287731170654;-0.0015829988988116384;[];
11.95;MPIB4;21.321690760377596;35.51746402910399;-0.85125333070755;-0.5246713161468506;0.0014690335374325514;[];
11.95;MPIB3;51.5;36.5;0.4478153586387634;-0.26384714245796204;-0.8542817234992981;[];
11.95;MPIB2;17.49452789302734;47.74240731522531;0.005979414097964764;-0.4539734125137329;0.8909516334533691;[];
11.95;MPIB1;55.67830833390167;56.46607447289716;0.8255628347396851;-0.5642287731170654;-0.0015829988988116384;[];
12.0;MPIB4;21.321690760377596;35.51746402910399;-0.85125333070755;-0.5246713161468506;0.0014690335374325514;[];
12.0;MPIB3;51.5;36.5;0.4478153586387634;-0.26384714245796204;-0.8542817234992981;[];
12.0;MPIB2;17.49517618684615;47.955138947111635;0.005979414097964764;-0.4539734125137329;0.8909516334533691;[];
12.0;MPIB1;55.67830833390167;56.46607447289716;0.8255628347396851;-0.5642287731170654;-0.0015829988988116384;[];
12.05;MPIB4;21.321690760377596;35.51746402910399;-0.85125333070755;-0.5246713161468506;0.0014690335374325514;[];
12.05;MPIB3;51.5;36.5;0.4478153586387634;-0.26384714245796204;-0.8542817234992981;[];
12.05;MPIB2;17.495824480664965;48.16928821622744;0.005979414097964764;-0.4539734125137329;0.8909516334533691;[];
12.05;MPIB1;55.67830833390167;56.46607447289716;0.8255628347396851;-0.5642287731170654;-0.0015829988988116384;[];
12.1;MPIB4;21.321690760377596;35.51746402910399;-0.85125333070755;-0.5246713161468506;0.0014690335374325514;[];
12.1;MPIB3;51.5;36.5;0.4478153586387634;-0.26384714245796204;-0.8542817234992981;[];
12.1;MPIB2;17.496472774483777;48.38421151536045;0.005979414097964764;-0.4539734125137329;0.8909516334533691;[];
12.1;MPIB1;55.67830833390167;56.46607447289716;0.8255628347396851;-0.5642287731170654;-0.0015829988988116384;[];
12.15;MPIB4;21.321690760377596;35.51746402910399;-0.85125333070755;-0.5246713161468506;0.0014690335374325514;[];
12.15;MPIB3;51.5;36.5;0.4478153586387634;-0.26384714245796204;-0.8542817234992981;[];
12.15;MPIB2;17.49712106830259;48.59955743493191;0.005979414097964764;-0.4539734125137329;0.8909516334533691;[];
12.15;MPIB1;55.67830833390167;56.46607447289716;0.8255628347396851;-0.5642287731170654;-0.0015829988988116384;[];
12.2;MPIB4;21.321690760377596;35.51746402910399;-0.85125333070755;-0.5246713161468506;0.0014690335374325514;[];
12.2;MPIB3;51.5;36.5;0.4478153586387634;-0.26384714245796204;-0.8542817234992981;[];
12.2;MPIB2;17.497769362121403;48.81513410528959;0.005979414097964764;-0.4539734125137329;0.8909516334533691;[];
12.2;MPIB1;55.67830833390167;56.46607447289716;0.8255628347396851;-0.5642287731170654;-0.0015829988988116384;[];
12.25;MPIB4;21.321690760377596;35.51746402910399;-0.85125333070755;-0.5246713161468506;0.0014690335374325514;[];
12.25;MPIB3;51.5;36.5;0.4478153586387634;-0.26384714245796204;-0.8542817234992981;[];
12.25;MPIB2;17.498417655940216;49.030836765591175;0.005979414097964764;-0.4539734125137329;0.8909516334533691;[];
12.25;MPIB1;55.67830833390167;56.46607447289716;0.8255628347396851;-0.5642287731170654;-0.0015829988988116384;[];
12.3;MPIB4;21.321690760377596;35.51746402910399;-0.85125333070755;-0.5246713161468506;0.0014690335374325514;[];
12.3;MPIB3;51.5;36.5;0.4478153586387634;-0.26384714245796204;-0.8542817234992981;[];
12.3;MPIB2;17.49906594975903;49.246608216410124;0.005979414097964764;-0.4539734125137329;0.8909516334533691;[];
12.3;MPIB1;55.67830833390167;56.46607447289716;0.8255628347396851;-0.5642287731170654;-0.0015829988988116384;[];
12.35;MPIB4;21.321690760377596;35.51746402910399;-0.85125333070755;-0.5246713161468506;0.0014690335374325514;[];
12.35;MPIB3;51.5;36.5;0.4478153586387634;-0.26384714245796204;-0.8542817234992981;[];
12.35;MPIB2;17.49971424357784;49.462417226855905;0.005979414097964764;-0.4539734125137329;0.8909516334533691;[];
12.35;MPIB1;55.67830833390167;56.46607447289716;0.8255628347396851;-0.5642287731170654;-0.0015829988988116384;[];
12.4;MPIB4;21.321690760377596;35.51746402910399;-0.85125333070755;-0.5246713161468506;0.0014690335374325514;[];
12.4;MPIB3;51.5;36.5;0.4478153586387634;-0.26384714245796204;-0.8542817234992981;[];
12.4;MPIB2;17.500362537396654;49.67824674486033;0.005979414097964764;-0.4539734125137329;0.8909516334533691;[];
12.4;MPIB1;55.67830833390167;56.46607447289716;0.8255628347396851;-0.5642287731170654;-0.0015829988988116384;[];
12.45;MPIB4;21.321690760377596;35.51746402910399;-0.85125333070755;-0.5246713161468506;0.0014690335374325514;[];
12.45;MPIB3;51.5;36.5;0.4478153586387634;-0.26384714245796204;-0.8542817234992981;[];
12.45;MPIB2;17.500362537396654;49.67824674486033;0.005979414097964764;-0.4539734125137329;0.8909516334533691;[];
12.45;MPIB1;55.67830833390167;56.46607447289716;0.8255628347396851;-0.5642287731170654;-0.0015829988988116384;[];
12.5;MPIB4;21.321690760377596;35.51746402910399;-0.85125333070755;-0.5246713161468506;0.0014690335374325514;[];
12.5;MPIB3;51.5;36.5;0.4478153586387634;-0.26384714245796204;-0.8542817234992981;[];
12.5;MPIB2;17.500362537396654;49.67824674486033;0.005979414097964764;-0.4539734125137329;0.8909516334533691;[];
12.5;MPIB1;55.67830833390167;56.46607447289716;0.8255628347396851;-0.5642287731170654;-0.0015829988988116384;[];
12.55;MPIB4;21.30000001192093;35.52084645474284;-0.85125333070755;-0.5246713161468506;0.0014690335374325514;[];
12.55;MPIB3;51.5;36.5;0.4478153586387634;-0.26384714245796204;-0.8542817234992981;[];
12.55;MPIB2;17.500362537396654;49.67824674486033;0.005979414097964764;-0.4539734125137329;0.8909516334533691;[];
12.55;MPIB1;55.67830833390167;56.46607447289716;0.8255628347396851;-0.5642287731170654;-0.0015829988988116384;[];
12.6;MPIB4;21.30000001192093;35.52084645474284;-0.85125333070755;-0.5246713161468506;0.0014690335374325514;[];
12.6;MPIB3;51.5;36.5;0.4478153586387634;-0.26384714245796204;-0.8542817234992981;[];
12.6;MPIB2;17.500362537396654;49.67824674486033;0.005979414097964764;-0.4539734125137329;0.8909516334533691;[];
12.6;MPIB1;55.67830833390167;56.46607447289716;0.8255628347396851;-0.5642287731170654;-0.0015829988988116384;[];
12.65;MPIB4;21.30000001192093;35.52084645474284;-0.85125333070755;-0.5246713161468506;0.0014690335374325514;[];
12.65;MPIB3;51.5;36.5;0.4478153586387634;-0.26384714245796204;-0.8542817234992981;[];
12.65;MPIB2;17.500362537396654;49.67824674486033;0.005979414097964764;-0.4539734125137329;0.8909516334533691;[];
12.65;MPIB1;55.69999998807907;56.462316222801746;0.8255628347396851;-0.5642287731170654;-0.0015829988988116384;[];
12.7;MPIB4;21.30000001192093;35.52084645474284;-0.85125333070755;-0.5246713161468506;0.0014690335374325514;[];
12.7;MPIB3;51.5;36.5;0.4478153586387634;-0.26384714245796204;-0.8542817234992981;[];
12.7;MPIB2;17.500362537396654;49.67824674486033;0.005979414097964764;-0.4539734125137329;0.8909516334533691;[];
12.7;MPIB1;55.69999998807907;56.462316222801746;0.8255628347396851;-0.5642287731170654;-0.0015829988988116384;[];
12.75;MPIB4;21.30000001192093;35.52084645474284;-0.85125333070755;-0.5246713161468506;0.0014690335374325514;[];
12.75;MPIB3;51.5;36.5;0.4478153586387634;-0.26384714245796204;-0.8542817234992981;[];
12.75;MPIB2;17.500362537396654;49.67824674486033;0.005979414097964764;-0.4539734125137329;0.8909516334533691;[];
12.75;MPIB1;55.69999998807907;56.462316222801746;0.8255628347396851;-0.5642287731170654;-0.0015829988988116384;[];
12.8;MPIB4;21.30000001192093;35.52084645474284;-0.85125333070755;-0.5246713161468506;0.0014690335374325514;[];
12.8;MPIB3;51.5;36.5;0.4478153586387634;-0.26384714245796204;-0.8542817234992981;[];
12.8;MPIB2;17.500362537396654;49.67824674486033;0.005979414097964764;-0.4539734125137329;0.8909516334533691;[];
12.8;MPIB1;55.69999998807907;56.462316222801746;0.8255628347396851;-0.5642287731170654;-0.0015829988988116384;[];
12.85;MPIB4;21.30000001192093;35.52084645474284;-0.85125333070755;-0.5246713161468506;0.0014690335374325514;[];
12.85;MPIB3;51.5;36.5;0.4478153586387634;-0.26384714245796204;-0.8542817234992981;[];
12.85;MPIB2;17.500362537396654;49.67824674486033;0.005979414097964764;-0.4539734125137329;0.8909516334533691;[];
12.85;MPIB1;55.69999998807907;56.462316222801746;0.8255628347396851;-0.5642287731170654;-0.0015829988988116384;[];
12.9;MPIB4;21.30000001192093;35.52084645474284;-0.85125333070755;-0.5246713161468506;0.0014690335374325514;[];
12.9;MPIB3;51.5;36.5;0.4478153586387634;-0.26384714245796204;-0.8542817234992981;[];
12.9;MPIB2;17.500362537396654;49.67824674486033;0.005979414097964764;-0.4539734125137329;0.8909516334533691;[];
12.9;MPIB1;55.69999998807907;56.462316222801746;0.8255628347396851;-0.5642287731170654;-0.0015829988988116384;[];
12.95;MPIB4;21.30000001192093;35.52084645474284;-0.85125333070755;-0.5246713161468506;0.0014690335374325514;[];
12.95;MPIB3;51.5;36.5;0.4478153586387634;-0.26384714245796204;-0.8542817234992981;[];
12.95;MPIB2;17.500362537396654;49.67824674486033;0.005979414097964764;-0.4539734125137329;0.8909516334533691;[];
12.95;MPIB1;55.69999998807907;56.462316222801746;0.8255628347396851;-0.5642287731170654;-0.0015829988988116384;[];
13.0;MPIB4;21.30000001192093;35.52084645474284;-0.85125333070755;-0.5246713161468506;0.0014690335374325514;[];
13.0;MPIB3;51.5;36.5;0.4478153586387634;-0.26384714245796204;-0.8542817234992981;[];
13.0;MPIB2;17.500362537396654;49.67824674486033;0.005979414097964764;-0.4539734125137329;0.8909516334533691;[];
13.0;MPIB1;55.69999998807907;56.462316222801746;0.8255628347396851;-0.5642287731170654;-0.0015829988988116384;[];
13.05;MPIB4;21.30000001192093;35.52084645474284;-0.85125333070755;-0.5246713161468506;0.0014690335374325514;[];
13.05;MPIB3;51.5;36.5;0.4478153586387634;-0.26384714245796204;-0.8542817234992981;[];
13.05;MPIB2;17.500362537396654;49.67824674486033;0.005979414097964764;-0.4539734125137329;0.8909516334533691;[];
13.05;MPIB1;55.69999998807907;56.462316222801746;0.8255628347396851;-0.5642287731170654;-0.0015829988988116384;[];
13.1;MPIB4;21.30000001192093;35.52084645474284;-0.85125333070755;-0.5246713161468506;0.0014690335374325514;[];
13.1;MPIB3;51.5;36.5;0.4478153586387634;-0.26384714245796204;-0.8542817234992981;[];
13.1;MPIB2;17.500362537396654;49.67824674486033;0.005979414097964764;-0.4539734125137329;0.8909516334533691;[];
13.1;MPIB1;55.69999998807907;56.462316222801746;0.8255628347396851;-0.5642287731170654;-0.0015829988988116384;[];
13.15;MPIB4;21.30000001192093;35.52084645474284;-0.85125333070755;-0.5246713161468506;0.0014690335374325514;[];
13.15;MPIB3;51.5;36.5;0.4478153586387634;-0.26384714245796204;-0.8542817234992981;[];
13.15;MPIB2;17.500362537396654;49.67824674486033;0.005979414097964764;-0.4539734125137329;0.8909516334533691;[];
13.15;MPIB1;55.69999998807907;56.462316222801746;0.8255628347396851;-0.5642287731170654;-0.0015829988988116384;[];
13.2;MPIB4;21.30000001192093;35.52084645474284;-0.85125333070755;-0.5246713161468506;0.0014690335374325514;[];
13.2;MPIB3;51.5;36.5;0.4478153586387634;-0.26384714245796204;-0.8542817234992981;[];
13.2;MPIB2;17.500362537396654;49.67824674486033;0.005979414097964764;-0.4539734125137329;0.8909516334533691;[];
13.2;MPIB1;55.69999998807907;56.462316222801746;0.8255628347396851;-0.5642287731170654;-0.0015829988988116384;[];
13.25;MPIB4;21.30000001192093;35.52084645474284;-0.85125333070755;-0.5246713161468506;0.0014690335374325514;[];
13.25;MPIB3;51.5;36.5;0.4478153586387634;-0.26384714245796204;-0.8542817234992981;[];
13.25;MPIB2;17.500362537396654;49.67824674486033;0.005979414097964764;-0.4539734125137329;0.8909516334533691;[];
13.25;MPIB1;55.69999998807907;56.462316222801746;0.8255628347396851;-0.5642287731170654;-0.0015829988988116384;[];
13.3;MPIB4;21.30000001192093;35.52084645474284;-0.85125333070755;-0.5246713161468506;0.0014690335374325514;[];
13.3;MPIB3;51.5;36.5;0.4713374078273773;-0.25375300645828247;-0.8446321487426758;[];
13.3;MPIB2;17.500362537396654;49.67824674486033;0.005979414097964764;-0.4539734125137329;0.8909516334533691;[];
13.3;MPIB1;55.69999998807907;56.462316222801746;0.8255628347396851;-0.5642287731170654;-0.0015829988988116384;[];
13.35;MPIB4;21.30000001192093;35.52084645474284;-0.85125333070755;-0.5246713161468506;0.0014690335374325514;[];
13.35;MPIB3;51.5;36.5;0.4713374078273773;-0.25375300645828247;-0.8446321487426758;[];
13.35;MPIB2;17.500362537396654;49.67824674486033;0.005979414097964764;-0.4539734125137329;0.8909516334533691;[];
13.35;MPIB1;55.69999998807907;56.462316222801746;0.8255628347396851;-0.5642287731170654;-0.0015829988988116384;[];
13.4;MPIB4;21.050492410583985;35.5238906378178;-0.85125333070755;-0.5246713161468506;0.0014690335374325514;[];
13.4;MPIB3;51.5;36.5;0.4713374078273773;-0.25375300645828247;-0.8446321487426758;[];
13.4;MPIB2;17.51332841377291;49.69999998807907;0.005979414097964764;-0.4539734125137329;0.8909516334533691;[];
13.4;MPIB1;55.69999998807907;56.462316222801746;0.8255628347396851;-0.5642287731170654;-0.0015829988988116384;[];
13.45;MPIB4;20.869769322842927;35.52405975909974;-0.85125333070755;-0.5246713161468506;0.0014690335374325514;[];
13.45;MPIB3;51.5;36.5;0.4713374078273773;-0.25375300645828247;-0.8446321487426758;[];
13.45;MPIB2;17.51332841377291;49.69999998807907;0.005979414097964764;-0.4539734125137329;0.8909516334533691;[];
13.45;MPIB1;55.69999998807907;56.462316222801746;0.8255628347396851;-0.5642287731170654;-0.0015829988988116384;[];
13.5;MPIB4;20.673094664500162;35.524228880381685;-0.85125333070755;-0.5246713161468506;0.0014690335374325514;[];
13.5;MPIB3;51.5;36.5;0.4713374078273773;-0.25375300645828247;-0.8446321487426758;[];
13.5;MPIB2;17.51332841377291;49.69999998807907;0.005979414097964764;-0.4539734125137329;0.8909516334533691;[];
13.5;MPIB1;55.797999799251556;56.45912171022064;0.8255628347396851;-0.5642287731170654;-0.0015829988988116384;[];
13.55;MPIB4;20.467710447597227;35.52439800166363;-0.85125333070755;-0.5246713161468506;0.0014690335374325514;[];
13.55;MPIB3;51.5;36.5;0.4713374078273773;-0.25375300645828247;-0.8446321487426758;[];
13.55;MPIB2;17.51332841377291;49.69999998807907;0.005979414097964764;-0.4539734125137329;0.8909516334533691;[];
13.55;MPIB1;55.9495075135394;56.45893379771587;0.8255628347396851;-0.5642287731170654;-0.0015829988988116384;[];
13.6;MPIB4;20.257570811168087;35.52456712294557;-0.85125333070755;-0.5246713161468506;0.0014690335374325514;[];
13.6;MPIB3;51.5;36.5;0.4713374078273773;-0.25375300645828247;-0.8446321487426758;[];
13.6;MPIB2;17.51332841377291;49.69999998807907;0.005979414097964764;-0.4539734125137329;0.8909516334533691;[];
13.6;MPIB1;56.13023054632163;56.4587458852111;0.8255628347396851;-0.5642287731170654;-0.0015829988988116384;[];
13.65;MPIB4;20.257570811168087;35.52456712294557;-0.85125333070755;-0.5246713161468506;0.0014690335374325514;[];
13.65;MPIB3;51.5;36.5;0.4713374078273773;-0.25375300645828247;-0.8446321487426758;[];
13.65;MPIB2;17.51332841377291;49.69999998807907;0.005979414097964764;-0.4539734125137329;0.8909516334533691;[];
13.65;MPIB1;56.326905144854436;56.45855797270633;0.8255628347396851;-0.5642287731170654;-0.0015829988988116384;[];
13.7;MPIB4;19.83068095260721;35.524905365509454;-0.85125333070755;-0.5246713161468506;0.0014690335374325514;[];
13.7;MPIB3;51.5;36.5;0.30235016345977783;-0.25375300645828247;-0.9187746047973633;[];
13.7;MPIB2;17.51332841377291;49.69999998807907;0.005979414097964764;-0.4539734125137329;0.8909516334533691;[];
13.7;MPIB1;56.53228929929878;56.45837006020156;0.8255628347396851;-0.5642287731170654;-0.0015829988988116384;[];
13.75;MPIB4;19.615753143579123;35.5250744867914;-0.85125333070755;-0.5246713161468506;0.0014690335374325514;[];
13.75;MPIB3;51.5;36.5;-0.31881242990493774;-0.2612568736076355;-0.911073625087738;[];
13.75;MPIB2;17.51332841377291;49.69999998807907;0.005979414097964764;-0.4539734125137329;0.8909516334533691;[];
13.75;MPIB1;56.74242887182322;56.45818214769679;0.8255628347396851;-0.5642287731170654;-0.0015829988988116384;[];
13.8;MPIB4;19.4004027052444;35.52524360807334;-0.85125333070755;-0.5246713161468506;0.0014690335374325514;[];
13.8;MPIB3;51.5;36.5;-0.5887148976325989;-0.38020193576812744;-0.7132977843284607;[];
13.8;MPIB2;17.51332841377291;49.69999998807907;0.005979414097964764;-0.4539734125137329;0.8909516334533691;[];
13.8;MPIB1;56.95516490292107;56.45799423519202;0.8255628347396851;-0.5642287731170654;-0.0015829988988116384;[];
13.85;MPIB4;19.18482151128145;35.52541272935528;-0.85125333070755;-0.5246713161468506;0.0014690335374325514;[];
13.85;MPIB3;51.5;36.5;-0.6515313982963562;-0.4233904778957367;-0.6294233798980713;[];
13.85;MPIB2;17.51332841377291;49.69999998807907;0.005979414097964764;-0.4539734125137329;0.8909516334533691;[];
13.85;MPIB1;57.169318600564566;56.45780632268725;0.8255628347396851;-0.5642287731170654;-0.0015829988988116384;[];
13.9;MPIB4;19.18482151128145;35.52541272935528;-0.85125333070755;-0.5246713161468506;0.0014690335374325514;[];
13.9;MPIB3;51.5;36.5;-0.6900519728660583;-0.4351666569709778;-0.5782586932182312;[];
13.9;MPIB2;17.51332841377291;49.69999998807907;0.005979414097964764;-0.4539734125137329;0.8909516334533691;[];
13.9;MPIB1;57.38424634423177;56.45761841018248;0.8255628347396851;-0.5642287731170654;-0.0015829988988116384;[];
13.95;MPIB4;18.75333834621941;35.525750971919166;-0.85125333070755;-0.5246713161468506;0.0014690335374325514;[];
13.95;MPIB3;51.5;36.5;-0.7152084112167358;-0.44223135709762573;-0.5411397814750671;[];
13.95;MPIB2;17.51332841377291;49.69999998807907;0.005979414097964764;-0.4539734125137329;0.8909516334533691;[];
13.95;MPIB1;57.59959671707725;56.457430497677706;0.8255628347396851;-0.5642287731170654;-0.0015829988988116384;[];
14.0;MPIB4;18.537524807292986;35.52592009320111;-0.85125333070755;-0.5246713161468506;0.0014690335374325514;[];
14.0;MPIB3;51.5;36.5;-0.7217362523078918;-0.446954607963562;-0.5284426808357239;[];
14.0;MPIB2;17.51332841377291;49.69999998807907;0.005979414097964764;-0.4539734125137329;0.8909516334533691;[];
14.0;MPIB1;57.815177845480775;56.457242585172935;0.8255628347396851;-0.5642287731170654;-0.0015829988988116384;[];
14.05;MPIB4;18.321690760377596;35.52608921448305;-0.85125333070755;-0.5246713161468506;0.0014690335374325514;[];
14.05;MPIB3;51.5;36.5;-0.7217362523078918;-0.446954607963562;-0.5284426808357239;[];
14.05;MPIB2;17.51332841377291;49.69999998807907;0.005979414097964764;-0.4539734125137329;0.8909516334533691;[];
14.05;MPIB1;58.03088496643363;56.457054672668164;0.8255628347396851;-0.5642287731170654;-0.0015829988988116384;[];
14.1;MPIB4;18.321690760377596;35.52608921448305;-0.85125333070755;-0.5246713161468506;0.0014690335374325514;[];
14.1;MPIB3;51.5;36.5;-0.7217362523078918;-0.446954607963562;-0.5284426808357239;[];
14.1;MPIB2;17.51332841377291;49.69999998807907;0.005979414097964764;-0.4539734125137329;0.8909516334533691;[];
14.1;MPIB1;58.24666087932633;56.45686676016339;0.8255628347396851;-0.5642287731170654;-0.0015829988988116384;[];
14.15;MPIB4;18.321690760377596;35.52608921448305;-0.85125333070755;-0.5246713161468506;0.0014690335374325514;[];
14.15;MPIB3;51.5;36.5;-0.7217362523078918;-0.446954607963562;-0.5284426808357239;[];
14.15;MPIB2;17.51332841377291;49.69999998807907;0.005979414097964764;-0.4539734125137329;0.8909516334533691;[];
14.15;MPIB1;58.46247435262262;56.45667884765862;0.8255628347396851;-0.5642287731170654;-0.0015829988988116384;[];
14.2;MPIB4;18.321690760377596;35.52608921448305;-0.85125333070755;-0.5246713161468506;0.0014690335374325514;[];
14.2;MPIB3;51.5;36.5;-0.7217362523078918;-0.446954607963562;-0.5284426808357239;[];
14.2;MPIB2;17.51332841377291;49.69999998807907;0.005979414097964764;-0.4539734125137329;0.8909516334533691;[];
14.2;MPIB1;58.67830833390167;56.45649093515385;0.8255628347396851;-0.5642287731170654;-0.0015829988988116384;[];
14.25;MPIB4;18.321690760377596;35.52608921448305;-0.85125333070755;-0.5246713161468506;0.0014690335374325514;[];
14.25;MPIB3;51.5;36.5;-0.7217362523078918;-0.446954607963562;-0.5284426808357239;[];
14.25;MPIB2;17.52434940869273;49.797997772693634;0.005979414097964764;-0.4539734125137329;0.8909516334533691;[];
14.25;MPIB1;58.67830833390167;56.45649093515385;0.8255628347396851;-0.5642287731170654;-0.0015829988988116384;[];
14.3;MPIB4;18.321690760377596;35.52608921448305;-0.85125333070755;-0.5246713161468506;0.0014690335374325514;[];
14.3;MPIB3;51.5;36.5;-0.7217362523078918;-0.446954607963562;-0.5284426808357239;[];
14.3;MPIB2;17.52499770251154;49.949502353922696;0.005979414097964764;-0.4539734125137329;0.8909516334533691;[];
14.3;MPIB1;58.67830833390167;56.45649093515385;0.8255628347396851;-0.5642287731170654;-0.0015829988988116384;[];
14.35;MPIB4;18.321690760377596;35.52608921448305;-0.85125333070755;-0.5246713161468506;0.0014690335374325514;[];
14.35;MPIB3;51.5;36.5;-0.7217362523078918;-0.446954607963562;-0.5284426808357239;[];
14.35;MPIB2;17.525645996330354;50.13022164949666;0.005979414097964764;-0.4539734125137329;0.8909516334533691;[];
14.35;MPIB1;58.67830833390167;56.45649093515385;0.8255628347396851;-0.5642287731170654;-0.0015829988988116384;[];
14.4;MPIB4;18.321690760377596;35.52608921448305;-0.85125333070755;-0.5246713161468506;0.0014690335374325514;[];
14.4;MPIB3;51.5;36.5;-0.7217362523078918;-0.446954607963562;-0.5284426808357239;[];
14.4;MPIB2;17.526294290149167;50.326892180955696;0.005979414097964764;-0.4539734125137329;0.8909516334533691;[];
14.4;MPIB1;58.67830833390167;56.45649093515385;0.8255628347396851;-0.5642287731170654;-0.0015829988988116384;[];
14.45;MPIB4;18.321690760377596;35.52608921448305;-0.85125333070755;-0.5246713161468506;0.0014690335374325514;[];
14.45;MPIB3;51.5;36.5;-0.7217362523078918;-0.446954607963562;-0.5284426808357239;[];
14.45;MPIB2;17.52694258396798;50.5322720882196;0.005979414097964764;-0.4539734125137329;0.8909516334533691;[];
14.45;MPIB1;58.67830833390167;56.45649093515385;0.8255628347396851;-0.5642287731170654;-0.0015829988988116384;[];
14.5;MPIB4;18.321690760377596;35.52608921448305;-0.85125333070755;-0.5246713161468506;0.0014690335374325514;[];
14.5;MPIB3;51.5;36.5;-0.7217362523078918;-0.446954607963562;-0.5284426808357239;[];
14.5;MPIB2;17.527590877786793;50.74240731522531;0.005979414097964764;-0.4539734125137329;0.8909516334533691;[];
14.5;MPIB1;58.67830833390167;56.45649093515385;0.8255628347396851;-0.5642287731170654;-0.0015829988988116384;[];
14.55;MPIB4;18.321690760377596;35.52608921448305;-0.85125333070755;-0.5246713161468506;0.0014690335374325514;[];
14.55;MPIB3;51.5;36.5;-0.7217362523078918;-0.446954607963562;-0.5284426808357239;[];
14.55;MPIB2;17.528239171605605;50.955138947111635;0.005979414097964764;-0.4539734125137329;0.8909516334533691;[];
14.55;MPIB1;58.67830833390167;56.45649093515385;0.8255628347396851;-0.5642287731170654;-0.0015829988988116384;[];
14.6;MPIB4;18.321690760377596;35.52608921448305;-0.85125333070755;-0.5246713161468506;0.0014690335374325514;[];
14.6;MPIB3;51.5;36.5;-0.7217362523078918;-0.446954607963562;-0.5284426808357239;[];
14.6;MPIB2;17.52888746542442;51.16928821622744;0.005979414097964764;-0.4539734125137329;0.8909516334533691;[];
14.6;MPIB1;58.67830833390167;56.45649093515385;0.8255628347396851;-0.5642287731170654;-0.0015829988988116384;[];
14.65;MPIB4;18.321690760377596;35.52608921448305;-0.85125333070755;-0.5246713161468506;0.0014690335374325514;[];
14.65;MPIB3;51.5;36.5;-0.7217362523078918;-0.446954607963562;-0.5284426808357239;[];
14.65;MPIB2;17.52953575924323;51.38421151536045;0.005979414097964764;-0.4539734125137329;0.8909516334533691;[];
14.65;MPIB1;58.67830833390167;56.45649093515385;0.8255628347396851;-0.5642287731170654;-0.0015829988988116384;[];
14.7;MPIB4;18.321690760377596;35.52608921448305;-0.85125333070755;-0.5246713161468506;0.0014690335374325514;[];
14.7;MPIB3;51.5;36.5;-0.7217362523078918;-0.446954607963562;-0.5284426808357239;[];
14.7;MPIB2;17.530184053062044;51.59955743493191;0.005979414097964764;-0.4539734125137329;0.8909516334533691;[];
14.7;MPIB1;58.67830833390167;56.45649093515385;0.8255628347396851;-0.5642287731170654;-0.0015829988988116384;[];
14.75;MPIB4;18.321690760377596;35.52608921448305;-0.85125333070755;-0.5246713161468506;0.0014690335374325514;[];
14.75;MPIB3;51.5;36.5;-0.7217362523078918;-0.446954607963562;-0.5284426808357239;[];
14.75;MPIB2;17.530832346880857;51.81513410528959;0.005979414097964764;-0.4539734125137329;0.8909516334533691;[];
14.75;MPIB1;58.67830833390167;56.45649093515385;0.8255628347396851;-0.5642287731170654;-0.0015829988988116384;[];
14.8;MPIB4;18.321690760377596;35.52608921448305;-0.85125333070755;-0.5246713161468506;0.0014690335374325514;[];
14.8;MPIB3;51.5;36.5;-0.7217362523078918;-0.446954607963562;-0.5284426808357239;[];
14.8;MPIB2;17.53148064069967;52.030836765591175;0.005979414097964764;-0.4539734125137329;0.8909516334533691;[];
14.8;MPIB1;58.67830833390167;56.45649093515385;0.8255628347396851;-0.5642287731170654;-0.0015829988988116384;[];
14.85;MPIB4;18.321690760377596;35.52608921448305;-0.85125333070755;-0.5246713161468506;0.0014690335374325514;[];
14.85;MPIB3;51.5;36.5;-0.7217362523078918;-0.446954607963562;-0.5284426808357239;[];
14.85;MPIB2;17.532128934518482;52.246608216410124;0.005979414097964764;-0.4539734125137329;0.8909516334533691;[];
14.85;MPIB1;58.67830833390167;56.45649093515385;0.8255628347396851;-0.5642287731170654;-0.0015829988988116384;[];
14.9;MPIB4;18.321690760377596;35.52608921448305;-0.85125333070755;-0.5246713161468506;0.0014690335374325514;[];
14.9;MPIB3;51.5;36.5;-0.7217362523078918;-0.446954607963562;-0.5284426808357239;[];
14.9;MPIB2;17.532777228337295;52.462417226855905;0.005979414097964764;-0.4539734125137329;0.8909516334533691;[];
14.9;MPIB1;58.67830833390167;56.45649093515385;0.8255628347396851;-0.5642287731170654;-0.0015829988988116384;[];
14.95;MPIB4;18.321690760377596;35.52608921448305;-0.85125333070755;-0.5246713161468506;0.0014690335374325514;[];
14.95;MPIB3;51.5;36.5;-0.7217362523078918;-0.446954607963562;-0.5284426808357239;[];
14.95;MPIB2;17.533425522156108;52.67824674486033;0.005979414097964764;-0.4539734125137329;0.8909516334533691;[];
14.95;MPIB1;58.67830833390167;56.45649093515385;0.8255628347396851;-0.5642287731170654;-0.0015829988988116384;[];
15.0;MPIB4;18.321690760377596;35.52608921448305;-0.85125333070755;-0.5246713161468506;0.0014690335374325514;[];
15.0;MPIB3;51.5;36.5;-0.7217362523078918;-0.446954607963562;-0.5284426808357239;[];
15.0;MPIB2;17.533425522156108;52.67824674486033;0.005979414097964764;-0.4539734125137329;0.8909516334533691;[];
15.0;MPIB1;58.67830833390167;56.45649093515385;0.8255628347396851;-0.5642287731170654;-0.0015829988988116384;[];
15.05;MPIB4;18.321690760377596;35.52608921448305;-0.85125333070755;-0.5246713161468506;0.0014690335374325514;[];
15.05;MPIB3;51.5;36.5;-0.7217362523078918;-0.446954607963562;-0.5284426808357239;[];
15.05;MPIB2;17.533425522156108;52.67824674486033;0.005979414097964764;-0.4539734125137329;0.8909516334533691;[];
15.05;MPIB1;58.67830833390167;56.45649093515385;0.8255628347396851;-0.5642287731170654;-0.0015829988988116384;[];
15.1;MPIB4;18.30000001192093;35.5294716401219;-0.85125333070755;-0.5246713161468506;0.0014690335374325514;[];
15.1;MPIB3;51.5;36.5;-0.7217362523078918;-0.446954607963562;-0.5284426808357239;[];
15.1;MPIB2;17.533425522156108;52.67824674486033;0.005979414097964764;-0.4539734125137329;0.8909516334533691;[];
15.1;MPIB1;58.67830833390167;56.45649093515385;0.8255628347396851;-0.5642287731170654;-0.0015829988988116384;[];
15.15;MPIB4;18.30000001192093;35.5294716401219;-0.85125333070755;-0.5246713161468506;0.0014690335374325514;[];
15.15;MPIB3;51.5;36.5;-0.7217362523078918;-0.446954607963562;-0.5284426808357239;[];
15.15;MPIB2;17.533425522156108;52.67824674486033;0.005979414097964764;-0.4539734125137329;0.8909516334533691;[];
15.15;MPIB1;58.67830833390167;56.45649093515385;0.8255628347396851;-0.5642287731170654;-0.0015829988988116384;[];
15.2;MPIB4;18.30000001192093;35.5294716401219;-0.85125333070755;-0.5246713161468506;0.0014690335374325514;[];
15.2;MPIB3;51.5;36.5;-0.7217362523078918;-0.446954607963562;-0.5284426808357239;[];
15.2;MPIB2;17.533425522156108;52.67824674486033;0.005979414097964764;-0.4539734125137329;0.8909516334533691;[];
15.2;MPIB1;58.69999998807907;56.4542359850966;0.8255628347396851;-0.5642287731170654;-0.0015829988988116384;[];
15.25;MPIB4;18.30000001192093;35.5294716401219;-0.85125333070755;-0.5246713161468506;0.0014690335374325514;[];
15.25;MPIB3;51.5;36.5;-0.7217362523078918;-0.446954607963562;-0.5284426808357239;[];
15.25;MPIB2;17.533425522156108;52.67824674486033;0.005979414097964764;-0.4539734125137329;0.8909516334533691;[];
15.25;MPIB1;58.69999998807907;56.4542359850966;0.8255628347396851;-0.5642287731170654;-0.0015829988988116384;[];
15.3;MPIB4;18.30000001192093;35.5294716401219;-0.85125333070755;-0.5246713161468506;0.0014690335374325514;[];
15.3;MPIB3;51.5;36.5;-0.7217362523078918;-0.446954607963562;-0.5284426808357239;[];
15.3;MPIB2;17.533425522156108;52.67824674486033;0.005979414097964764;-0.4539734125137329;0.8909516334533691;[];
15.3;MPIB1;58.69999998807907;56.4542359850966;0.8255628347396851;-0.5642287731170654;-0.0015829988988116384;[];
15.35;MPIB4;18.30000001192093;35.5294716401219;-0.85125333070755;-0.5246713161468506;0.0014690335374325514;[];
15.35;MPIB3;51.5;36.5;-0.7217362523078918;-0.446954607963562;-0.5284426808357239;[];
15.35;MPIB2;17.533425522156108;52.67824674486033;0.005979414097964764;-0.4539734125137329;0.8909516334533691;[];
15.35;MPIB1;58.69999998807907;56.4542359850966;0.8255628347396851;-0.5642287731170654;-0.0015829988988116384;[];
15.4;MPIB4;18.30000001192093;35.5294716401219;-0.85125333070755;-0.5246713161468506;0.0014690335374325514;[];
15.4;MPIB3;51.5;36.5;-0.7217362523078918;-0.446954607963562;-0.5284426808357239;[];
15.4;MPIB2;17.533425522156108;52.67824674486033;0.005979414097964764;-0.4539734125137329;0.8909516334533691;[];
15.4;MPIB1;58.69999998807907;56.4542359850966;0.8255628347396851;-0.5642287731170654;-0.0015829988988116384;[];
15.45;MPIB4;18.30000001192093;35.5294716401219;-0.85125333070755;-0.5246713161468506;0.0014690335374325514;[];
15.45;MPIB3;51.5;36.5;-0.7217362523078918;-0.446954607963562;-0.5284426808357239;[];
15.45;MPIB2;17.533425522156108;52.67824674486033;0.005979414097964764;-0.4539734125137329;0.8909516334533691;[];
15.45;MPIB1;58.69999998807907;56.4542359850966;0.8255628347396851;-0.5642287731170654;-0.0015829988988116384;[];
15.5;MPIB4;18.30000001192093;35.5294716401219;-0.85125333070755;-0.5246713161468506;0.0014690335374325514;[];
15.5;MPIB3;51.5;36.5;-0.7217362523078918;-0.446954607963562;-0.5284426808357239;[];
15.5;MPIB2;17.533425522156108;52.67824674486033;0.005979414097964764;-0.4539734125137329;0.8909516334533691;[];
15.5;MPIB1;58.69999998807907;56.4542359850966;0.8255628347396851;-0.5642287731170654;-0.0015829988988116384;[];
15.55;MPIB4;18.30000001192093;35.5294716401219;-0.85125333070755;-0.5246713161468506;0.0014690335374325514;[];
15.55;MPIB3;51.5;36.5;-0.7217362523078918;-0.446954607963562;-0.5284426808357239;[];
15.55;MPIB2;17.533425522156108;52.67824674486033;0.005979414097964764;-0.4539734125137329;0.8909516334533691;[];
15.55;MPIB1;58.69999998807907;56.4542359850966;0.8255628347396851;-0.5642287731170654;-0.0015829988988116384;[];
15.6;MPIB4;18.30000001192093;35.5294716401219;-0.85125333070755;-0.5246713161468506;0.0014690335374325514;[];
15.6;MPIB3;51.5;36.5;-0.7217362523078918;-0.446954607963562;-0.5284426808357239;[];
15.6;MPIB2;17.533425522156108;52.67824674486033;0.005979414097964764;-0.4539734125137329;0.8909516334533691;[];
15.6;MPIB1;58.69999998807907;56.4542359850966;0.8255628347396851;-0.5642287731170654;-0.0015829988988116384;[];
15.65;MPIB4;18.30000001192093;35.5294716401219;-0.85125333070755;-0.5246713161468506;0.0014690335374325514;[];
15.65;MPIB3;51.5;36.5;-0.7217362523078918;-0.446954607963562;-0.5284426808357239;[];
15.65;MPIB2;17.533425522156108;52.67824674486033;0.005979414097964764;-0.4539734125137329;0.8909516334533691;[];
15.65;MPIB1;58.69999998807907;56.4542359850966;0.8255628347396851;-0.5642287731170654;-0.0015829988988116384;[];
15.7;MPIB4;18.30000001192093;35.5294716401219;-0.85125333070755;-0.5246713161468506;0.0014690335374325514;[];
15.7;MPIB3;51.5;36.5;-0.7217362523078918;-0.446954607963562;-0.5284426808357239;[];
15.7;MPIB2;17.533425522156108;52.67824674486033;0.005979414097964764;-0.4539734125137329;0.8909516334533691;[];
15.7;MPIB1;58.69999998807907;56.4542359850966;0.8255628347396851;-0.5642287731170654;-0.0015829988988116384;[];
15.75;MPIB4;18.30000001192093;35.5294716401219;-0.85125333070755;-0.5246713161468506;0.0014690335374325514;[];
15.75;MPIB3;51.5;36.5;-0.7217362523078918;-0.446954607963562;-0.5284426808357239;[];
15.75;MPIB2;17.533425522156108;52.67824674486033;0.005979414097964764;-0.4539734125137329;0.8909516334533691;[];
15.75;MPIB1;58.69999998807907;56.4542359850966;0.8255628347396851;-0.5642287731170654;-0.0015829988988116384;[];
15.8;MPIB4;18.30000001192093;35.5294716401219;-0.85125333070755;-0.5246713161468506;0.0014690335374325514;[];
15.8;MPIB3;51.5;36.5;-0.7217362523078918;-0.446954607963562;-0.5284426808357239;[];
15.8;MPIB2;17.533425522156108;52.67824674486033;0.005979414097964764;-0.4539734125137329;0.8909516334533691;[];
15.8;MPIB1;58.69999998807907;56.4542359850966;0.8255628347396851;-0.5642287731170654;-0.0015829988988116384;[];
15.85;MPIB4;18.30000001192093;35.5294716401219;-0.85125333070755;-0.5246713161468506;0.0014690335374325514;[];
15.85;MPIB3;51.5;36.5;-0.7217362523078918;-0.446954607963562;-0.5284426808357239;[];
15.85;MPIB2;17.533425522156108;52.67824674486033;0.005979414097964764;-0.4539734125137329;0.8909516334533691;[];
15.85;MPIB1;58.69999998807907;56.4542359850966;0.8255628347396851;-0.5642287731170654;-0.0015829988988116384;[];
15.9;MPIB4;18.30000001192093;35.5294716401219;-0.85125333070755;-0.5246713161468506;0.0014690335374325514;[];
15.9;MPIB3;51.5;36.5;-0.7217362523078918;-0.446954607963562;-0.5284426808357239;[];
15.9;MPIB2;17.533425522156108;52.67824674486033;0.005979414097964764;-0.4539734125137329;0.8909516334533691;[];
15.9;MPIB1;58.69999998807907;56.4542359850966;0.8255628347396851;-0.5642287731170654;-0.0015829988988116384;[];
15.95;MPIB4;18.050492410583985;35.53251582319686;-0.85125333070755;-0.5246713161468506;0.0014690335374325514;[];
15.95;MPIB3;51.5;36.5;-0.7217362523078918;-0.446954607963562;-0.5284426808357239;[];
15.95;MPIB2;17.546391398532364;52.69999998807907;0.005979414097964764;-0.4539734125137329;0.8909516334533691;[];
15.95;MPIB1;58.69999998807907;56.4542359850966;0.8255628347396851;-0.5642287731170654;-0.0015829988988116384;[];
16.0;MPIB4;17.869769322842927;35.5326849444788;-0.85125333070755;-0.5246713161468506;0.0014690335374325514;[];
16.0;MPIB3;51.5;36.5;-0.7217362523078918;-0.446954607963562;-0.5284426808357239;[];
16.0;MPIB2;17.546391398532364;52.69999998807907;0.005979414097964764;-0.4539734125137329;0.8909516334533691;[];
16.0;MPIB1;58.69999998807907;56.4542359850966;0.8255628347396851;-0.5642287731170654;-0.0015829988988116384;[];
16.05;MPIB4;17.673094664500162;35.532854065760745;-0.85125333070755;-0.5246713161468506;0.0014690335374325514;[];
16.05;MPIB3;51.5;36.5;-0.7217362523078918;-0.446954607963562;-0.5284426808357239;[];
16.05;MPIB2;17.546391398532364;52.69999998807907;0.005963557865470648;-0.45858025550842285;0.8885890245437622;[];
16.05;MPIB1;58.69999998807907;56.4542359850966;0.8255628347396851;-0.5642287731170654;-0.0015829988988116384;[];
16.1;MPIB4;17.467710447597227;35.53302318704269;-0.85125333070755;-0.5246713161468506;0.0014690335374325514;[];
16.1;MPIB3;51.5;36.5;-0.7217362523078918;-0.446954607963562;-0.5284426808357239;[];
16.1;MPIB2;17.546391398532364;52.69999998807907;0.0035683633759617805;-0.4632597863674164;0.8861709237098694;[];
16.1;MPIB1;58.69999998807907;56.4542359850966;0.818128228187561;-0.5749456286430359;-0.003686566837131977;[];
16.15;MPIB4;17.467710447597227;35.53302318704269;-0.85125333070755;-0.5246713161468506;0.0014690335374325514;[];
16.15;MPIB3;51.5;36.5;-0.7217362523078918;-0.446954607963562;-0.5284426808357239;[];
16.15;MPIB2;17.546391398532364;52.69999998807907;0.0035683633759617805;-0.4632597863674164;0.8861709237098694;[];
16.15;MPIB1;58.69999998807907;56.4542359850966;0.8100946545600891;-0.5834643840789795;-0.05678955465555191;[];
16.2;MPIB4;17.04483471537605;35.53336142960657;-0.85125333070755;-0.5246713161468506;0.0014690335374325514;[];
16.2;MPIB3;51.5;36.5;-0.7217362523078918;-0.446954607963562;-0.5284426808357239;[];
16.2;MPIB2;17.546391398532364;52.69999998807907;0.0012726893182843924;-0.46555230021476746;0.8849748373031616;[];
16.2;MPIB1;58.69999998807907;56.4542359850966;0.7962605953216553;-0.5898310542106628;-0.13407859206199646;[];
16.25;MPIB4;17.04483471537605;35.53336142960657;-0.85125333070755;-0.5246713161468506;0.0014690335374325514;[];
16.25;MPIB3;51.5;36.5;-0.7217362523078918;-0.446954607963562;-0.5284426808357239;[];
16.25;MPIB2;17.546391398532364;52.69999998807907;0.0012708872091025114;-0.46792641282081604;0.883721649646759;[];
16.25;MPIB1;58.69999998807907;56.4542359850966;0.7932543754577637;-0.5919966697692871;-0.14211247861385345;[];
16.3;MPIB4;16.615753143579123;35.53369967217046;-0.85125333070755;-0.5246713161468506;0.0014690335374325514;[];
16.3;MPIB3;51.5;36.5;-0.7217362523078918;-0.446954607963562;-0.5284426808357239;[];
16.3;MPIB2;17.546391398532364;52.69999998807907;-0.0010153126204386353;-0.47021257877349854;0.8825075030326843;[];
16.3;MPIB1;58.69999998807907;56.4542359850966;0.7894150614738464;-0.5940809845924377;-0.15427249670028687;[];
16.35;MPIB4;16.4004027052444;35.5338687934524;-0.85125333070755;-0.5246713161468506;0.0014690335374325514;[];
16.35;MPIB3;51.5;36.5;-0.7217362523078918;-0.446954607963562;-0.5284426808357239;[];
16.35;MPIB2;17.546391398532364;52.69999998807907;-0.0010153126204386353;-0.47021257877349854;0.8825075030326843;[];
16.35;MPIB1;58.69999998807907;56.4542359850966;0.7807648181915283;-0.5940809845924377;-0.19334545731544495;[];
16.4;MPIB4;16.4004027052444;35.5338687934524;-0.85125333070755;-0.5246713161468506;0.0014690335374325514;[];
16.4;MPIB3;51.5;36.5;-0.7217362523078918;-0.446954607963562;-0.5284426808357239;[];
16.4;MPIB2;17.546391398532364;52.69999998807907;-0.003374985186383128;-0.47477537393569946;0.8800550103187561;[];
16.4;MPIB1;58.775227785110474;56.39142852943769;0.637114405632019;-0.5577207207679749;-0.531924843788147;[];
16.45;MPIB4;15.969114324730853;35.534207036016284;-0.85125333070755;-0.5246713161468506;0.0014690335374325514;[];
16.45;MPIB3;51.5;36.5;-0.7217362523078918;-0.446954607963562;-0.5284426808357239;[];
16.45;MPIB2;17.546391398532364;52.69999998807907;-0.003374985186383128;-0.47477537393569946;0.8800550103187561;[];
16.45;MPIB1;58.87355032357823;56.27759543923207;0.4940425157546997;-0.533538818359375;-0.6864194869995117;[];
16.5;MPIB4;15.753338346219412;35.534376157298226;-0.85125333070755;-0.5246713161468506;0.0014690335374325514;[];
16.5;MPIB3;51.5;36.5;-0.7217362523078918;-0.446954607963562;-0.5284426808357239;[];
16.5;MPIB2;17.546391398532364;52.69999998807907;-0.003374985186383128;-0.47477537393569946;0.8800550103187561;[];
16.5;MPIB1;58.97562835215581;56.130225036715416;0.4237056374549866;-0.513526976108551;-0.7461092472076416;[];
16.55;MPIB4;15.53752480729299;35.53454527858017;-0.85125333070755;-0.5246713161468506;0.0014690335374325514;[];
16.55;MPIB3;51.5;36.5;-0.7217362523078918;-0.446954607963562;-0.5284426808357239;[];
16.55;MPIB2;17.546391398532364;52.69999998807907;-0.003374985186383128;-0.47477537393569946;0.8800550103187561;[];
16.55;MPIB1;59.06607098530412;55.958112812448405;0.30716070532798767;-0.4977288246154785;-0.8110706210136414;[];
16.6;MPIB4;15.3216907603776;35.53471439986211;-0.85125333070755;-0.5246713161468506;0.0014690335374325514;[];
16.6;MPIB3;51.5;36.5;-0.7217362523078918;-0.446954607963562;-0.5284426808357239;[];
16.6;MPIB2;17.546391398532364;52.69999998807907;-0.003374985186383128;-0.47477537393569946;0.8800550103187561;[];
16.6;MPIB1;59.06607098530412;55.958112812448405;0.30716070532798767;-0.4977288246154785;-0.8110706210136414;[];
16.65;MPIB4;15.3216907603776;35.53471439986211;-0.85125333070755;-0.5246713161468506;0.0014690335374325514;[];
16.65;MPIB3;51.5;36.5;-0.7217362523078918;-0.446954607963562;-0.5284426808357239;[];
16.65;MPIB2;17.546391398532364;52.69999998807907;-0.003374985186383128;-0.47477537393569946;0.8800550103187561;[];
16.65;MPIB1;59.19295594569735;55.56850208759238;0.17050880193710327;-0.47021257877349854;-0.865879476070404;[];
16.7;MPIB4;15.3216907603776;35.53471439986211;-0.85125333070755;-0.5246713161468506;0.0014690335374325514;[];
16.7;MPIB3;51.5;36.5;-0.7217362523078918;-0.446954607963562;-0.5284426808357239;[];
16.7;MPIB2;17.546391398532364;52.69999998807907;-0.003374985186383128;-0.47477537393569946;0.8800550103187561;[];
16.7;MPIB1;59.24304484934396;55.363261341206;0.17050880193710327;-0.47021257877349854;-0.865879476070404;[];
16.75;MPIB4;15.3216907603776;35.53471439986211;-0.85125333070755;-0.5246713161468506;0.0014690335374325514;[];
16.75;MPIB3;51.5;36.5;-0.7217362523078918;-0.446954607963562;-0.5284426808357239;[];
16.75;MPIB2;17.546391398532364;52.69999998807907;-0.003374985186383128;-0.47477537393569946;0.8800550103187561;[];
16.75;MPIB1;59.28932790642261;55.1550464500221;0.17050880193710327;-0.47021257877349854;-0.865879476070404;[];
16.8;MPIB4;15.3216907603776;35.53471439986211;-0.85125333070755;-0.5246713161468506;0.0014690335374325514;[];
16.8;MPIB3;51.5;36.5;-0.7217362523078918;-0.446954607963562;-0.5284426808357239;[];
16.8;MPIB2;17.545113589355537;52.79799926280975;-0.003374985186383128;-0.47477537393569946;0.8800550103187561;[];
16.8;MPIB1;59.333034914621976;54.945110937251684;0.16602371633052826;-0.47021257877349854;-0.8667506575584412;[];
16.85;MPIB4;15.3216907603776;35.53471439986211;-0.85125333070755;-0.5246713161468506;0.0014690335374325514;[];
16.85;MPIB3;51.5;36.5;-0.7217362523078918;-0.446954607963562;-0.5284426808357239;[];
16.85;MPIB2;17.544737765015384;52.94950614775843;-0.003374985186383128;-0.47477537393569946;0.8800550103187561;[];
16.85;MPIB1;59.37507695423005;54.73418682095627;0.16369636356830597;-0.47021257877349854;-0.8671932220458984;[];
16.9;MPIB4;15.3216907603776;35.53471439986211;-0.85125333070755;-0.5246713161468506;0.0014690335374325514;[];
16.9;MPIB3;51.5;36.5;-0.7217362523078918;-0.446954607963562;-0.5284426808357239;[];
16.9;MPIB2;17.54436194067523;53.13022819127957;-0.003374985186383128;-0.47477537393569946;0.8800550103187561;[];
16.9;MPIB1;59.41620992088178;54.52272292707352;0.16369636356830597;-0.47021257877349854;-0.8671932220458984;[];
16.95;MPIB4;15.3216907603776;35.53471439986211;-0.85125333070755;-0.5246713161468506;0.0014690335374325514;[];
16.95;MPIB3;51.5;36.5;-0.7217362523078918;-0.446954607963562;-0.5284426808357239;[];
16.95;MPIB2;17.543986116335077;53.326901713234065;-0.003374985186383128;-0.47477537393569946;0.8800550103187561;[];
16.95;MPIB1;59.45583920769445;54.31077961470086;0.15462520718574524;-0.47021257877349854;-0.8688564896583557;[];
17.0;MPIB4;15.3216907603776;35.53471439986211;-0.85125333070755;-0.5246713161468506;0.0014690335374325514;[];
17.0;MPIB3;51.5;36.5;-0.7217362523078918;-0.446954607963562;-0.5284426808357239;[];
17.0;MPIB2;17.543610291994924;53.53228474342481;-0.003374985186383128;-0.47477537393569946;0.8800550103187561;[];
17.0;MPIB1;59.492877900615895;54.30000001192093;0.1384979784488678;-0.47249555587768555;-0.8703369498252869;[];
17.05;MPIB4;15.3216907603776;35.53471439986211;-0.85125333070755;-0.5246713161468506;0.0014690335374325514;[];
17.05;MPIB3;51.5;36.5;-0.7217362523078918;-0.446954607963562;-0.5284426808357239;[];
17.05;MPIB2;17.54323446765477;53.74242316566489;-0.003374985186383128;-0.47477537393569946;0.8800550103187561;[];
17.05;MPIB1;59.52647611694124;54.30000001192093;0.1194210797548294;-0.48403051495552063;-0.8668171167373657;[];
17.1;MPIB4;15.3216907603776;35.53471439986211;-0.85125333070755;-0.5246713161468506;0.0014690335374325514;[];
17.1;MPIB3;51.420928947627544;36.44210555404425;-0.7217362523078918;-0.446954607963562;-0.5284426808357239;[];
17.1;MPIB2;17.542858643314617;53.9551580322655;-0.003374985186383128;-0.47477537393569946;0.8800550103187561;[];
17.1;MPIB1;59.52647611694124;54.30000001192093;0.10307536274194717;-0.4908948540687561;-0.8650524616241455;[];
17.15;MPIB4;15.3216907603776;35.53471439986211;-0.85125333070755;-0.5246713161468506;0.0014690335374325514;[];
17.15;MPIB3;51.298685095645055;36.35260073692501;-0.7217362523078918;-0.446954607963562;-0.5284426808357239;[];
17.15;MPIB2;17.542482818974463;54.16931055765161;-0.003374985186383128;-0.47477537393569946;0.8800550103187561;[];
17.15;MPIB1;59.572763046946875;54.30000001192093;0.08892993628978729;-0.49997231364250183;-0.8614152073860168;[];
17.2;MPIB4;15.3216907603776;35.53471439986211;-0.85125333070755;-0.5246713161468506;0.0014690335374325514;[];
17.2;MPIB3;51.15286889233755;36.24583665514584;-0.7217362523078918;-0.446954607963562;-0.5284426808357239;[];
17.2;MPIB2;17.54210699463431;54.38423712482452;-0.003374985186383128;-0.47477537393569946;0.8800550103187561;[];
17.2;MPIB1;59.572763046946875;54.30000001192093;0.0793544352054596;-0.5089951753616333;-0.8570547103881836;[];
17.25;MPIB4;15.3216907603776;35.53471439986211;-0.85125333070755;-0.5246713161468506;0.0014690335374325514;[];
17.25;MPIB3;50.99418218371159;36.12964901376773;-0.7217362523078918;-0.446954607963562;-0.5284426808357239;[];
17.25;MPIB2;17.54210699463431;54.38423712482452;-0.003374985186383128;-0.47477537393569946;0.8800550103187561;[];
17.25;MPIB1;59.572763046946875;54.30000001192093;0.0793544352054596;-0.5089951753616333;-0.8570547103881836;[];
17.3;MPIB4;15.3216907603776;35.53471439986211;-0.85125333070755;-0.5246713161468506;0.0014690335374325514;[];
17.3;MPIB3;50.8284681783656;36.008316108250995;-0.7217362523078918;-0.446954607963562;-0.5284426808357239;[];
17.3;MPIB2;17.54210699463431;54.38423712482452;-0.003374985186383128;-0.47477537393569946;0.8800550103187561;[];
17.3;MPIB1;59.572763046946875;54.30000001192093;0.03875415772199631;-0.5157464742660522;-0.8558147549629211;[];
17.35;MPIB4;15.3216907603776;35.53471439986211;-0.85125333070755;-0.5246713161468506;0.0014690335374325514;[];
17.35;MPIB3;50.65891726856478;35.88417388818826;-0.7217362523078918;-0.446954607963562;-0.5284426808357239;[];
17.35;MPIB2;17.54097952161385;55.03087220738681;-0.003374985186383128;-0.47477537393569946;0.8800550103187561;[];
17.35;MPIB1;59.572763046946875;54.30000001192093;0.018560899421572685;-0.5157464742660522;-0.8564906716346741;[];
17.4;MPIB4;15.3216907603776;35.53471439986211;-0.85125333070755;-0.5246713161468506;0.0014690335374325514;[];
17.4;MPIB3;50.48727140868823;35.75849778220524;-0.7217362523078918;-0.446954607963562;-0.5284426808357239;[];
17.4;MPIB2;17.540603697273696;55.24664693914235;-0.003374985186383128;-0.47477537393569946;0.8800550103187561;[];
17.4;MPIB1;59.572763046946875;54.30000001192093;0.002874694997444749;-0.5157464742660522;-0.8566869497299194;[];
17.45;MPIB4;15.3216907603776;35.53471439986211;-0.85125333070755;-0.5246713161468506;0.0014690335374325514;[];
17.45;MPIB3;50.31448170593751;35.63198417441245;-0.7217362523078918;-0.446954607963562;-0.5284426808357239;[];
17.45;MPIB2;17.540227872933542;55.46245923109586;-0.003374985186383128;-0.47477537393569946;0.8800550103187561;[];
17.45;MPIB1;59.572763046946875;54.30000001192093;-0.006077887024730444;-0.5157464742660522;-0.8566702008247375;[];
17.5;MPIB4;15.3216907603776;35.53471439986211;-0.85125333070755;-0.5246713161468506;0.0014690335374325514;[];
17.5;MPIB3;50.31448170593751;35.63198417441245;-0.7217362523078918;-0.446954607963562;-0.5284426808357239;[];
17.5;MPIB2;17.53985204859339;55.678292030919835;-0.003374985186383128;-0.47477537393569946;0.8800550103187561;[];
17.5;MPIB1;59.572763046946875;54.30000001192093;-0.010595054365694523;-0.5157464742660522;-0.8566262722015381;[];
17.55;MPIB4;15.3216907603776;35.53471439986211;-0.85125333070755;-0.5246713161468506;0.0014690335374325514;[];
17.55;MPIB3;49.96807944946784;35.3767591857312;-0.7156895995140076;-0.44455158710479736;-0.5385963320732117;[];
17.55;MPIB2;17.53985204859339;55.678292030919835;-0.003374985186383128;-0.47477537393569946;0.8800550103187561;[];
17.55;MPIB1;59.572763046946875;54.30000001192093;-0.028585419058799744;-0.5112216472625732;-0.8589243292808533;[];
17.6;MPIB4;15.3216907603776;35.53471439986211;-0.85125333070755;-0.5246713161468506;0.0014690335374325514;[];
17.6;MPIB3;49.79626033358613;35.24658057995819;-0.7098376154899597;-0.4375820457935333;-0.5518850684165955;[];
17.6;MPIB2;17.53985204859339;55.678292030919835;-0.003374985186383128;-0.47477537393569946;0.8800550103187561;[];
17.6;MPIB1;59.572763046946875;54.30000001192093;-0.05335692688822746;-0.5112216472625732;-0.8577418923377991;[];
17.65;MPIB4;15.300000011920929;35.53809682550096;-0.85125333070755;-0.5246713161468506;0.0014690335374325514;[];
17.65;MPIB3;49.62555471692258;35.11474482360521;-0.7081548571586609;-0.4304995536804199;-0.559564471244812;[];
17.65;MPIB2;17.53985204859339;55.678292030919835;-0.003374985186383128;-0.47477537393569946;0.8800550103187561;[];
17.65;MPIB1;59.572763046946875;54.30000001192093;-0.06905398517847061;-0.5112216472625732;-0.8566210865974426;[];
17.7;MPIB4;15.300000011920929;35.53809682550096;-0.85125333070755;-0.5246713161468506;0.0014690335374325514;[];
17.7;MPIB3;49.4560962040581;34.981204051947884;-0.7031655311584473;-0.42807504534721375;-0.5676581859588623;[];
17.7;MPIB2;17.53985204859339;55.678292030919835;-0.003374985186383128;-0.47477537393569946;0.8800550103187561;[];
17.7;MPIB1;59.572763046946875;54.30000001192093;-0.0780019462108612;-0.5112216472625732;-0.8558526635169983;[];
17.75;MPIB4;15.300000011920929;35.53809682550096;-0.85125333070755;-0.5246713161468506;0.0014690335374325514;[];
17.75;MPIB3;49.2889557409228;34.84475783365997;-0.6880687475204468;-0.42807504534721375;-0.5858659744262695;[];
17.75;MPIB2;17.53985204859339;55.678292030919835;-0.003374985186383128;-0.47477537393569946;0.8800550103187561;[];
17.75;MPIB1;59.572763046946875;54.30000001192093;-0.0780019462108612;-0.5112216472625732;-0.8558526635169983;[];
17.8;MPIB4;15.300000011920929;35.53809682550096;-0.85125333070755;-0.5246713161468506;0.0014690335374325514;[];
17.8;MPIB3;49.126863518349865;34.70253367134353;-0.6531878709793091;-0.42807504534721375;-0.6245183944702148;[];
17.8;MPIB2;17.53985204859339;55.678292030919835;-0.003374985186383128;-0.47477537393569946;0.8800550103187561;[];
17.8;MPIB1;59.572763046946875;54.30000001192093;-0.0780019462108612;-0.5112216472625732;-0.8558526635169983;[];
17.85;MPIB4;15.300000011920929;35.53809682550096;-0.85125333070755;-0.5246713161468506;0.0014690335374325514;[];
17.85;MPIB3;48.971731133807566;34.55301524589433;-0.614425539970398;-0.42807504534721375;-0.6626906394958496;[];
17.85;MPIB2;17.53985204859339;55.678292030919835;-0.003374985186383128;-0.47477537393569946;0.8800550103187561;[];
17.85;MPIB1;59.572763046946875;54.30000001192093;-0.0780019462108612;-0.5112216472625732;-0.8558526635169983;[];
17.9;MPIB4;15.300000011920929;35.53809682550096;-0.85125333070755;-0.5246713161468506;0.0014690335374325514;[];
17.9;MPIB3;48.824250242448784;34.39612629135823;-0.5789097547531128;-0.42807504534721375;-0.6939315795898438;[];
17.9;MPIB2;17.53985204859339;55.678292030919835;-0.003374985186383128;-0.47477537393569946;0.8800550103187561;[];
17.9;MPIB1;59.572763046946875;54.30000001192093;-0.0780019462108612;-0.5112216472625732;-0.8558526635169983;[];
17.95;MPIB4;15.300000011920929;35.53809682550096;-0.85125333070755;-0.5246713161468506;0.0014690335374325514;[];
17.95;MPIB3;48.68641651571795;34.23096862542229;-0.5284735560417175;-0.42807504534721375;-0.7330711483955383;[];
17.95;MPIB2;17.53985204859339;55.678292030919835;-0.003374985186383128;-0.47477537393569946;0.8800550103187561;[];
17.95;MPIB1;59.572763046946875;54.30000001192093;-0.0780019462108612;-0.5112216472625732;-0.8558526635169983;[];
18.0;MPIB4;15.300000011920929;35.53809682550096;-0.85125333070755;-0.5246713161468506;0.0014690335374325514;[];
18.0;MPIB3;48.61115929218158;34.14079252934707;-0.5168823599815369;-0.42807504534721375;-0.7412895560264587;[];
18.0;MPIB2;17.53985204859339;55.678292030919835;-0.003374985186383128;-0.47477537393569946;0.8800550103187561;[];
18.0;MPIB1;59.572763046946875;54.30000001192093;-0.0780019462108612;-0.5112216472625732;-0.8558526635169983;[];
18.05;MPIB4;15.300000011920929;35.53809682550096;-0.85125333070755;-0.5246713161468506;0.0014690335374325514;[];
18.05;MPIB3;48.570068843357944;34.09155637517108;-0.5168823599815369;-0.42807504534721375;-0.7412895560264587;[];
18.05;MPIB2;17.53985204859339;55.678292030919835;-0.003374985186383128;-0.47477537393569946;0.8800550103187561;[];
18.05;MPIB1;59.572763046946875;54.30000001192093;-0.0780019462108612;-0.5112216472625732;-0.8558526635169983;[];
18.1;MPIB4;15.300000011920929;35.53809682550096;-0.85125333070755;-0.5246713161468506;0.0014690335374325514;[];
18.1;MPIB3;48.54763345569438;34.06467343186847;-0.5168823599815369;-0.42807504534721375;-0.7412895560264587;[];
18.1;MPIB2;17.53985204859339;55.678292030919835;-0.003374985186383128;-0.47477537393569946;0.8800550103187561;[];
18.1;MPIB1;59.572763046946875;54.30000001192093;-0.0780019462108612;-0.5112216472625732;-0.8558526635169983;[];
18.15;MPIB4;15.300000011920929;35.53809682550096;-0.85125333070755;-0.5246713161468506;0.0014690335374325514;[];
18.15;MPIB3;48.54763345569438;34.06467343186847;-0.5168823599815369;-0.42807504534721375;-0.7412895560264587;[];
18.15;MPIB2;17.53985204859339;55.678292030919835;-0.003374985186383128;-0.47477537393569946;0.8800550103187561;[];
18.15;MPIB1;59.586561924578064;54.30000001192093;-0.0780019462108612;-0.5112216472625732;-0.8558526635169983;[];
18.2;MPIB4;15.300000011920929;35.53809682550096;-0.85125333070755;-0.5246713161468506;0.0014690335374325514;[];
18.2;MPIB3;48.54763345569438;34.06467343186847;-0.5129663348197937;-0.42807504534721375;-0.7440047860145569;[];
18.2;MPIB2;17.53985204859339;55.678292030919835;-0.003374985186383128;-0.47477537393569946;0.8800550103187561;[];
18.2;MPIB1;59.586561924578064;54.30000001192093;-0.0780019462108612;-0.5112216472625732;-0.8558526635169983;[];
18.25;MPIB4;15.300000011920929;35.53809682550096;-0.85125333070755;-0.5246713161468506;0.0014690335374325514;[];
18.25;MPIB3;48.52504354372854;34.037605331611246;-0.5129663348197937;-0.42807504534721375;-0.7440047860145569;[];
18.25;MPIB2;17.53985204859339;55.678292030919835;-0.003374985186383128;-0.47477537393569946;0.8800550103187561;[];
18.25;MPIB1;59.586561924578064;54.30000001192093;-0.0780019462108612;-0.5112216472625732;-0.8558526635169983;[];
18.3;MPIB4;15.300000011920929;35.53809682550096;-0.85125333070755;-0.5246713161468506;0.0014690335374325514;[];
18.3;MPIB3;48.52504354372854;34.037605331611246;-0.5110386610031128;-0.42807504534721375;-0.7453300952911377;[];
18.3;MPIB2;17.53985204859339;55.678292030919835;-0.003374985186383128;-0.47477537393569946;0.8800550103187561;[];
18.3;MPIB1;59.586561924578064;54.30000001192093;-0.0780019462108612;-0.5112216472625732;-0.8558526635169983;[];
18.35;MPIB4;15.300000011920929;35.53809682550096;-0.85125333070755;-0.5246713161468506;0.0014690335374325514;[];
18.35;MPIB3;48.52504354372854;34.037605331611246;-0.5110386610031128;-0.42807504534721375;-0.7453300952911377;[];
18.35;MPIB2;17.53985204859339;55.678292030919835;-0.003374985186383128;-0.47477537393569946;0.8800550103187561;[];
18.35;MPIB1;59.586561924578064;54.30000001192093;-0.0780019462108612;-0.5112216472625732;-0.8558526635169983;[];
18.4;MPIB4;15.300000011920929;35.53809682550096;-0.85125333070755;-0.5246713161468506;0.0014690335374325514;[];
18.4;MPIB3;48.52504354372854;34.037605331611246;-0.5110386610031128;-0.42807504534721375;-0.7453300952911377;[];
18.4;MPIB2;17.53985204859339;55.678292030919835;-0.003374985186383128;-0.47477537393569946;0.8800550103187561;[];
18.4;MPIB1;59.586561924578064;54.30000001192093;-0.0780019462108612;-0.5112216472625732;-0.8558526635169983;[];
18.45;MPIB4;15.300000011920929;35.53809682550096;-0.85125333070755;-0.5246713161468506;0.0014690335374325514;[];
18.45;MPIB3;48.52504354372854;34.037605331611246;-0.5110386610031128;-0.42807504534721375;-0.7453300952911377;[];
18.45;MPIB2;17.53985204859339;55.678292030919835;-0.003374985186383128;-0.47477537393569946;0.8800550103187561;[];
18.45;MPIB1;59.586561924578064;54.30000001192093;-0.0780019462108612;-0.5112216472625732;-0.8558526635169983;[];
18.5;MPIB4;15.050492410583981;35.54114100857592;-0.85125333070755;-0.5246713161468506;0.0014690335374325514;[];
18.5;MPIB3;48.52504354372854;34.037605331611246;-0.5110386610031128;-0.42807504534721375;-0.7453300952911377;[];
18.5;MPIB2;17.53233556179032;55.69999998807907;-0.003374985186383128;-0.47477537393569946;0.8800550103187561;[];
18.5;MPIB1;59.586561924578064;54.30000001192093;-0.0780019462108612;-0.5112216472625732;-0.8558526635169983;[];
18.55;MPIB4;14.869769322842924;35.54131012985786;-0.85125333070755;-0.5246713161468506;0.0014690335374325514;[];
18.55;MPIB3;48.52504354372854;34.037605331611246;-0.5110386610031128;-0.42807504534721375;-0.7453300952911377;[];
18.55;MPIB2;17.53233556179032;55.69999998807907;-0.003374985186383128;-0.47477537393569946;0.8800550103187561;[];
18.55;MPIB1;59.586561924578064;54.30000001192093;-0.0780019462108612;-0.5112216472625732;-0.8558526635169983;[];
18.6;MPIB4;14.673094664500159;35.541479251139805;-0.85125333070755;-0.5246713161468506;0.0014690335374325514;[];
18.6;MPIB3;48.52504354372854;34.037605331611246;-0.5064546465873718;-0.4304995536804199;-0.7470604181289673;[];
18.6;MPIB2;17.53233556179032;55.69999998807907;-0.003374985186383128;-0.47477537393569946;0.8800550103187561;[];
18.6;MPIB1;59.586561924578064;54.30000001192093;-0.0780019462108612;-0.5112216472625732;-0.8558526635169983;[];
18.65;MPIB4;14.673094664500159;35.541479251139805;-0.85125333070755;-0.5246713161468506;0.0014690335374325514;[];
18.65;MPIB3;48.52504354372854;34.037605331611246;-0.5064546465873718;-0.4304995536804199;-0.7470604181289673;[];
18.65;MPIB2;17.53233556179032;55.69999998807907;-0.003374985186383128;-0.47477537393569946;0.8800550103187561;[];
18.65;MPIB1;59.586561924578064;54.30000001192093;-0.0780019462108612;-0.5112216472625732;-0.8558526635169983;[];
18.7;MPIB4;14.467710447597224;35.54164837242175;-0.85125333070755;-0.5246713161468506;0.0014690335374325514;[];
18.7;MPIB3;48.52504354372854;34.037605331611246;-0.5064546465873718;-0.4304995536804199;-0.7470604181289673;[];
18.7;MPIB2;17.53233556179032;55.69999998807907;-0.003374985186383128;-0.47477537393569946;0.8800550103187561;[];
18.7;MPIB1;59.586561924578064;54.30000001192093;-0.0780019462108612;-0.5112216472625732;-0.8558526635169983;[];
18.75;MPIB4;14.044834715376044;35.54198661498563;-0.85125333070755;-0.5246713161468506;0.0014690335374325514;[];
18.75;MPIB3;48.52504354372854;34.037605331611246;-0.5064546465873718;-0.4304995536804199;-0.7470604181289673;[];
18.75;MPIB2;17.53233556179032;55.69999998807907;-0.003374985186383128;-0.47477537393569946;0.8800550103187561;[];
18.75;MPIB1;59.586561924578064;54.30000001192093;-0.0780019462108612;-0.5112216472625732;-0.8558526635169983;[];
18.8;MPIB4;13.830680952607203;35.542155736267574;-0.85125333070755;-0.5246713161468506;0.0014690335374325514;[];
18.8;MPIB3;48.52504354372854;34.037605331611246;-0.5064546465873718;-0.4304995536804199;-0.7470604181289673;[];
18.8;MPIB2;17.53233556179032;55.69999998807907;-0.003374985186383128;-0.47477537393569946;0.8800550103187561;[];
18.8;MPIB1;59.56391576268311;54.202404513955116;-0.0780019462108612;-0.5112216472625732;-0.8558526635169983;[];
18.85;MPIB4;13.615753143579116;35.54232485754952;-0.85125333070755;-0.5246713161468506;0.0014690335374325514;[];
18.85;MPIB3;48.52504354372854;34.037605331611246;-0.5064546465873718;-0.4304995536804199;-0.7470604181289673;[];
18.85;MPIB2;17.53233556179032;55.69999998807907;-0.003374985186383128;-0.47477537393569946;0.8800550103187561;[];
18.85;MPIB1;59.54751271812165;54.05152186791054;-0.0780019462108612;-0.5112216472625732;-0.8558526635169983;[];
18.9;MPIB4;13.400402705244392;35.54249397883146;-0.85125333070755;-0.5246713161468506;0.0014690335374325514;[];
18.9;MPIB3;48.52504354372854;34.037605331611246;-0.5064546465873718;-0.4304995536804199;-0.7470604181289673;[];
18.9;MPIB2;17.53233556179032;55.69999998807907;-0.003374985186383128;-0.47477537393569946;0.8800550103187561;[];
18.9;MPIB1;59.52966185454238;53.87154443563551;-0.0780019462108612;-0.5112216472625732;-0.8558526635169983;[];
18.95;MPIB4;13.400402705244392;35.54249397883146;-0.85125333070755;-0.5246713161468506;0.0014690335374325514;[];
18.95;MPIB3;48.52504354372854;34.037605331611246;-0.5064546465873718;-0.4304995536804199;-0.7470604181289673;[];
18.95;MPIB2;17.53233556179032;55.69999998807907;-0.003374985186383128;-0.47477537393569946;0.8800550103187561;[];
18.95;MPIB1;59.51102048168741;53.675681248233474;-0.0780019462108612;-0.5112216472625732;-0.8558526635169983;[];
19.0;MPIB4;12.969114324730846;35.542832221395344;-0.85125333070755;-0.5246713161468506;0.0014690335374325514;[];
19.0;MPIB3;48.52504354372854;34.037605331611246;-0.5064546465873718;-0.4304995536804199;-0.7470604181289673;[];
19.0;MPIB2;17.53233556179032;55.69999998807907;-0.003374985186383128;-0.47477537393569946;0.8800550103187561;[];
19.0;MPIB1;59.49220015480705;53.47112174305613;-0.07578624039888382;-0.5112216472625732;-0.8560517430305481;[];
19.05;MPIB4;12.969114324730846;35.542832221395344;-0.85125333070755;-0.5246713161468506;0.0014690335374325514;[];
19.05;MPIB3;48.52504354372854;34.037605331611246;-0.5064546465873718;-0.4304995536804199;-0.7470604181289673;[];
19.05;MPIB2;17.53233556179032;55.69999998807907;-0.003374985186383128;-0.47477537393569946;0.8800550103187561;[];
19.05;MPIB1;59.47328211901754;53.26181404782196;-0.07578624039888382;-0.5112216472625732;-0.8560517430305481;[];
19.1;MPIB4;12.753338346219405;35.543001342677286;-0.85125333070755;-0.5246713161468506;0.0014690335374325514;[];
19.1;MPIB3;48.52504354372854;34.037605331611246;-0.5064546465873718;-0.4304995536804199;-0.7470604181289673;[];
19.1;MPIB2;17.53233556179032;55.69999998807907;-0.003374985186383128;-0.47477537393569946;0.8800550103187561;[];
19.1;MPIB1;59.45457281764311;53.04989099703553;-0.07348792254924774;-0.5112216472625732;-0.8562520742416382;[];
19.15;MPIB4;12.321690760377592;35.54333958524117;-0.85125333070755;-0.5246713161468506;0.0014690335374325514;[];
19.15;MPIB3;48.52504354372854;34.037605331611246;-0.5064546465873718;-0.4304995536804199;-0.7470604181289673;[];
19.15;MPIB2;17.53233556179032;55.69999998807907;-0.003374985186383128;-0.47477537393569946;0.8800550103187561;[];
19.15;MPIB1;59.43648310122967;52.83649788107249;-0.06905398517847061;-0.5112216472625732;-0.8566210865974426;[];
19.2;MPIB4;12.321690760377592;35.54333958524117;-0.85125333070755;-0.5246713161468506;0.0014690335374325514;[];
19.2;MPIB3;48.52504354372854;34.037605331611246;-0.5064546465873718;-0.4304995536804199;-0.7470604181289673;[];
19.2;MPIB2;17.53233556179032;55.69999998807907;-0.003374985186383128;-0.47477537393569946;0.8800550103187561;[];
19.2;MPIB1;59.42001536019575;52.622207107076605;-0.05779688060283661;-0.5112216472625732;-0.8574541807174683;[];
19.25;MPIB4;12.321690760377592;35.54333958524117;-0.85125333070755;-0.5246713161468506;0.0014690335374325514;[];
19.25;MPIB3;48.52504354372854;34.037605331611246;-0.5064546465873718;-0.4304995536804199;-0.7470604181289673;[];
19.25;MPIB2;17.53233556179032;55.69999998807907;-0.003374985186383128;-0.47477537393569946;0.8800550103187561;[];
19.25;MPIB1;59.40468634710669;52.40740947773381;-0.05557709187269211;-0.5112216472625732;-0.8576009273529053;[];
19.3;MPIB4;12.321690760377592;35.54333958524117;-0.85125333070755;-0.5246713161468506;0.0014690335374325514;[];
19.3;MPIB3;48.52504354372854;34.037605331611246;-0.5064546465873718;-0.4304995536804199;-0.7470604181289673;[];
19.3;MPIB2;17.53233556179032;55.69999998807907;-0.003374985186383128;-0.47477537393569946;0.8800550103187561;[];
19.3;MPIB1;59.390494843195484;52.19230305294175;-0.05105415731668472;-0.5112216472625732;-0.857882022857666;[];
19.35;MPIB4;12.321690760377592;35.54333958524117;-0.85125333070755;-0.5246713161468506;0.0014690335374325514;[];
19.35;MPIB3;48.52504354372854;34.037605331611246;-0.5064546465873718;-0.4304995536804199;-0.7470604181289673;[];
19.35;MPIB2;17.52594654800771;55.79799926280975;-0.003374985186383128;-0.47477537393569946;0.8800550103187561;[];
19.35;MPIB1;59.3769244193677;51.9770280258148;-0.05105415731668472;-0.5112216472625732;-0.857882022857666;[];
19.4;MPIB4;12.321690760377592;35.54333958524117;-0.85125333070755;-0.5246713161468506;0.0014690335374325514;[];
19.4;MPIB3;48.52504354372854;34.037605331611246;-0.5064546465873718;-0.4304995536804199;-0.7470604181289673;[];
19.4;MPIB2;17.525570723667556;55.94950614775843;-0.003374985186383128;-0.47477537393569946;0.8800550103187561;[];
19.4;MPIB1;59.36369310530472;51.76166094180232;-0.05105415731668472;-0.5112216472625732;-0.857882022857666;[];
19.45;MPIB4;12.321690760377592;35.54333958524117;-0.85125333070755;-0.5246713161468506;0.0014690335374325514;[];
19.45;MPIB3;48.52504354372854;34.037605331611246;-0.5064546465873718;-0.4304995536804199;-0.7470604181289673;[];
19.45;MPIB2;17.525194899327403;56.13022819127957;-0.003374985186383128;-0.47477537393569946;0.8800550103187561;[];
19.45;MPIB1;59.35064694519474;51.5462435947245;-0.05105415731668472;-0.5112216472625732;-0.857882022857666;[];
19.5;MPIB4;12.321690760377592;35.54333958524117;-0.85125333070755;-0.5246713161468506;0.0014690335374325514;[];
19.5;MPIB3;48.52504354372854;34.037605331611246;-0.5064546465873718;-0.4304995536804199;-0.7470604181289673;[];
19.5;MPIB2;17.52481907498725;56.326901713234065;-0.003374985186383128;-0.47477537393569946;0.8800550103187561;[];
19.5;MPIB1;59.33770187915502;51.33079880400982;-0.05105415731668472;-0.5112216472625732;-0.857882022857666;[];
19.55;MPIB4;12.321690760377592;35.54333958524117;-0.85125333070755;-0.5246713161468506;0.0014690335374325514;[];
19.55;MPIB3;48.52504354372854;34.037605331611246;-0.5064546465873718;-0.4304995536804199;-0.7470604181289673;[];
19.55;MPIB2;17.524443250647096;56.53228474342481;-0.003374985186383128;-0.47477537393569946;0.8800550103187561;[];
19.55;MPIB1;59.32481201048404;51.30000001192093;-0.05105415731668472;-0.5112216472625732;-0.857882022857666;[];
19.6;MPIB4;12.321690760377592;35.54333958524117;-0.85125333070755;-0.5246713161468506;0.0014690335374325514;[];
19.6;MPIB3;48.52504354372854;34.037605331611246;-0.5064546465873718;-0.4304995536804199;-0.7470604181289673;[];
19.6;MPIB2;17.524067426306942;56.74242316566489;-0.003374985186383128;-0.47477537393569946;0.8800550103187561;[];
19.6;MPIB1;59.32481201048404;51.30000001192093;-0.05105415731668472;-0.5112216472625732;-0.857882022857666;[];
19.65;MPIB4;12.321690760377592;35.54333958524117;-0.85125333070755;-0.5246713161468506;0.0014690335374325514;[];
19.65;MPIB3;48.52504354372854;34.037605331611246;-0.5064546465873718;-0.4304995536804199;-0.7470604181289673;[];
19.65;MPIB2;17.52369160196679;56.9551580322655;-0.003374985186383128;-0.47477537393569946;0.8800550103187561;[];
19.65;MPIB1;59.32481201048404;51.30000001192093;-0.05105415731668472;-0.5112216472625732;-0.857882022857666;[];
19.7;MPIB4;12.321690760377592;35.54333958524117;-0.85125333070755;-0.5246713161468506;0.0014690335374325514;[];
19.7;MPIB3;48.52504354372854;34.037605331611246;-0.5064546465873718;-0.4304995536804199;-0.7470604181289673;[];
19.7;MPIB2;17.523315777626635;57.16931055765161;-0.003374985186383128;-0.47477537393569946;0.8800550103187561;[];
19.7;MPIB1;59.32481201048404;51.30000001192093;-0.05105415731668472;-0.5112216472625732;-0.857882022857666;[];
19.75;MPIB4;12.321690760377592;35.54333958524117;-0.85125333070755;-0.5246713161468506;0.0014690335374325514;[];
19.75;MPIB3;48.52504354372854;34.037605331611246;-0.5064546465873718;-0.4304995536804199;-0.7470604181289673;[];
19.75;MPIB2;17.522939953286482;57.38423712482452;-0.003374985186383128;-0.47477537393569946;0.8800550103187561;[];
19.75;MPIB1;59.32481201048404;51.30000001192093;-0.05105415731668472;-0.5112216472625732;-0.857882022857666;[];
19.8;MPIB4;12.321690760377592;35.54333958524117;-0.85125333070755;-0.5246713161468506;0.0014690335374325514;[];
19.8;MPIB3;48.52504354372854;34.037605331611246;-0.5064546465873718;-0.4304995536804199;-0.7470604181289673;[];
19.8;MPIB2;17.52256412894633;57.59958631886212;-0.003374985186383128;-0.47477537393569946;0.8800550103187561;[];
19.8;MPIB1;59.32481201048404;51.30000001192093;-0.05105415731668472;-0.5112216472625732;-0.857882022857666;[];
19.85;MPIB4;12.321690760377592;35.54333958524117;-0.85125333070755;-0.5246713161468506;0.0014690335374325514;[];
19.85;MPIB3;48.52504354372854;34.037605331611246;-0.5064546465873718;-0.4304995536804199;-0.7470604181289673;[];
19.85;MPIB2;17.52500674009491;57.815136300959466;0.02195657789707184;-0.4794096350669861;0.8772705793380737;[];
19.85;MPIB1;59.32481201048404;51.30000001192093;-0.05105415731668472;-0.5112216472625732;-0.857882022857666;[];
19.9;MPIB4;12.321690760377592;35.54333958524117;-0.85125333070755;-0.5246713161468506;0.0014690335374325514;[];
19.9;MPIB3;48.52504354372854;34.037605331611246;-0.5064546465873718;-0.4304995536804199;-0.7470604181289673;[];
19.9;MPIB2;17.530781706070343;58.030655738126825;0.051572080701589584;-0.48629406094551086;0.872225284576416;[];
19.9;MPIB1;59.32481201048404;51.30000001192093;-0.05105415731668472;-0.5112216472625732;-0.857882022857666;[];
19.95;MPIB4;12.321690760377592;35.54333958524117;-0.85125333070755;-0.5246713161468506;0.0014690335374325514;[];
19.95;MPIB3;48.52504354372854;34.037605331611246;-0.5064546465873718;-0.4304995536804199;-0.7470604181289673;[];
19.95;MPIB2;17.470703943353215;58.22579973412533;0.08740819990634918;-0.4977288246154785;0.8628690242767334;[];
19.95;MPIB1;59.32481201048404;51.30000001192093;-0.05105415731668472;-0.5112216472625732;-0.857882022857666;[];
20.0;MPIB4;12.321690760377592;35.54333958524117;-0.85125333070755;-0.5246713161468506;0.0014690335374325514;[];
20.0;MPIB3;48.52504354372854;34.037605331611246;-0.5064546465873718;-0.4304995536804199;-0.7470604181289673;[];
20.0;MPIB2;17.38073018104592;58.414391688256984;0.1502680480480194;-0.5202569365501404;0.8406349420547485;[];
20.0;MPIB1;59.32481201048404;51.30000001192093;-0.05105415731668472;-0.5112216472625732;-0.857882022857666;[];
20.05;MPIB4;12.321690760377592;35.54333958524117;-0.85125333070755;-0.5246713161468506;0.0014690335374325514;[];
20.05;MPIB3;48.52504354372854;34.037605331611246;-0.5064546465873718;-0.4304995536804199;-0.7470604181289673;[];
20.05;MPIB2;17.280591176710345;58.60336975717743;0.2093459814786911;-0.533538818359375;0.8194047212600708;[];
20.05;MPIB1;59.32481201048404;51.30000001192093;-0.05105415731668472;-0.5112216472625732;-0.857882022857666;[];
20.1;MPIB4;12.321690760377592;35.54333958524117;-0.85125333070755;-0.5246713161468506;0.0014690335374325514;[];
20.1;MPIB3;48.52504354372854;34.037605331611246;-0.5064546465873718;-0.4304995536804199;-0.7470604181289673;[];
20.1;MPIB2;17.132674647836097;58.69999998807907;0.25684964656829834;-0.5511781573295593;0.7938153147697449;[];
20.1;MPIB1;59.32481201048404;51.30000001192093;-0.05105415731668472;-0.5112216472625732;-0.857882022857666;[];
20.15;MPIB4;12.321690760377592;35.54333958524117;-0.85125333070755;-0.5246713161468506;0.0014690335374325514;[];
20.15;MPIB3;48.52504354372854;34.037605331611246;-0.5064546465873718;-0.4304995536804199;-0.7470604181289673;[];
20.15;MPIB2;16.961132998592575;58.69999998807907;0.3104725778102875;-0.5663641095161438;0.7633799910545349;[];
20.15;MPIB1;59.32481201048404;51.30000001192093;-0.05105415731668472;-0.5112216472625732;-0.857882022857666;[];
20.2;MPIB4;12.300000011920929;35.54672201088002;-0.85125333070755;-0.5246713161468506;0.0014690335374325514;[];
20.2;MPIB3;48.52504354372854;34.037605331611246;-0.5064546465873718;-0.4304995536804199;-0.7470604181289673;[];
20.2;MPIB2;16.78141331604172;58.69999998807907;0.3870226740837097;-0.5877386927604675;0.7104122042655945;[];
20.2;MPIB1;59.398924078810296;51.30000001192093;-0.05105415731668472;-0.5112216472625732;-0.857882022857666;[];
20.25;MPIB4;12.300000011920929;35.54672201088002;-0.85125333070755;-0.5246713161468506;0.0014690335374325514;[];
20.25;MPIB3;48.52504354372854;34.037605331611246;-0.5064546465873718;-0.4304995536804199;-0.7470604181289673;[];
20.25;MPIB2;16.60289347574337;58.75603674352169;0.461777925491333;-0.5898310542106628;0.6623965501785278;[];
20.25;MPIB1;59.55016448099241;51.30000001192093;-0.05105415731668472;-0.5112216472625732;-0.857882022857666;[];
20.3;MPIB4;12.300000011920929;35.54672201088002;-0.85125333070755;-0.5246713161468506;0.0014690335374325514;[];
20.3;MPIB3;48.52504354372854;34.037605331611246;-0.5064546465873718;-0.4304995536804199;-0.7470604181289673;[];
20.3;MPIB2;16.5054216316189;58.786632815547165;0.5685272216796875;-0.5813601613044739;0.5819849371910095;[];
20.3;MPIB1;59.632741750175455;51.30000001192093;-0.05105415731668472;-0.5112216472625732;-0.857882022857666;[];
20.35;MPIB4;12.300000011920929;35.54672201088002;-0.85125333070755;-0.5246713161468506;0.0014690335374325514;[];
20.35;MPIB3;48.52504354372854;34.037605331611246;-0.5064546465873718;-0.4304995536804199;-0.7470604181289673;[];
20.35;MPIB2;16.45220199854532;58.80333827281345;0.6786161661148071;-0.5620104074478149;0.47279515862464905;[];
20.35;MPIB1;59.67782894438642;51.30000001192093;-0.05105415731668472;-0.5112216472625732;-0.857882022857666;[];
20.4;MPIB4;12.300000011920929;35.54672201088002;-0.85125333070755;-0.5246713161468506;0.0014690335374325514;[];
20.4;MPIB3;48.52504354372854;34.037605331611246;-0.5064546465873718;-0.4304995536804199;-0.7470604181289673;[];
20.4;MPIB2;16.423144075512027;58.8124594535403;0.7414880394935608;-0.5467707514762878;0.3887794315814972;[];
20.4;MPIB1;59.67782894438642;51.30000001192093;-0.05105415731668472;-0.5112216472625732;-0.857882022857666;[];
20.45;MPIB4;12.300000011920929;35.54672201088002;-0.85125333070755;-0.5246713161468506;0.0014690335374325514;[];
20.45;MPIB3;48.52504354372854;34.037605331611246;-0.5064546465873718;-0.4304995536804199;-0.7470604181289673;[];
20.45;MPIB2;16.423144075512027;58.8124594535403;0.7558826208114624;-0.5424286723136902;0.36650407314300537;[];
20.45;MPIB1;59.715887772396854;51.30000001192093;-0.05105415731668472;-0.5112216472625732;-0.857882022857666;[];
20.5;MPIB4;12.300000011920929;35.54672201088002;-0.85125333070755;-0.5246713161468506;0.0014690335374325514;[];
20.5;MPIB3;48.52504354372854;34.037605331611246;-0.5064546465873718;-0.4304995536804199;-0.7470604181289673;[];
20.5;MPIB2;16.423144075512027;58.8124594535403;0.7650527358055115;-0.5379912257194519;0.35379758477211;[];
20.5;MPIB1;59.715887772396854;51.30000001192093;-0.05105415731668472;-0.5112216472625732;-0.857882022857666;[];
20.55;MPIB4;12.300000011920929;35.54672201088002;-0.85125333070755;-0.5246713161468506;0.0014690335374325514;[];
20.55;MPIB3;48.52504354372854;34.037605331611246;-0.5064546465873718;-0.4304995536804199;-0.7470604181289673;[];
20.55;MPIB2;16.423144075512027;58.8124594535403;0.7672291994094849;-0.5358073711395264;0.352396160364151;[];
20.55;MPIB1;59.715887772396854;51.30000001192093;-0.05105415731668472;-0.5112216472625732;-0.857882022857666;[];
20.6;MPIB4;12.300000011920929;35.54672201088002;-0.85125333070755;-0.5246713161468506;0.0014690335374325514;[];
20.6;MPIB3;48.52504354372854;34.037605331611246;-0.5064546465873718;-0.4304995536804199;-0.7470604181289673;[];
20.6;MPIB2;16.423144075512027;58.8124594535403;0.7672291994094849;-0.5358073711395264;0.352396160364151;[];
20.6;MPIB1;59.715887772396854;51.30000001192093;-0.05105415731668472;-0.5112216472625732;-0.857882022857666;[];
20.65;MPIB4;12.300000011920929;35.54672201088002;-0.85125333070755;-0.5246713161468506;0.0014690335374325514;[];
20.65;MPIB3;48.52504354372854;34.037605331611246;-0.5064546465873718;-0.4304995536804199;-0.7470604181289673;[];
20.65;MPIB2;16.353221197158177;58.90660056778739;0.7681724429130554;-0.5358073711395264;0.3503352999687195;[];
20.65;MPIB1;59.715887772396854;51.30000001192093;-0.05105415731668472;-0.5112216472625732;-0.857882022857666;[];
20.7;MPIB4;12.300000011920929;35.54672201088002;-0.85125333070755;-0.5246713161468506;0.0014690335374325514;[];
20.7;MPIB3;48.52504354372854;34.037605331611246;-0.5064546465873718;-0.4304995536804199;-0.7470604181289673;[];
20.7;MPIB2;16.292225716642065;59.04527396150584;0.7753263115882874;-0.5358073711395264;0.3342047929763794;[];
20.7;MPIB1;59.715887772396854;51.30000001192093;-0.05105415731668472;-0.5112216472625732;-0.857882022857666;[];
20.75;MPIB4;12.300000011920929;35.54672201088002;-0.85125333070755;-0.5246713161468506;0.0014690335374325514;[];
20.75;MPIB3;48.52504354372854;34.037605331611246;-0.5064546465873718;-0.4304995536804199;-0.7470604181289673;[];
20.75;MPIB2;16.22321457254668;59.212249383563716;0.7862498164176941;-0.5358073711395264;0.30762794613838196;[];
20.75;MPIB1;59.715887772396854;51.30000001192093;-0.05105415731668472;-0.5112216472625732;-0.857882022857666;[];
20.8;MPIB4;12.300000011920929;35.54672201088002;-0.85125333070755;-0.5246713161468506;0.0014690335374325514;[];
20.8;MPIB3;48.52504354372854;34.037605331611246;-0.5064546465873718;-0.4304995536804199;-0.7470604181289673;[];
20.8;MPIB2;16.18553448349394;59.30341797459678;0.8012406826019287;-0.533538818359375;0.27067163586616516;[];
20.8;MPIB1;59.715887772396854;51.30000001192093;-0.05105415731668472;-0.5112216472625732;-0.857882022857666;[];
20.85;MPIB4;12.300000011920929;35.54672201088002;-0.85125333070755;-0.5246713161468506;0.0014690335374325514;[];
20.85;MPIB3;48.47005204513903;33.95648855097255;-0.5064546465873718;-0.4304995536804199;-0.7470604181289673;[];
20.85;MPIB2;16.16496115248151;59.35319603108269;0.8184067606925964;-0.5246713161468506;0.2341894954442978;[];
20.85;MPIB1;59.715887772396854;51.30000001192093;-0.05105415731668472;-0.5112216472625732;-0.857882022857666;[];
20.9;MPIB4;12.300000011920929;35.54672201088002;-0.85125333070755;-0.5246713161468506;0.0014690335374325514;[];
20.9;MPIB3;48.38503518483208;33.831082002960756;-0.5064546465873718;-0.4304995536804199;-0.7470604181289673;[];
20.9;MPIB2;16.16496115248151;59.35319603108269;0.8372910022735596;-0.5157464742660522;0.18128569424152374;[];
20.9;MPIB1;59.715887772396854;51.30000001192093;-0.05105415731668472;-0.5112216472625732;-0.857882022857666;[];
20.95;MPIB4;12.300000011920929;35.54672201088002;-0.85125333070755;-0.5246713161468506;0.0014690335374325514;[];
20.95;MPIB3;48.28362447512325;33.681493239154406;-0.5064546465873718;-0.4304995536804199;-0.7470604181289673;[];
20.95;MPIB2;16.147594871871092;59.395214491615576;0.8780643939971924;-0.4771362841129303;0.035544779151678085;[];
20.95;MPIB1;59.715887772396854;51.30000001192093;-0.05105415731668472;-0.5112216472625732;-0.857882022857666;[];
21.0;MPIB4;12.300000011920929;35.54672201088002;-0.85125333070755;-0.5246713161468506;0.0014690335374325514;[];
21.0;MPIB3;48.17347288485348;33.51855890141866;-0.5045191049575806;-0.4304995536804199;-0.7483689785003662;[];
21.0;MPIB2;16.147594871871092;59.395214491615576;0.88833087682724;-0.45858025550842285;-0.02214823104441166;[];
21.0;MPIB1;59.715887772396854;51.30000001192093;-0.05105415731668472;-0.5112216472625732;-0.857882022857666;[];
21.05;MPIB4;12.050492410583981;35.54976619395498;-0.85125333070755;-0.5246713161468506;0.0014690335374325514;[];
21.05;MPIB3;48.05854877324316;33.348337879471075;-0.5045191049575806;-0.4304995536804199;-0.7483689785003662;[];
21.05;MPIB2;16.147594871871092;59.395214491615576;0.88833087682724;-0.45858025550842285;-0.02214823104441166;[];
21.05;MPIB1;59.715887772396854;51.30000001192093;-0.05105415731668472;-0.5112216472625732;-0.857882022857666;[];
21.1;MPIB4;11.869769322842924;35.54993531523692;-0.85125333070755;-0.5246713161468506;0.0014690335374325514;[];
21.1;MPIB3;47.938911035822684;33.17559981847043;-0.5239315629005432;-0.4304995536804199;-0.7349090576171875;[];
21.1;MPIB2;16.147594871871092;59.395214491615576;0.88833087682724;-0.45858025550842285;-0.02214823104441166;[];
21.1;MPIB1;59.715887772396854;51.30000001192093;-0.05105415731668472;-0.5112216472625732;-0.857882022857666;[];
21.15;MPIB4;11.673094664500159;35.550104436518865;-0.85125333070755;-0.5246713161468506;0.0014690335374325514;[];
21.15;MPIB3;47.815248035716195;33.00254251580438;-0.5373005270957947;-0.4304995536804199;-0.7251922488212585;[];
21.15;MPIB2;16.147594871871092;59.395214491615576;0.88833087682724;-0.45858025550842285;-0.02214823104441166;[];
21.15;MPIB1;59.715887772396854;51.30000001192093;-0.05105415731668472;-0.5112216472625732;-0.857882022857666;[];
21.2;MPIB4;11.467710447597224;35.55027355780081;-0.85125333070755;-0.5246713161468506;0.0014690335374325514;[];
21.2;MPIB3;47.688560074744714;32.82992487971342;-0.5449184775352478;-0.4304995536804199;-0.7194855213165283;[];
21.2;MPIB2;16.147594871871092;59.395214491615576;0.88833087682724;-0.45858025550842285;-0.02214823104441166;[];
21.2;MPIB1;59.715887772396854;51.30000001192093;-0.05105415731668472;-0.5112216472625732;-0.857882022857666;[];
21.25;MPIB4;11.257570811168083;35.55044267908275;-0.85125333070755;-0.5246713161468506;0.0014690335374325514;[];
21.25;MPIB3;47.55961559466209;32.65801480318106;-0.5511924028396606;-0.42807504534721375;-0.7161456346511841;[];
21.25;MPIB2;16.147594871871092;59.395214491615576;0.889454185962677;-0.45627835392951965;-0.024480268359184265;[];
21.25;MPIB1;59.715887772396854;51.30000001192093;-0.05105415731668472;-0.5112216472625732;-0.857882022857666;[];
21.3;MPIB4;11.044834715376044;35.55061180036469;-0.85125333070755;-0.5246713161468506;0.0014690335374325514;[];
21.3;MPIB3;47.42842418906696;32.48728283486321;-0.5605509281158447;-0.42807504534721375;-0.7088443040847778;[];
21.3;MPIB2;16.147594871871092;59.395214491615576;0.889454185962677;-0.45627835392951965;-0.024480268359184265;[];
21.3;MPIB1;59.715887772396854;51.30000001192093;-0.05105415731668472;-0.5112216472625732;-0.857882022857666;[];
21.35;MPIB4;10.830680952607203;35.550780921646634;-0.85125333070755;-0.5246713161468506;0.0014690335374325514;[];
21.35;MPIB3;47.29540353040409;32.31767437067987;-0.5667986273765564;-0.42573419213294983;-0.705277144908905;[];
21.35;MPIB2;16.147594871871092;59.395214491615576;0.8895148038864136;-0.45627835392951965;-0.022177748382091522;[];
21.35;MPIB1;59.715887772396854;51.30000001192093;-0.05105415731668472;-0.5112216472625732;-0.857882022857666;[];
21.4;MPIB4;10.615753143579116;35.55095004292858;-0.85125333070755;-0.5246713161468506;0.0014690335374325514;[];
21.4;MPIB3;47.16098944219607;32.14899819487246;-0.571135401725769;-0.4233904778957367;-0.7031865119934082;[];
21.4;MPIB2;16.147594871871092;59.395214491615576;0.8896622657775879;-0.45627835392951965;-0.015184062533080578;[];
21.4;MPIB1;59.715887772396854;51.30000001192093;-0.05105415731668472;-0.5112216472625732;-0.857882022857666;[];
21.45;MPIB4;10.400402705244392;35.55111916421052;-0.85125333070755;-0.5246713161468506;0.0014690335374325514;[];
21.45;MPIB3;47.025814541367936;31.980831048577414;-0.571135401725769;-0.4233904778957367;-0.7031865119934082;[];
21.45;MPIB2;16.147594871871092;59.395214491615576;0.8897548913955688;-0.45627835392951965;-0.008189438842236996;[];
21.45;MPIB1;59.727233720603635;51.30000001192093;-0.05105415731668472;-0.5112216472625732;-0.857882022857666;[];
21.5;MPIB4;10.184821511281442;35.55128828549246;-0.85125333070755;-0.5246713161468506;0.0014690335374325514;[];
21.5;MPIB3;46.89022423680103;31.812941832428436;-0.571135401725769;-0.4233904778957367;-0.7031865119934082;[];
21.5;MPIB2;16.147594871871092;59.395214491615576;0.8897861242294312;-0.45627835392951965;-0.003497613361105323;[];
21.5;MPIB1;59.727233720603635;51.30000001192093;-0.05105415731668472;-0.5112216472625732;-0.857882022857666;[];
21.55;MPIB4;10.184821511281442;35.55128828549246;-0.85125333070755;-0.5246713161468506;0.0014690335374325514;[];
21.55;MPIB3;46.75440712176646;31.645204366156804;-0.571135401725769;-0.4233904778957367;-0.7031865119934082;[];
21.55;MPIB2;16.147594871871092;59.395214491615576;0.8897868394851685;-0.45627835392951965;0.003412306308746338;[];
21.55;MPIB1;59.727233720603635;51.30000001192093;-0.05105415731668472;-0.5112216472625732;-0.857882022857666;[];
21.6;MPIB4;9.753338346219405;35.551626528056346;-0.85125333070755;-0.5246713161468506;0.0014690335374325514;[];
21.6;MPIB3;46.618466168202076;31.47754975532783;-0.571135401725769;-0.4233904778957367;-0.7031865119934082;[];
21.6;MPIB2;16.147594871871092;59.395214491615576;0.8897868394851685;-0.45627835392951965;0.003412306308746338;[];
21.6;MPIB1;59.727233720603635;51.30000001192093;-0.05105415731668472;-0.5112216472625732;-0.857882022857666;[];
21.65;MPIB4;9.537524807292982;35.55179564933829;-0.85125333070755;-0.5246713161468506;0.0014690335374325514;[];
21.65;MPIB3;46.48245759879262;31.30994038357582;-0.571135401725769;-0.4233904778957367;-0.7031865119934082;[];
21.65;MPIB2;16.147594871871092;59.395214491615576;0.8944953083992004;-0.446954607963562;0.00574590964242816;[];
21.65;MPIB1;59.72141185881128;51.202173106372356;-0.05105415731668472;-0.5112216472625732;-0.857882022857666;[];
21.7;MPIB4;9.321690760377592;35.55196477062023;-0.85125333070755;-0.5246713161468506;0.0014690335374325514;[];
21.7;MPIB3;46.346011851036565;31.142682561882907;-0.5748354196548462;-0.4233904778957367;-0.7001650929450989;[];
21.7;MPIB2;16.147594871871092;59.395214491615576;0.9036834836006165;-0.42807504534721375;0.005804930813610554;[];
21.7;MPIB1;59.71241126011114;51.05093270419013;-0.05105415731668472;-0.5112216472625732;-0.857882022857666;[];
21.75;MPIB4;9.321690760377592;35.55196477062023;-0.85125333070755;-0.5246713161468506;0.0014690335374325514;[];
21.75;MPIB3;46.27151246410847;31.051359780631202;-0.5748354196548462;-0.4233904778957367;-0.7001650929450989;[];
21.75;MPIB2;16.147594871871092;59.395214491615576;0.9047887921333313;-0.42573419213294983;0.005812030751258135;[];
21.75;MPIB1;59.70167507085762;50.87052852945851;-0.05105415731668472;-0.5112216472625732;-0.857882022857666;[];
21.8;MPIB4;9.321690760377592;35.55196477062023;-0.85125333070755;-0.5246713161468506;0.0014690335374325514;[];
21.8;MPIB3;46.23083579412105;31.001497536276133;-0.5748354196548462;-0.4233904778957367;-0.7001650929450989;[];
21.8;MPIB2;16.147594871871092;59.395214491615576;0.9047887921333313;-0.42573419213294983;0.005812030751258135;[];
21.8;MPIB1;59.6899912490519;50.67420093306535;-0.05105415731668472;-0.5112216472625732;-0.857882022857666;[];
21.85;MPIB4;9.321690760377592;35.55196477062023;-0.85125333070755;-0.5246713161468506;0.0014690335374325514;[];
21.85;MPIB3;46.20862632972819;30.974272747696034;-0.5748354196548462;-0.4233904778957367;-0.7001650929450989;[];
21.85;MPIB2;16.147594871871092;59.395214491615576;0.9047887921333313;-0.42573419213294983;0.005812030751258135;[];
21.85;MPIB1;59.67779001981262;50.46917914743514;-0.05105415731668472;-0.5112216472625732;-0.857882022857666;[];
21.9;MPIB4;9.321690760377592;35.55196477062023;-0.85125333070755;-0.5246713161468506;0.0014690335374325514;[];
21.9;MPIB3;46.20862632972819;30.974272747696034;-0.5748354196548462;-0.4233904778957367;-0.7001650929450989;[];
21.9;MPIB2;16.147594871871092;59.395214491615576;0.9047887921333313;-0.42573419213294983;0.005812030751258135;[];
21.9;MPIB1;59.665306286081886;50.259410333930134;-0.05105415731668472;-0.5112216472625732;-0.857882022857666;[];
21.95;MPIB4;9.321690760377592;35.55196477062023;-0.85125333070755;-0.5246713161468506;0.0014690335374325514;[];
21.95;MPIB3;46.20862632972819;30.974272747696034;-0.5748354196548462;-0.4233904778957367;-0.7001650929450989;[];
21.95;MPIB2;16.14424612212929;59.40774086990575;0.9047887921333313;-0.42573419213294983;0.005812030751258135;[];
21.95;MPIB1;59.65266830488076;50.047049642904426;-0.05105415731668472;-0.5112216472625732;-0.857882022857666;[];
22.0;MPIB4;9.321690760377592;35.55196477062023;-0.85125333070755;-0.5246713161468506;0.0014690335374325514;[];
22.0;MPIB3;46.186263897085496;30.94686044769327;-0.5748354196548462;-0.4233904778957367;-0.7001650929450989;[];
22.0;MPIB2;16.14424612212929;59.40774086990575;0.9047887921333313;-0.42573419213294983;0.005812030751258135;[];
22.0;MPIB1;59.6399461045512;49.83327378658805;-0.05105415731668472;-0.5112216472625732;-0.857882022857666;[];
22.05;MPIB4;9.321690760377592;35.55196477062023;-0.85125333070755;-0.5246713161468506;0.0014690335374325514;[];
22.05;MPIB3;46.186263897085496;30.94686044769327;-0.5748354196548462;-0.4233904778957367;-0.7001650929450989;[];
22.05;MPIB2;16.14424612212929;59.40774086990575;0.9047887921333313;-0.42573419213294983;0.005812030751258135;[];
22.05;MPIB1;59.62717792057197;49.61872524993322;-0.05105415731668472;-0.5112216472625732;-0.857882022857666;[];
22.1;MPIB4;9.321690760377592;35.55196477062023;-0.85125333070755;-0.5246713161468506;0.0014690335374325514;[];
22.1;MPIB3;46.186263897085496;30.94686044769327;-0.5748354196548462;-0.4233904778957367;-0.7001650929450989;[];
22.1;MPIB2;16.14424612212929;59.40774086990575;0.9047887921333313;-0.42573419213294983;0.005812030751258135;[];
22.1;MPIB1;59.61438462951719;49.40375482976458;-0.05105415731668472;-0.5112216472625732;-0.857882022857666;[];
22.15;MPIB4;9.321690760377592;35.55196477062023;-0.85125333070755;-0.5246713161468506;0.0014690335374325514;[];
22.15;MPIB3;46.186263897085496;30.94686044769327;-0.5748354196548462;-0.4233904778957367;-0.7001650929450989;[];
22.15;MPIB2;16.14424612212929;59.40774086990575;0.9047887921333313;-0.42573419213294983;0.005812030751258135;[];
22.15;MPIB1;59.601577629997564;49.188554061170635;-0.05105415731668472;-0.5112216472625732;-0.857882022857666;[];
22.2;MPIB4;9.321690760377592;35.55196477062023;-0.85125333070755;-0.5246713161468506;0.0014690335374325514;[];
22.2;MPIB3;46.186263897085496;30.94686044769327;-0.5748354196548462;-0.4233904778957367;-0.7001650929450989;[];
22.2;MPIB2;16.14424612212929;59.40774086990575;0.9047887921333313;-0.42573419213294983;0.005812030751258135;[];
22.2;MPIB1;59.58876314565532;48.97322752232188;-0.05105415731668472;-0.5112216472625732;-0.857882022857666;[];
22.25;MPIB4;9.321690760377592;35.55196477062023;-0.85125333070755;-0.5246713161468506;0.0014690335374325514;[];
22.25;MPIB3;46.186263897085496;30.94686044769327;-0.5748354196548462;-0.4233904778957367;-0.7001650929450989;[];
22.25;MPIB2;16.24224402595314;59.40837037289464;0.9047887921333313;-0.42573419213294983;0.005812030751258135;[];
22.25;MPIB1;59.57594457459936;48.75783231290603;-0.05105415731668472;-0.5112216472625732;-0.857882022857666;[];
22.3;MPIB4;9.321690760377592;35.55196477062023;-0.85125333070755;-0.5246713161468506;0.0014690335374325514;[];
22.3;MPIB3;46.186263897085496;30.94686044769327;-0.5748354196548462;-0.4233904778957367;-0.7001650929450989;[];
22.3;MPIB2;16.393748791479766;59.408999875883524;0.9047887921333313;-0.42573419213294983;0.005812030751258135;[];
22.3;MPIB1;59.563123772197514;48.54239960935618;-0.05105415731668472;-0.5112216472625732;-0.857882022857666;[];
22.35;MPIB4;9.321690760377592;35.55196477062023;-0.85125333070755;-0.5246713161468506;0.0014690335374325514;[];
22.35;MPIB3;46.186263897085496;30.94686044769327;-0.5748354196548462;-0.4233904778957367;-0.7001650929450989;[];
22.35;MPIB2;16.574468306889457;59.40962937887241;0.9047887921333313;-0.42573419213294983;0.005812030751258135;[];
22.35;MPIB1;59.550301751480674;48.3269464340068;-0.05105415731668472;-0.5112216472625732;-0.857882022857666;[];
22.4;MPIB4;9.321690760377592;35.55196477062023;-0.85125333070755;-0.5246713161468506;0.0014690335374325514;[];
22.4;MPIB3;46.186263897085496;30.94686044769327;-0.5748354196548462;-0.4233904778957367;-0.7001650929450989;[];
22.4;MPIB2;16.771139077588145;59.410258881861296;0.9047887921333313;-0.42573419213294983;0.005812030751258135;[];
22.4;MPIB1;59.550301751480674;48.3269464340068;-0.05105415731668472;-0.5112216472625732;-0.857882022857666;[];
22.45;MPIB4;9.321690760377592;35.55196477062023;-0.85125333070755;-0.5246713161468506;0.0014690335374325514;[];
22.45;MPIB3;46.186263897085496;30.94686044769327;-0.5748354196548462;-0.4233904778957367;-0.7001650929450989;[];
22.45;MPIB2;16.97651923468618;59.41088838485018;0.9047887921333313;-0.42573419213294983;0.005812030751258135;[];
22.45;MPIB1;59.550301751480674;48.3269464340068;-0.05105415731668472;-0.5112216472625732;-0.857882022857666;[];
22.5;MPIB4;9.321690760377592;35.55196477062023;-0.85125333070755;-0.5246713161468506;0.0014690335374325514;[];
22.5;MPIB3;46.186263897085496;30.94686044769327;-0.5748354196548462;-0.4233904778957367;-0.7001650929450989;[];
22.5;MPIB2;17.186654717310603;59.41151788783907;0.9047887921333313;-0.42573419213294983;0.005812030751258135;[];
22.5;MPIB1;59.550301751480674;48.3269464340068;-0.05105415731668472;-0.5112216472625732;-0.857882022857666;[];
22.55;MPIB4;9.321690760377592;35.55196477062023;-0.85125333070755;-0.5246713161468506;0.0014690335374325514;[];
22.55;MPIB3;46.186263897085496;30.94686044769327;-0.5748354196548462;-0.4233904778957367;-0.7001650929450989;[];
22.55;MPIB2;17.399386607974066;59.412147390827954;0.9047887921333313;-0.42573419213294983;0.005812030751258135;[];
22.55;MPIB1;59.550301751480674;48.3269464340068;-0.05105415731668472;-0.5112216472625732;-0.857882022857666;[];
22.6;MPIB4;9.321690760377592;35.55196477062023;-0.85125333070755;-0.5246713161468506;0.0014690335374325514;[];
22.6;MPIB3;46.186263897085496;30.94686044769327;-0.5748354196548462;-0.4233904778957367;-0.7001650929450989;[];
22.6;MPIB2;17.613536137591495;59.41277689381684;0.9047887921333313;-0.42573419213294983;0.005812030751258135;[];
22.6;MPIB1;59.550301751480674;48.3269464340068;-0.05105415731668472;-0.5112216472625732;-0.857882022857666;[];
22.65;MPIB4;9.321690760377592;35.55196477062023;-0.85125333070755;-0.5246713161468506;0.0014690335374325514;[];
22.65;MPIB3;46.186263897085496;30.94686044769327;-0.5748354196548462;-0.4233904778957367;-0.7001650929450989;[];
22.65;MPIB2;17.82845969816765;59.413406396805726;0.9047887921333313;-0.42573419213294983;0.005812030751258135;[];
22.65;MPIB1;59.550301751480674;48.3269464340068;-0.05105415731668472;-0.5112216472625732;-0.857882022857666;[];
22.7;MPIB4;9.300000011920929;35.55534719625908;-0.85125333070755;-0.5246713161468506;0.0014690335374325514;[];
22.7;MPIB3;46.186263897085496;30.94686044769327;-0.5748354196548462;-0.4233904778957367;-0.7001650929450989;[];
22.7;MPIB2;18.04380587969638;59.41403589979461;0.9047887921333313;-0.42573419213294983;0.005812030751258135;[];
22.7;MPIB1;59.550301751480674;48.3269464340068;-0.05105415731668472;-0.5112216472625732;-0.857882022857666;[];
22.75;MPIB4;9.300000011920929;35.55534719625908;-0.85125333070755;-0.5246713161468506;0.0014690335374325514;[];
22.75;MPIB3;46.186263897085496;30.94686044769327;-0.5748354196548462;-0.4233904778957367;-0.7001650929450989;[];
22.75;MPIB2;18.259382812292074;59.4146654027835;0.9047887921333313;-0.42573419213294983;0.005812030751258135;[];
22.75;MPIB1;59.550301751480674;48.3269464340068;-0.05105415731668472;-0.5112216472625732;-0.857882022857666;[];
22.8;MPIB4;9.300000011920929;35.55534719625908;-0.85125333070755;-0.5246713161468506;0.0014690335374325514;[];
22.8;MPIB3;46.186263897085496;30.94686044769327;-0.5748354196548462;-0.4233904778957367;-0.7001650929450989;[];
22.8;MPIB2;18.475085734984873;59.415294905772384;0.9047887921333313;-0.42573419213294983;0.005812030751258135;[];
22.8;MPIB1;59.550301751480674;48.3269464340068;-0.05105415731668472;-0.5112216472625732;-0.857882022857666;[];
22.85;MPIB4;9.300000011920929;35.55534719625908;-0.8539052605628967;-0.5202569365501404;-0.009660734795033932;[];
22.85;MPIB3;46.186263897085496;30.94686044769327;-0.5748354196548462;-0.4233904778957367;-0.7001650929450989;[];
22.85;MPIB2;18.690857448278734;59.41592440876127;0.9047887921333313;-0.42573419213294983;0.005812030751258135;[];
22.85;MPIB1;59.550301751480674;48.3269464340068;-0.05105415731668472;-0.5112216472625732;-0.857882022857666;[];
22.9;MPIB4;9.300000011920929;35.55534719625908;-0.8550410866737366;-0.5179625153541565;-0.0231228768825531;[];
22.9;MPIB3;46.186263897085496;30.94686044769327;-0.5748354196548462;-0.4233904778957367;-0.7001650929450989;[];
22.9;MPIB2;18.906666721245188;59.41655391175016;0.9047887921333313;-0.42573419213294983;0.005812030751258135;[];
22.9;MPIB1;59.550301751480674;48.3269464340068;-0.05105415731668472;-0.5112216472625732;-0.857882022857666;[];
22.95;MPIB4;9.300000011920929;35.55534719625908;-0.8549759387969971;-0.5179625153541565;-0.025418119505047798;[];
22.95;MPIB3;46.186263897085496;30.94686044769327;-0.5748354196548462;-0.4233904778957367;-0.7001650929450989;[];
22.95;MPIB2;19.122496501795126;59.41718341473904;0.9047887921333313;-0.42573419213294983;0.005812030751258135;[];
22.95;MPIB1;59.550301751480674;48.3269464340068;-0.05105415731668472;-0.5112216472625732;-0.857882022857666;[];
23.0;MPIB4;9.300000011920929;35.55534719625908;-0.8549072742462158;-0.5179625153541565;-0.02763121761381626;[];
23.0;MPIB3;46.186263897085496;30.94686044769327;-0.5748354196548462;-0.4233904778957367;-0.7001650929450989;[];
23.0;MPIB2;19.33833747948711;59.41781291772793;0.9047887921333313;-0.42573419213294983;0.005812030751258135;[];
23.0;MPIB1;59.550301751480674;48.3269464340068;-0.05105415731668472;-0.5112216472625732;-0.857882022857666;[];
23.05;MPIB4;9.300000011920929;35.55534719625908;-0.8549072742462158;-0.5179625153541565;-0.02763121761381626;[];
23.05;MPIB3;46.186263897085496;30.94686044769327;-0.5748354196548462;-0.4233904778957367;-0.7001650929450989;[];
23.05;MPIB2;19.554184570819302;59.418442420716815;0.9047887921333313;-0.42573419213294983;0.005812030751258135;[];
23.05;MPIB1;59.550301751480674;48.3269464340068;-0.05105415731668472;-0.5112216472625732;-0.857882022857666;[];
23.1;MPIB4;9.300000011920929;35.55534719625908;-0.8549072742462158;-0.5179625153541565;-0.02763121761381626;[];
23.1;MPIB3;46.186263897085496;30.94686044769327;-0.5748354196548462;-0.4233904778957367;-0.7001650929450989;[];
23.1;MPIB2;19.554184570819302;59.418442420716815;0.9047887921333313;-0.42573419213294983;0.005812030751258135;[];
23.1;MPIB1;59.550301751480674;48.3269464340068;-0.05105415731668472;-0.5112216472625732;-0.857882022857666;[];
23.15;MPIB4;9.300000011920929;35.55534719625908;-0.8549072742462158;-0.5179625153541565;-0.02763121761381626;[];
23.15;MPIB3;46.186263897085496;30.94686044769327;-0.5748354196548462;-0.4233904778957367;-0.7001650929450989;[];
23.15;MPIB2;19.69999998807907;59.4190719237057;0.9047887921333313;-0.42573419213294983;0.005812030751258135;[];
23.15;MPIB1;59.550301751480674;48.3269464340068;-0.05105415731668472;-0.5112216472625732;-0.857882022857666;[];
23.2;MPIB4;9.300000011920929;35.55534719625908;-0.8549072742462158;-0.5179625153541565;-0.02763121761381626;[];
23.2;MPIB3;46.186263897085496;30.94686044769327;-0.5748354196548462;-0.4233904778957367;-0.7001650929450989;[];
23.2;MPIB2;19.69999998807907;59.4190719237057;0.9047887921333313;-0.42573419213294983;0.005812030751258135;[];
23.2;MPIB1;59.550301751480674;48.3269464340068;-0.05105415731668472;-0.5112216472625732;-0.857882022857666;[];
23.25;MPIB4;9.300000011920929;35.55534719625908;-0.8549072742462158;-0.5179625153541565;-0.02763121761381626;[];
23.25;MPIB3;46.186263897085496;30.94686044769327;-0.5748354196548462;-0.4233904778957367;-0.7001650929450989;[];
23.25;MPIB2;19.69999998807907;59.4190719237057;0.9047887921333313;-0.42573419213294983;0.005812030751258135;[];
23.25;MPIB1;59.4416515713915;48.305821873713285;-0.05105415731668472;-0.5112216472625732;-0.857882022857666;[];
23.3;MPIB4;9.300000011920929;35.55534719625908;-0.8549072742462158;-0.5179625153541565;-0.02763121761381626;[];
23.3;MPIB3;46.186263897085496;30.94686044769327;-0.5748354196548462;-0.4233904778957367;-0.7001650929450989;[];
23.3;MPIB2;19.69999998807907;59.4190719237057;0.9047887921333313;-0.42573419213294983;0.005812030751258135;[];
23.3;MPIB1;59.29041116920939;48.31482247241348;-0.05105415731668472;-0.5112216472625732;-0.857882022857666;[];
23.35;MPIB4;9.300000011920929;35.55534719625908;-0.8549072742462158;-0.5179625153541565;-0.02763121761381626;[];
23.35;MPIB3;46.186263897085496;30.94686044769327;-0.5748354196548462;-0.4233904778957367;-0.7001650929450989;[];
23.35;MPIB2;19.69999998807907;59.4190719237057;0.9047887921333313;-0.42573419213294983;0.005812030751258135;[];
23.35;MPIB1;59.207833900026344;48.31973679987459;-0.05105415731668472;-0.5112216472625732;-0.857882022857666;[];
23.4;MPIB4;9.300000011920929;35.52368909903058;-0.8549072742462158;-0.5179625153541565;-0.02763121761381626;[];
23.4;MPIB3;46.186263897085496;30.94686044769327;-0.5748354196548462;-0.4233904778957367;-0.7001650929450989;[];
23.4;MPIB2;19.69999998807907;59.4190719237057;0.9047887921333313;-0.42573419213294983;0.005812030751258135;[];
23.4;MPIB1;59.16274670581538;48.31973679987459;-0.05105415731668472;-0.5112216472625732;-0.857882022857666;[];
23.45;MPIB4;9.300000011920929;35.52368909903058;-0.8549072742462158;-0.5179625153541565;-0.02763121761381626;[];
23.45;MPIB3;46.186263897085496;30.94686044769327;-0.5748354196548462;-0.4233904778957367;-0.7001650929450989;[];
23.45;MPIB2;19.69999998807907;59.4190719237057;0.9047887921333313;-0.42573419213294983;0.005812030751258135;[];
23.45;MPIB1;59.16274670581538;48.31973679987459;-0.05105415731668472;-0.5112216472625732;-0.857882022857666;[];
23.5;MPIB4;9.300000011920929;35.52368909903058;-0.8549072742462158;-0.5179625153541565;-0.02763121761381626;[];
23.5;MPIB3;46.186263897085496;30.94686044769327;-0.5748354196548462;-0.4233904778957367;-0.7001650929450989;[];
23.5;MPIB2;19.69999998807907;59.4190719237057;0.9047887921333313;-0.42573419213294983;0.005812030751258135;[];
23.5;MPIB1;59.124687877804945;48.31973679987459;-0.030891068279743195;-0.5112216472625732;-0.8588444590568542;[];
23.55;MPIB4;9.202051170170307;35.511025990733884;-0.8549072742462158;-0.5179625153541565;-0.02763121761381626;[];
23.55;MPIB3;46.186263897085496;30.94686044769327;-0.5748354196548462;-0.4233904778957367;-0.7001650929450989;[];
23.55;MPIB2;19.69999998807907;59.4190719237057;0.9047887921333313;-0.42573419213294983;0.005812030751258135;[];
23.55;MPIB1;59.124687877804945;48.31973679987459;-0.021832043305039406;-0.5112216472625732;-0.8591225147247314;[];
23.6;MPIB4;9.050622254611994;35.50786021365971;-0.8549072742462158;-0.5179625153541565;-0.02763121761381626;[];
23.6;MPIB3;46.186263897085496;30.94686044769327;-0.5748354196548462;-0.4233904778957367;-0.7001650929450989;[];
23.6;MPIB2;19.69999998807907;59.4190719237057;0.9047887921333313;-0.42573419213294983;0.005812030751258135;[];
23.6;MPIB1;59.124687877804945;48.31973679987459;-0.015077315270900726;-0.5112216472625732;-0.8592675924301147;[];
23.65;MPIB4;8.86999321536301;35.50469443658554;-0.8549072742462158;-0.5179625153541565;-0.02763121761381626;[];
23.65;MPIB3;46.186263897085496;30.94686044769327;-0.5748354196548462;-0.4233904778957367;-0.7001650929450989;[];
23.65;MPIB2;19.69999998807907;59.4190719237057;0.9047887921333313;-0.42573419213294983;0.005812030751258135;[];
23.65;MPIB1;59.124687877804945;48.31973679987459;-0.0016478775069117546;-0.5112216472625732;-0.8593982458114624;[];
23.7;MPIB4;8.67342090672707;35.501528659511365;-0.8549072742462158;-0.5179625153541565;-0.02763121761381626;[];
23.7;MPIB3;46.186263897085496;30.94686044769327;-0.5748354196548462;-0.4233904778957367;-0.7001650929450989;[];
23.7;MPIB2;19.69999998807907;59.4190719237057;0.9047887921333313;-0.42573419213294983;0.005812030751258135;[];
23.7;MPIB1;59.124687877804945;48.31973679987459;0.009639887139201164;-0.5112216472625732;-0.8593457937240601;[];
23.75;MPIB4;8.468143571994737;35.49836288243719;-0.8549072742462158;-0.5179625153541565;-0.02763121761381626;[];
23.75;MPIB3;46.186263897085496;30.94686044769327;-0.5748354196548462;-0.4233904778957367;-0.7001650929450989;[];
23.75;MPIB2;19.69999998807907;59.4190719237057;0.9047887921333313;-0.42573419213294983;0.005812030751258135;[];
23.75;MPIB1;59.124687877804945;48.31973679987459;0.009639887139201164;-0.5112216472625732;-0.8593457937240601;[];
23.8;MPIB4;8.25811329246171;35.49519710536302;-0.8549072742462158;-0.5179625153541565;-0.02763121761381626;[];
23.8;MPIB3;46.186263897085496;30.94686044769327;-0.5748354196548462;-0.4233904778957367;-0.7001650929450989;[];
23.8;MPIB2;19.69999998807907;59.4190719237057;0.9047887921333313;-0.42573419213294983;0.005812030751258135;[];
23.8;MPIB1;59.124687877804945;48.31973679987459;0.009639887139201164;-0.5112216472625732;-0.8593457937240601;[];
23.85;MPIB4;8.045487904766071;35.492031328288846;-0.8549072742462158;-0.5179625153541565;-0.02763121761381626;[];
23.85;MPIB3;46.186263897085496;30.94686044769327;-0.5748354196548462;-0.4233904778957367;-0.7001650929450989;[];
23.85;MPIB2;19.69999998807907;59.4190719237057;0.9047887921333313;-0.42573419213294983;0.005812030751258135;[];
23.85;MPIB1;59.21133575795443;48.320836065637195;0.009639887139201164;-0.5112216472625732;-0.8593457937240601;[];
23.9;MPIB4;7.831445587849069;35.48886555121467;-0.8549072742462158;-0.5179625153541565;-0.02763121761381626;[];
23.9;MPIB3;46.186263897085496;30.94686044769327;-0.5748354196548462;-0.4233904778957367;-0.7001650929450989;[];
23.9;MPIB2;19.69999998807907;59.4190719237057;0.9047887921333313;-0.42573419213294983;0.005812030751258135;[];
23.9;MPIB1;59.36283422280803;48.3219353313998;0.009639887139201164;-0.5112216472625732;-0.8593457937240601;[];
23.95;MPIB4;7.616629627487342;35.4856997741405;-0.8549072742462158;-0.5179625153541565;-0.02763121761381626;[];
23.95;MPIB3;46.186263897085496;30.94686044769327;-0.5748354196548462;-0.4233904778957367;-0.7001650929450989;[];
23.95;MPIB2;19.69999998807907;59.4190719237057;0.9047887921333313;-0.42573419213294983;0.005812030751258135;[];
23.95;MPIB1;59.44555239422607;48.3219353313998;0.009639887139201164;-0.5112216472625732;-0.8593457937240601;[];
24.0;MPIB4;7.4013759244608615;35.483050528822474;-0.8550410866737366;-0.5179625153541565;-0.0231228768825531;[];
24.0;MPIB3;46.186263897085496;30.94686044769327;-0.5748354196548462;-0.4233904778957367;-0.7001650929450989;[];
24.0;MPIB2;19.69999998807907;59.4190719237057;0.9047887921333313;-0.42573419213294983;0.005812030751258135;[];
24.0;MPIB1;59.49071652106613;48.3219353313998;0.009639887139201164;-0.5112216472625732;-0.8593457937240601;[];
24.05;MPIB4;7.185870808694971;35.48090849551559;-0.8551493287086487;-0.5179625153541565;-0.018695879727602005;[];
24.05;MPIB3;46.186263897085496;30.94686044769327;-0.5748354196548462;-0.4233904778957367;-0.7001650929450989;[];
24.05;MPIB2;19.69999998807907;59.4190719237057;0.9047887921333313;-0.42573419213294983;0.005812030751258135;[];
24.05;MPIB1;59.49071652106613;48.3219353313998;0.009639887139201164;-0.5112216472625732;-0.8593457937240601;[];
24.1;MPIB4;6.970228421557418;35.47876646220871;-0.8551493287086487;-0.5179625153541565;-0.018695879727602005;[];
24.1;MPIB3;46.186263897085496;30.94686044769327;-0.5748354196548462;-0.4233904778957367;-0.7001650929450989;[];
24.1;MPIB2;19.69999998807907;59.43166198348342;0.9047887921333313;-0.42573419213294983;0.005812030751258135;[];
24.1;MPIB1;59.52884028914991;48.3219353313998;0.009639887139201164;-0.5112216472625732;-0.8593457937240601;[];
24.15;MPIB4;6.754511084242232;35.47662442890183;-0.8551493287086487;-0.5179625153541565;-0.018695879727602005;[];
24.15;MPIB3;46.186263897085496;30.94686044769327;-0.5748354196548462;-0.4233904778957367;-0.7001650929450989;[];
24.15;MPIB2;19.69999998807907;59.43166198348342;0.9047887921333313;-0.42573419213294983;0.005812030751258135;[];
24.15;MPIB1;59.52884028914991;48.3219353313998;0.009639887139201164;-0.5112216472625732;-0.8593457937240601;[];
24.2;MPIB4;6.538752824125305;35.47448239559495;-0.8551493287086487;-0.5179625153541565;-0.018695879727602005;[];
24.2;MPIB3;46.186263897085496;30.94686044769327;-0.5748354196548462;-0.4233904778957367;-0.7001650929450989;[];
24.2;MPIB2;19.69999998807907;59.43166198348342;0.9047887921333313;-0.42573419213294983;0.005812030751258135;[];
24.2;MPIB1;59.52884028914991;48.3219353313998;0.009639887139201164;-0.5112216472625732;-0.8593457937240601;[];
24.25;MPIB4;6.322972220156031;35.472340362288065;-0.8551493287086487;-0.5179625153541565;-0.018695879727602005;[];
24.25;MPIB3;46.186263897085496;30.94686044769327;-0.5748354196548462;-0.4233904778957367;-0.7001650929450989;[];
24.25;MPIB2;19.69999998807907;59.43166198348342;0.9047887921333313;-0.42573419213294983;0.005812030751258135;[];
24.25;MPIB1;59.52884028914991;48.3219353313998;0.009639887139201164;-0.5112216472625732;-0.8593457937240601;[];
24.3;MPIB4;6.322972220156031;35.472340362288065;-0.8551493287086487;-0.5179625153541565;-0.018695879727602005;[];
24.3;MPIB3;46.186263897085496;30.94686044769327;-0.5748354196548462;-0.4233904778957367;-0.7001650929450989;[];
24.3;MPIB2;19.69999998807907;59.43166198348342;0.9047887921333313;-0.42573419213294983;0.005812030751258135;[];
24.3;MPIB1;59.52884028914991;48.3219353313998;0.009639887139201164;-0.5112216472625732;-0.8593457937240601;[];
24.35;MPIB4;6.322972220156031;35.472340362288065;-0.8551493287086487;-0.5179625153541565;-0.018695879727602005;[];
24.35;MPIB3;46.186263897085496;30.94686044769327;-0.6147909164428711;-0.404276967048645;-0.6771420836448669;[];
24.35;MPIB2;19.69999998807907;59.43166198348342;0.9047887921333313;-0.42573419213294983;0.005812030751258135;[];
24.35;MPIB1;59.52884028914991;48.3219353313998;0.009639887139201164;-0.5112216472625732;-0.8593457937240601;[];
24.4;MPIB4;6.322972220156031;35.472340362288065;-0.8551493287086487;-0.5179625153541565;-0.018695879727602005;[];
24.4;MPIB3;46.186263897085496;30.94686044769327;-0.7241972088813782;-0.3656129837036133;-0.5846368670463562;[];
24.4;MPIB2;19.69999998807907;59.43166198348342;0.9047887921333313;-0.42573419213294983;0.005812030751258135;[];
24.4;MPIB1;59.541304862798825;48.223941503043534;0.009639887139201164;-0.5112216472625732;-0.8593457937240601;[];
24.45;MPIB4;6.322972220156031;35.472340362288065;-0.8551493287086487;-0.5179625153541565;-0.018695879727602005;[];
24.45;MPIB3;46.186263897085496;30.94686044769327;-0.7496024966239929;-0.35102346539497375;-0.5610842108726501;[];
24.45;MPIB2;19.69999998807907;59.43166198348342;0.9047887921333313;-0.42573419213294983;0.005812030751258135;[];
24.45;MPIB1;59.54240412856143;48.072443038190045;0.009639887139201164;-0.5112216472625732;-0.8593457937240601;[];
24.5;MPIB4;6.322972220156031;35.472340362288065;-0.8551493287086487;-0.5179625153541565;-0.018695879727602005;[];
24.5;MPIB3;46.186263897085496;30.94686044769327;-0.7612883448600769;-0.3411290943622589;-0.5513706207275391;[];
24.5;MPIB2;19.69999998807907;59.43166198348342;0.9047887921333313;-0.42573419213294983;0.005812030751258135;[];
24.5;MPIB1;59.543503394324034;47.89173103841583;0.009639887139201164;-0.5112216472625732;-0.8593457937240601;[];
24.55;MPIB4;6.322972220156031;35.472340362288065;-0.8551493287086487;-0.5179625153541565;-0.018695879727602005;[];
24.55;MPIB3;46.186263897085496;30.94686044769327;-0.781914234161377;-0.3238593637943268;-0.5326035022735596;[];
24.55;MPIB2;19.69999998807907;59.43166198348342;0.9047887921333313;-0.42573419213294983;0.005812030751258135;[];
24.55;MPIB1;59.54460266008664;47.69506844672222;0.009639887139201164;-0.5112216472625732;-0.8593457937240601;[];
24.6;MPIB4;6.322972220156031;35.472340362288065;-0.8551493287086487;-0.5179625153541565;-0.018695879727602005;[];
24.6;MPIB3;46.186263897085496;30.94686044769327;-0.7881326079368591;-0.3214091956615448;-0.5248664021492004;[];
24.6;MPIB2;19.69999998807907;59.43166198348342;0.9047887921333313;-0.42573419213294983;0.005812030751258135;[];
24.6;MPIB1;59.545701925849244;47.48969683082902;0.009639887139201164;-0.5112216472625732;-0.8593457937240601;[];
24.65;MPIB4;6.322972220156031;35.472340362288065;-0.8551493287086487;-0.5179625153541565;-0.018695879727602005;[];
24.65;MPIB3;46.186263897085496;30.94686044769327;-0.7881326079368591;-0.3214091956615448;-0.5248664021492004;[];
24.65;MPIB2;19.69999998807907;59.43166198348342;0.9047887921333313;-0.42573419213294983;0.005812030751258135;[];
24.65;MPIB1;59.54680119161185;47.27957008717053;0.009639887139201164;-0.5112216472625732;-0.8593457937240601;[];
24.7;MPIB4;6.322972220156031;35.472340362288065;-0.8551493287086487;-0.5179625153541565;-0.018695879727602005;[];
24.7;MPIB3;46.186263897085496;30.94686044769327;-0.7990692853927612;-0.3114960789680481;-0.5142000913619995;[];
24.7;MPIB2;19.69999998807907;59.43166198348342;0.9047887921333313;-0.42573419213294983;0.005812030751258135;[];
24.7;MPIB1;59.54790045737445;47.06684704345062;0.009639887139201164;-0.5112216472625732;-0.8593457937240601;[];
24.75;MPIB4;6.300000011920927;35.45092002921925;-0.8551493287086487;-0.5179625153541565;-0.018695879727602005;[];
24.75;MPIB3;46.186263897085496;30.94686044769327;-0.8240680694580078;-0.29147714376449585;-0.48569464683532715;[];
24.75;MPIB2;19.69999998807907;59.43166198348342;0.9047887921333313;-0.42573419213294983;0.005812030751258135;[];
24.75;MPIB1;59.54899972313706;46.85270641973253;0.009639887139201164;-0.5112216472625732;-0.8593457937240601;[];
24.8;MPIB4;6.300000011920927;35.45092002921925;-0.8551493287086487;-0.5179625153541565;-0.018695879727602005;[];
24.8;MPIB3;46.186263897085496;30.94686044769327;-0.863989531993866;-0.2663431465625763;-0.42724019289016724;[];
24.8;MPIB2;19.69999998807907;59.43166198348342;0.9047887921333313;-0.42573419213294983;0.005812030751258135;[];
24.8;MPIB1;59.55009898889966;46.63779179724554;0.009639887139201164;-0.5112216472625732;-0.8593457937240601;[];
24.85;MPIB4;6.300000011920927;35.45092002921925;-0.8551493287086487;-0.5179625153541565;-0.018695879727602005;[];
24.85;MPIB3;46.186263897085496;30.94686044769327;-0.8735350966453552;-0.2587572932243347;-0.41222938895225525;[];
24.85;MPIB2;19.69999998807907;59.43166198348342;0.9047887921333313;-0.42573419213294983;0.005812030751258135;[];
24.85;MPIB1;59.55119825466227;46.42245457138162;0.009639887139201164;-0.5112216472625732;-0.8593457937240601;[];
24.9;MPIB4;6.300000011920927;35.45092002921925;-0.8551493287086487;-0.5179625153541565;-0.018695879727602005;[];
24.9;MPIB3;46.186263897085496;30.94686044769327;-0.8855665326118469;-0.24353814125061035;-0.395494282245636;[];
24.9;MPIB2;19.69999998807907;59.43166198348342;0.9047887921333313;-0.42573419213294983;0.005812030751258135;[];
24.9;MPIB1;59.55229752042487;46.20688660404713;0.009639887139201164;-0.5112216472625732;-0.8593457937240601;[];
24.95;MPIB4;6.300000011920927;35.45092002921925;-0.8551493287086487;-0.5179625153541565;-0.018695879727602005;[];
24.95;MPIB3;46.186263897085496;30.94686044769327;-0.8945199847221375;-0.2308715432882309;-0.3827390968799591;[];
24.95;MPIB2;19.69999998807907;59.43166198348342;0.9047887921333313;-0.42573419213294983;0.005812030751258135;[];
24.95;MPIB1;59.55339678618748;45.991192651855044;0.009639887139201164;-0.5112216472625732;-0.8593457937240601;[];
25.0;MPIB4;6.300000011920927;35.45092002921925;-0.8551493287086487;-0.5179625153541565;-0.018695879727602005;[];
25.0;MPIB3;46.186263897085496;30.94686044769327;-0.9001197814941406;-0.2232152223587036;-0.3740556538105011;[];
25.0;MPIB2;19.69999998807907;59.43166198348342;0.9047887921333313;-0.42573419213294983;0.005812030751258135;[];
25.0;MPIB1;59.55449605195008;45.77542991192274;0.009639887139201164;-0.5112216472625732;-0.8593457937240601;[];
25.05;MPIB4;6.300000011920927;35.45092002921925;-0.8497884273529053;-0.526954710483551;-0.009614158421754837;[];
25.05;MPIB3;46.186263897085496;30.94686044769327;-0.906557023525238;-0.21554511785507202;-0.36284205317497253;[];
25.05;MPIB2;19.69999998807907;59.43166198348342;0.9047887921333313;-0.42573419213294983;0.005812030751258135;[];
25.05;MPIB1;59.55559531771269;45.559629613879906;0.009639887139201164;-0.5112216472625732;-0.8593457937240601;[];
25.1;MPIB4;6.300000011920927;35.45092002921925;-0.8497884273529053;-0.526954710483551;-0.009614158421754837;[];
25.1;MPIB3;46.186263897085496;30.94686044769327;-0.9113465547561646;-0.210393026471138;-0.3537552058696747;[];
25.1;MPIB2;19.69999998807907;59.444252043261145;0.9047887921333313;-0.42573419213294983;0.005812030751258135;[];
25.1;MPIB1;59.55669458347529;45.34380880910635;0.009639887139201164;-0.5112216472625732;-0.8593457937240601;[];
25.15;MPIB4;6.300000011920927;35.45092002921925;-0.8497884273529053;-0.526954710483551;-0.009614158421754837;[];
25.15;MPIB3;46.186263897085496;30.94686044769327;-0.9113465547561646;-0.210393026471138;-0.3537552058696747;[];
25.15;MPIB2;19.69999998807907;59.444252043261145;0.9047887921333313;-0.42573419213294983;0.005812030751258135;[];
25.15;MPIB1;59.557793849237896;45.30000001192093;0.009639887139201164;-0.5112216472625732;-0.8593457937240601;[];
25.2;MPIB4;6.300000011920927;35.45092002921925;-0.8497884273529053;-0.526954710483551;-0.009614158421754837;[];
25.2;MPIB3;46.186263897085496;30.94686044769327;-0.9113465547561646;-0.210393026471138;-0.3537552058696747;[];
25.2;MPIB2;19.69999998807907;59.444252043261145;0.9047887921333313;-0.42573419213294983;0.005812030751258135;[];
25.2;MPIB1;59.557793849237896;45.30000001192093;0.009639887139201164;-0.5112216472625732;-0.8593457937240601;[];
25.25;MPIB4;6.300000011920927;35.45092002921925;-0.8497884273529053;-0.526954710483551;-0.009614158421754837;[];
25.25;MPIB3;46.186263897085496;30.94686044769327;-0.9113465547561646;-0.210393026471138;-0.3537552058696747;[];
25.25;MPIB2;19.69999998807907;59.444252043261145;0.9047887921333313;-0.42573419213294983;0.005812030751258135;[];
25.25;MPIB1;59.557793849237896;45.30000001192093;0.009639887139201164;-0.5112216472625732;-0.8593457937240601;[];
25.3;MPIB4;6.300000011920927;35.45092002921925;-0.8497884273529053;-0.526954710483551;-0.009614158421754837;[];
25.3;MPIB3;46.186263897085496;30.94686044769327;-0.9113465547561646;-0.210393026471138;-0.3537552058696747;[];
25.3;MPIB2;19.69999998807907;59.444252043261145;0.9047887921333313;-0.42573419213294983;0.005812030751258135;[];
25.3;MPIB1;59.557793849237896;45.30000001192093;0.009639887139201164;-0.5112216472625732;-0.8593457937240601;[];
25.35;MPIB4;6.300000011920927;35.45092002921925;-0.8497884273529053;-0.526954710483551;-0.009614158421754837;[];
25.35;MPIB3;46.186263897085496;30.94686044769327;-0.9113465547561646;-0.210393026471138;-0.3537552058696747;[];
25.35;MPIB2;19.69999998807907;59.444252043261145;0.9047887921333313;-0.42573419213294983;0.005812030751258135;[];
25.35;MPIB1;59.557793849237896;45.30000001192093;0.009639887139201164;-0.5112216472625732;-0.8593457937240601;[];
25.4;MPIB4;6.300000011920927;35.45092002921925;-0.8497884273529053;-0.526954710483551;-0.009614158421754837;[];
25.4;MPIB3;46.186263897085496;30.94686044769327;-0.9113465547561646;-0.210393026471138;-0.3537552058696747;[];
25.4;MPIB2;19.69999998807907;59.444252043261145;0.9047887921333313;-0.42573419213294983;0.005812030751258135;[];
25.4;MPIB1;59.557793849237896;45.30000001192093;0.009639887139201164;-0.5112216472625732;-0.8593457937240601;[];
25.45;MPIB4;6.300000011920927;35.45092002921925;-0.8497884273529053;-0.526954710483551;-0.009614158421754837;[];
25.45;MPIB3;46.186263897085496;30.94686044769327;-0.9113465547561646;-0.210393026471138;-0.3537552058696747;[];
25.45;MPIB2;19.69999998807907;59.444252043261145;0.9047887921333313;-0.42573419213294983;0.005812030751258135;[];
25.45;MPIB1;59.557793849237896;45.30000001192093;0.011864349246025085;-0.5112216472625732;-0.85931795835495;[];
25.5;MPIB4;6.300000011920927;35.45092002921925;-0.8512001037597656;-0.5246713161468506;-0.009630129672586918;[];
25.5;MPIB3;46.186263897085496;30.94686044769327;-0.9113465547561646;-0.210393026471138;-0.3537552058696747;[];
25.5;MPIB2;19.69999998807907;59.444252043261145;0.9047887921333313;-0.42573419213294983;0.005812030751258135;[];
25.5;MPIB1;59.557793849237896;45.30000001192093;0.009684678167104721;-0.5044492483139038;-0.8633386492729187;[];
25.55;MPIB4;6.300000011920927;35.45092002921925;-0.8512001037597656;-0.5246713161468506;-0.009630129672586918;[];
25.55;MPIB3;46.186263897085496;30.94686044769327;-0.9113465547561646;-0.210393026471138;-0.3537552058696747;[];
25.55;MPIB2;19.69999998807907;59.444252043261145;0.9047887921333313;-0.42573419213294983;0.005812030751258135;[];
25.55;MPIB1;59.557793849237896;45.30000001192093;0.007461060304194689;-0.5022124648094177;-0.8646638989448547;[];
25.6;MPIB4;6.300000011920927;35.45092002921925;-0.8512001037597656;-0.5246713161468506;-0.009630129672586918;[];
25.6;MPIB3;46.186263897085496;30.94686044769327;-0.9113465547561646;-0.210393026471138;-0.3537552058696747;[];
25.6;MPIB2;19.69999998807907;59.444252043261145;0.9047887921333313;-0.42573419213294983;0.005812030751258135;[];
25.6;MPIB1;59.557793849237896;45.30000001192093;0.007472254801541567;-0.49997231364250183;-0.8659611940383911;[];
25.65;MPIB4;6.300000011920927;35.45092002921925;-0.8512001037597656;-0.5246713161468506;-0.009630129672586918;[];
25.65;MPIB3;46.186263897085496;30.94686044769327;-0.9226575493812561;-0.21554511785507202;-0.31969210505485535;[];
25.65;MPIB2;19.69999998807907;59.444252043261145;0.9047887921333313;-0.42573419213294983;0.005812030751258135;[];
25.65;MPIB1;59.557793849237896;45.30000001192093;0.007472254801541567;-0.49997231364250183;-0.8659611940383911;[];
25.7;MPIB4;6.300000011920927;35.45092002921925;-0.8512001037597656;-0.5246713161468506;-0.009630129672586918;[];
25.7;MPIB3;46.186263897085496;30.94686044769327;-0.9344667792320251;-0.33869463205337524;0.10952959209680557;[];
25.7;MPIB2;19.69999998807907;59.444252043261145;0.9047887921333313;-0.42573419213294983;0.005812030751258135;[];
25.7;MPIB1;59.557793849237896;45.30000001192093;0.007472254801541567;-0.49997231364250183;-0.8659611940383911;[];
25.75;MPIB4;6.300000011920927;35.45092002921925;-0.8512001037597656;-0.5246713161468506;-0.009630129672586918;[];
25.75;MPIB3;46.186263897085496;30.94686044769327;-0.5640915632247925;-0.46792641282081604;0.6802692413330078;[];
25.75;MPIB2;19.69999998807907;59.444252043261145;0.8885462284088135;-0.45858025550842285;-0.01047865953296423;[];
25.75;MPIB1;59.557793849237896;45.30000001192093;0.007472254801541567;-0.49997231364250183;-0.8659611940383911;[];
25.8;MPIB4;6.300000011920927;35.424613322738566;-0.8512001037597656;-0.5246713161468506;-0.009630129672586918;[];
25.8;MPIB3;46.186263897085496;30.94686044769327;-0.2039867490530014;-0.5246713161468506;0.8264525532722473;[];
25.8;MPIB2;19.69999998807907;59.444252043261145;0.8641520738601685;-0.5022124648094177;-0.030584344640374184;[];
25.8;MPIB1;59.557793849237896;45.30000001192093;0.007472254801541567;-0.49997231364250183;-0.8659611940383911;[];
25.85;MPIB4;6.300000011920927;35.424613322738566;-0.8512001037597656;-0.5246713161468506;-0.009630129672586918;[];
25.85;MPIB3;46.186263897085496;30.94686044769327;-0.0315626822412014;-0.5490164160728455;0.8351627588272095;[];
25.85;MPIB2;19.69999998807907;59.444252043261145;0.8641520738601685;-0.5022124648094177;-0.030584344640374184;[];
25.85;MPIB1;59.557793849237896;45.30000001192093;0.007472254801541567;-0.49997231364250183;-0.8659611940383911;[];
25.9;MPIB4;6.300000011920927;35.424613322738566;-0.8525265455245972;-0.5224658846855164;-0.011934083886444569;[];
25.9;MPIB3;46.186263897085496;30.94686044769327;0.2703777551651001;-0.606654942035675;0.7475113868713379;[];
25.9;MPIB2;19.69999998807907;59.444252043261145;0.86017906665802;-0.5089951753616333;-0.03044373169541359;[];
25.9;MPIB1;59.557793849237896;45.30000001192093;0.007472254801541567;-0.49997231364250183;-0.8659611940383911;[];
25.95;MPIB4;6.300000011920927;35.424613322738566;-0.8524928092956543;-0.5224658846855164;-0.014140884391963482;[];
25.95;MPIB3;46.186263897085496;30.94686044769327;0.2776239812374115;-0.6087107062339783;0.7431713342666626;[];
25.95;MPIB2;19.69999998807907;59.444252043261145;0.8545506000518799;-0.5179625153541565;-0.03697318583726883;[];
25.95;MPIB1;59.557793849237896;45.30000001192093;0.007472254801541567;-0.49997231364250183;-0.8659611940383911;[];
26.0;MPIB4;6.300000011920927;35.424613322738566;-0.8576452732086182;-0.513526976108551;-0.025497477501630783;[];
26.0;MPIB3;46.186263897085496;30.94686044769327;0.24243518710136414;-0.5813601613044739;0.7766304016113281;[];
26.0;MPIB2;19.69999998807907;59.444252043261145;0.8449022173881531;-0.5313476920127869;-0.06093975901603699;[];
26.0;MPIB1;59.557793849237896;45.30000001192093;0.007472254801541567;-0.49997231364250183;-0.8659611940383911;[];
26.05;MPIB4;6.300000011920927;35.424613322738566;-0.8576452732086182;-0.513526976108551;-0.025497477501630783;[];
26.05;MPIB3;46.186263897085496;30.94686044769327;0.016810394823551178;-0.5313476920127869;0.846936047077179;[];
26.05;MPIB2;19.69999998807907;59.444252043261145;0.8362865447998047;-0.5401714444160461;-0.09347398579120636;[];
26.05;MPIB1;59.557793849237896;45.30000001192093;0.007472254801541567;-0.49997231364250183;-0.8659611940383911;[];
26.1;MPIB4;6.300000011920927;35.424613322738566;-0.8576452732086182;-0.513526976108551;-0.025497477501630783;[];
26.1;MPIB3;46.186263897085496;30.94686044769327;-0.34215253591537476;-0.5112216472625732;0.7883525490760803;[];
26.1;MPIB2;19.69999998807907;59.54919959185361;0.8362865447998047;-0.5401714444160461;-0.09347398579120636;[];
26.1;MPIB1;59.557793849237896;45.30000001192093;0.007516936399042606;-0.4908948540687561;-0.8711393475532532;[];
26.15;MPIB4;6.050602223159315;35.40775004578941;-0.8576452732086182;-0.513526976108551;-0.025497477501630783;[];
26.15;MPIB3;46.186263897085496;30.94686044769327;-0.5605875849723816;-0.5112216472625732;0.651390552520752;[];
26.15;MPIB2;19.69999998807907;59.69976996870437;0.8362865447998047;-0.5401714444160461;-0.09347398579120636;[];
26.15;MPIB1;59.559992380763106;45.30000001192093;0.007528281770646572;-0.48855432868003845;-0.8724541664123535;[];
26.2;MPIB4;5.869958674749246;35.40483782873676;-0.8576452732086182;-0.513526976108551;-0.025497477501630783;[];
26.2;MPIB3;46.186263897085496;30.94686044769327;-0.6003612875938416;-0.5112216472625732;0.6149263381958008;[];
26.2;MPIB2;19.69999998807907;59.879374916739806;0.8362865447998047;-0.5401714444160461;-0.09347398579120636;[];
26.2;MPIB1;59.559992380763106;45.30000001192093;0.007528281770646572;-0.48855432868003845;-0.8724541664123535;[];
26.25;MPIB4;5.673370576297322;35.401925611684106;-0.8576452732086182;-0.513526976108551;-0.025497477501630783;[];
26.25;MPIB3;46.186263897085496;30.94686044769327;-0.6149616837501526;-0.5067653059959412;0.6040920615196228;[];
26.25;MPIB2;19.69999998807907;60.07447940614918;0.838795006275177;-0.5313476920127869;-0.11826744675636292;[];
26.25;MPIB1;59.559992380763106;45.30000001192093;0.007528281770646572;-0.48855432868003845;-0.8724541664123535;[];
26.3;MPIB4;5.468076752511351;35.39901339463145;-0.8576452732086182;-0.513526976108551;-0.025497477501630783;[];
26.3;MPIB3;46.186263897085496;30.94686044769327;-0.6263107657432556;-0.5022124648094177;0.5961830019950867;[];
26.3;MPIB2;19.69999998807907;60.18100646974008;0.8125520348548889;-0.5291529893875122;-0.24419687688350677;[];
26.3;MPIB1;59.559992380763106;45.30000001192093;0.007528281770646572;-0.48855432868003845;-0.8724541664123535;[];
26.35;MPIB4;5.25802960214088;35.3961011775788;-0.8576452732086182;-0.513526976108551;-0.025497477501630783;[];
26.35;MPIB3;46.186263897085496;30.94686044769327;-0.6303901672363281;-0.49997231364250183;0.5937616229057312;[];
26.35;MPIB2;19.69999998807907;60.2391702532166;0.7493796348571777;-0.5467707514762878;-0.37327003479003906;[];
26.35;MPIB1;59.559992380763106;45.30000001192093;0.007528281770646572;-0.48855432868003845;-0.8724541664123535;[];
26.4;MPIB4;5.070563131278563;35.46467934632861;-0.8576452732086182;-0.513526976108551;-0.025497477501630783;[];
26.4;MPIB3;46.186263897085496;30.94686044769327;-0.6319250464439392;-0.49997231364250183;0.5921278595924377;[];
26.4;MPIB2;19.69999998807907;60.27092768268349;0.6768479943275452;-0.5511781573295593;-0.48777857422828674;[];
26.4;MPIB1;59.559992380763106;45.30000001192093;0.007528281770646572;-0.48855432868003845;-0.8724541664123535;[];
26.45;MPIB4;4.8956100700260405;35.57089633027084;-0.857710599899292;-0.513526976108551;-0.023195069283246994;[];
26.45;MPIB3;46.186263897085496;30.94686044769327;-0.6319250464439392;-0.49997231364250183;0.5921278595924377;[];
26.45;MPIB2;19.69999998807907;60.27092768268349;0.581183135509491;-0.5446015000343323;-0.604549765586853;[];
26.45;MPIB1;59.559992380763106;45.30000001192093;0.007528281770646572;-0.48855432868003845;-0.8724541664123535;[];
26.5;MPIB4;4.727489331214057;35.697664109695154;-0.8563787341117859;-0.5157464742660522;-0.023159049451351166;[];
26.5;MPIB3;46.186263897085496;30.94686044769327;-0.6319250464439392;-0.49997231364250183;0.5921278595924377;[];
26.5;MPIB2;19.69999998807907;60.27092768268349;0.5397731065750122;-0.5379912257194519;-0.6473456621170044;[];
26.5;MPIB1;59.559992380763106;45.30000001192093;0.007528281770646572;-0.48855432868003845;-0.8724541664123535;[];
26.55;MPIB4;4.561324074171144;35.83372918286909;-0.8486400246620178;-0.526954710483551;-0.04519876465201378;[];
26.55;MPIB3;46.186263897085496;30.94686044769327;-0.6319250464439392;-0.49997231364250183;0.5921278595924377;[];
26.55;MPIB2;19.69999998807907;60.30290384225222;0.5235074162483215;-0.5358073711395264;-0.6623421907424927;[];
26.55;MPIB1;59.559992380763106;45.30000001192093;0.007528281770646572;-0.48855432868003845;-0.8724541664123535;[];
26.6;MPIB4;4.387841746103669;35.964158301875756;-0.8194223642349243;-0.5511781573295593;-0.1570395529270172;[];
26.6;MPIB3;46.186263897085496;30.94686044769327;-0.6319250464439392;-0.49997231364250183;0.5921278595924377;[];
26.6;MPIB2;19.69999998807907;60.30290384225222;0.4996853172779083;-0.533538818359375;-0.6822748780250549;[];
26.6;MPIB1;59.559992380763106;45.30000001192093;0.007528281770646572;-0.48855432868003845;-0.8724541664123535;[];
26.65;MPIB4;4.203979730366464;36.08069304920886;-0.779283344745636;-0.5728257298469543;-0.2539646327495575;[];
26.65;MPIB3;46.186263897085496;30.94686044769327;-0.6319250464439392;-0.49997231364250183;0.5921278595924377;[];
26.65;MPIB2;19.780692614614964;60.35851587362262;0.48063844442367554;-0.5313476920127869;-0.6974996328353882;[];
26.65;MPIB1;59.559992380763106;45.30000001192093;0.007528281770646572;-0.48855432868003845;-0.8724541664123535;[];
26.7;MPIB4;4.00775898591515;36.1728904364044;-0.7075461149215698;-0.5940809845924377;-0.3825632929801941;[];
26.7;MPIB3;46.186263897085496;30.94686044769327;-0.6319250464439392;-0.49997231364250183;0.5921278595924377;[];
26.7;MPIB2;19.908380133754463;60.439969493269416;0.4415431320667267;-0.5313476920127869;-0.7228842973709106;[];
26.7;MPIB1;59.559992380763106;45.30000001192093;0.007528281770646572;-0.48855432868003845;-0.8724541664123535;[];
26.75;MPIB4;4.00775898591515;36.1728904364044;-0.7075461149215698;-0.5940809845924377;-0.3825632929801941;[];
26.75;MPIB3;46.186263897085496;30.94686044769327;-0.6319250464439392;-0.49997231364250183;0.5921278595924377;[];
26.75;MPIB2;20.063788778163143;60.53199321971613;0.41094720363616943;-0.5313476920127869;-0.740707278251648;[];
26.75;MPIB1;59.559992380763106;45.30000001192093;0.007528281770646572;-0.48855432868003845;-0.8724541664123535;[];
26.8;MPIB4;3.589476928031469;36.281930453448155;-0.6135908365249634;-0.6128858327865601;-0.49777936935424805;[];
26.8;MPIB3;46.186263897085496;30.94686044769327;-0.6319250464439392;-0.49997231364250183;0.5921278595924377;[];
26.8;MPIB2;20.14864190786625;60.58223818019212;0.38017579913139343;-0.5291529893875122;-0.7584998607635498;[];
26.8;MPIB1;59.559992380763106;45.30000001192093;0.007528281770646572;-0.48855432868003845;-0.8724541664123535;[];
26.85;MPIB4;3.37405809329386;36.31515864076769;-0.6043732166290283;-0.6128858327865601;-0.5089312791824341;[];
26.85;MPIB3;46.186263897085496;30.94686044769327;-0.6319250464439392;-0.49997231364250183;0.5921278595924377;[];
26.85;MPIB2;20.14864190786625;60.58223818019212;0.38017579913139343;-0.5291529893875122;-0.7584998607635498;[];
26.85;MPIB1;59.561683573500886;45.202003672719;0.007528281770646572;-0.48855432868003845;-0.8724541664123535;[];
26.9;MPIB4;3.37405809329386;36.31515864076769;-0.6043732166290283;-0.6128858327865601;-0.5089312791824341;[];
26.9;MPIB3;46.186263897085496;30.94686044769327;-0.6319250464439392;-0.49997231364250183;0.5921278595924377;[];
26.9;MPIB2;20.194971722065475;60.609671931798516;0.349211186170578;-0.5246713161468506;-0.776295006275177;[];
26.9;MPIB1;59.56252916986978;45.05050132609796;0.007528281770646572;-0.48855432868003845;-0.8724541664123535;[];
26.95;MPIB4;2.938111449222354;36.33722327303303;-0.5010861754417419;-0.6169684529304504;-0.6067696809768677;[];
26.95;MPIB3;46.186263897085496;30.94686044769327;-0.6319250464439392;-0.49997231364250183;0.5921278595924377;[];
26.95;MPIB2;20.23407946565476;60.632829204109214;0.3277037739753723;-0.5202569365501404;-0.7885481715202332;[];
26.95;MPIB1;59.56337476623867;44.86978469603275;0.007528281770646572;-0.48855432868003845;-0.8724541664123535;[];
27.0;MPIB4;2.720778241688603;36.317883529031405;-0.43832266330718994;-0.6169684529304504;-0.6535518765449524;[];
27.0;MPIB3;46.186263897085496;30.94686044769327;-0.6319250464439392;-0.49997231364250183;0.5921278595924377;[];
27.0;MPIB2;20.23407946565476;60.632829204109214;0.30586549639701843;-0.5157464742660522;-0.8002000451087952;[];
27.0;MPIB1;59.56422036260756;44.67311706535429;0.007528281770646572;-0.48855432868003845;-0.8724541664123535;[];
27.05;MPIB4;2.602114296592046;36.307324027579995;-0.3156510591506958;-0.6169684529304504;-0.7208476066589355;[];
27.05;MPIB3;46.186263897085496;30.94686044769327;-0.6319250464439392;-0.49997231364250183;0.5921278595924377;[];
27.05;MPIB2;20.23407946565476;60.632829204109214;0.2724985182285309;-0.5022124648094177;-0.8206101655960083;[];
27.05;MPIB1;59.56506595897645;44.46774018732938;0.007528281770646572;-0.48855432868003845;-0.8724541664123535;[];
27.1;MPIB4;2.5373237750437365;36.30155853911785;-0.19902865588665009;-0.6169684529304504;-0.761343777179718;[];
27.1;MPIB3;46.186263897085496;30.94686044769327;-0.6319250464439392;-0.49997231364250183;0.5921278595924377;[];
27.1;MPIB2;20.23407946565476;60.632829204109214;0.21603943407535553;-0.48629406094551086;-0.846598207950592;[];
27.1;MPIB1;59.56591155534534;44.257608059701;0.007528281770646572;-0.48855432868003845;-0.8724541664123535;[];
27.15;MPIB4;2.5019481461693873;36.30000001192093;-0.138695627450943;-0.6169684529304504;-0.7746098041534424;[];
27.15;MPIB3;46.186263897085496;30.94686044769327;-0.6319250464439392;-0.49997231364250183;0.5921278595924377;[];
27.15;MPIB2;20.23407946565476;60.632829204109214;0.19243542850017548;-0.4794096350669861;-0.8561674356460571;[];
27.15;MPIB1;59.56675715171423;44.04487956548752;0.007528281770646572;-0.48855432868003845;-0.8724541664123535;[];
27.2;MPIB4;2.5019481461693873;36.30000001192093;-0.1040361300110817;-0.6169684529304504;-0.7800213694572449;[];
27.2;MPIB3;46.186263897085496;30.94686044769327;-0.6319250464439392;-0.49997231364250183;0.5921278595924377;[];
27.2;MPIB2;20.23407946565476;60.632829204109214;0.17474624514579773;-0.4771362841129303;-0.8612174391746521;[];
27.2;MPIB1;59.56760274808312;43.83073345495393;0.007528281770646572;-0.48855432868003845;-0.8724541664123535;[];
27.25;MPIB4;2.5019481461693873;36.30000001192093;-0.03228176012635231;-0.6169684529304504;-0.7862662672996521;[];
27.25;MPIB3;46.186263897085496;30.94686044769327;-0.6319250464439392;-0.49997231364250183;0.5921278595924377;[];
27.25;MPIB2;20.23407946565476;60.632829204109214;0.1595374345779419;-0.47021257877349854;-0.8679526448249817;[];
27.25;MPIB1;59.56844834445201;43.61581332581966;0.007528281770646572;-0.48855432868003845;-0.8724541664123535;[];
27.3;MPIB4;2.4663288667528995;36.30000001192093;6.790125044062734E-4;-0.6169684529304504;-0.7869284152984619;[];
27.3;MPIB3;46.186263897085496;30.94686044769327;-0.6319250464439392;-0.49997231364250183;0.5921278595924377;[];
27.3;MPIB2;20.23407946565476;60.632829204109214;0.1467592418193817;-0.460964173078537;-0.8751404285430908;[];
27.3;MPIB1;59.5692939408209;43.400470582480324;0.007528281770646572;-0.48855432868003845;-0.8724541664123535;[];
27.35;MPIB4;2.4663288667528995;36.30000001192093;0.0439620278775692;-0.6169684529304504;-0.7856997847557068;[];
27.35;MPIB3;46.186263897085496;30.94686044769327;-0.6319250464439392;-0.49997231364250183;0.5921278595924377;[];
27.35;MPIB2;20.23407946565476;60.632829204109214;0.1467592418193817;-0.460964173078537;-0.8751404285430908;[];
27.35;MPIB1;59.57013953718979;43.18489709175822;0.007528281770646572;-0.48855432868003845;-0.8724541664123535;[];
27.4;MPIB4;2.4663288667528995;36.30000001192093;0.07885921746492386;-0.6169684529304504;-0.7829674482345581;[];
27.4;MPIB3;46.186263897085496;30.94686044769327;-0.6319250464439392;-0.49997231364250183;0.5921278595924377;[];
27.4;MPIB2;20.23407946565476;60.632829204109214;0.1467592418193817;-0.460964173078537;-0.8751404285430908;[];
27.4;MPIB1;59.57098513355868;42.969197612950495;0.007528281770646572;-0.48855432868003845;-0.8724541664123535;[];
27.45;MPIB4;2.4663288667528995;36.30000001192093;0.08291170746088028;-0.6169684529304504;-0.7825486660003662;[];
27.45;MPIB3;46.186263897085496;30.94686044769327;-0.6319250464439392;-0.49997231364250183;0.5921278595924377;[];
27.45;MPIB2;20.23407946565476;60.632829204109214;0.1467592418193817;-0.460964173078537;-0.8751404285430908;[];
27.45;MPIB1;59.57183072992757;42.75342934464004;0.007528281770646572;-0.48855432868003845;-0.8724541664123535;[];
27.5;MPIB4;2.4663288667528995;36.30000001192093;0.08291170746088028;-0.6169684529304504;-0.7825486660003662;[];
27.5;MPIB3;46.186263897085496;30.94686044769327;-0.6319250464439392;-0.49997231364250183;0.5921278595924377;[];
27.5;MPIB2;20.23407946565476;60.632829204109214;0.1467592418193817;-0.460964173078537;-0.8751404285430908;[];
27.5;MPIB1;59.57267632629646;42.53762351725672;0.007528281770646572;-0.48855432868003845;-0.8724541664123535;[];
27.55;MPIB4;2.4663288667528995;36.30000001192093;0.08291170746088028;-0.6169684529304504;-0.7825486660003662;[];
27.55;MPIB3;46.186263897085496;30.94686044769327;-0.6335123181343079;-0.49997231364250183;0.5904293060302734;[];
27.55;MPIB2;20.23407946565476;60.632829204109214;0.1467592418193817;-0.460964173078537;-0.8751404285430908;[];
27.55;MPIB1;59.57352192266535;42.321797182617246;0.007528281770646572;-0.48855432868003845;-0.8724541664123535;[];
27.6;MPIB4;2.4663288667528995;36.30000001192093;0.08291170746088028;-0.6169684529304504;-0.7825486660003662;[];
27.6;MPIB3;46.186263897085496;30.94686044769327;-0.6335123181343079;-0.49997231364250183;0.5904293060302734;[];
27.6;MPIB2;20.23407946565476;60.632829204109214;0.1467592418193817;-0.460964173078537;-0.8751404285430908;[];
27.6;MPIB1;59.57352192266535;42.321797182617246;0.007528281770646572;-0.48855432868003845;-0.8724541664123535;[];
27.65;MPIB4;2.4663288667528995;36.30000001192093;0.08291170746088028;-0.6169684529304504;-0.7825486660003662;[];
27.65;MPIB3;46.186263897085496;30.94686044769327;-0.6335123181343079;-0.49997231364250183;0.5904293060302734;[];
27.65;MPIB2;20.23407946565476;60.632829204109214;0.1467592418193817;-0.460964173078537;-0.8751404285430908;[];
27.65;MPIB1;59.57352192266535;42.321797182617246;0.002927695866674185;-0.48855432868003845;-0.8724817633628845;[];
27.7;MPIB4;2.4663288667528995;36.30000001192093;0.08291170746088028;-0.6169684529304504;-0.7825486660003662;[];
27.7;MPIB3;46.186263897085496;30.94686044769327;-0.6335123181343079;-0.49997231364250183;0.5904293060302734;[];
27.7;MPIB2;20.343044155360644;60.648936451233084;0.10604006052017212;-0.44926875829696655;-0.8870276808738708;[];
27.7;MPIB1;59.57352192266535;42.321797182617246;0.002923283725976944;-0.4908948540687561;-0.8711668848991394;[];
27.75;MPIB4;2.4663288667528995;36.30000001192093;0.08291170746088028;-0.6169684529304504;-0.7825486660003662;[];
27.75;MPIB3;46.186263897085496;30.94686044769327;-0.6335123181343079;-0.49997231364250183;0.5904293060302734;[];
27.75;MPIB2;20.493840321752828;60.66336397517088;0.07348952442407608;-0.44926875829696655;-0.8903186321258545;[];
27.75;MPIB1;59.57352192266535;42.321797182617246;0.0029147148597985506;-0.49539870023727417;-0.8686133027076721;[];
27.8;MPIB4;2.4663288667528995;36.30000001192093;0.08291170746088028;-0.6169684529304504;-0.7825486660003662;[];
27.8;MPIB3;46.186263897085496;30.94686044769327;-0.6335123181343079;-0.49997231364250183;0.5904293060302734;[];
27.8;MPIB2;20.674019877262367;60.67675372878338;0.050164032727479935;-0.44926875829696655;-0.8919392824172974;[];
27.8;MPIB1;59.57352192266535;42.321797182617246;0.0029147148597985506;-0.49539870023727417;-0.8686133027076721;[];
27.85;MPIB4;2.4663288667528995;36.30000001192093;0.08291170746088028;-0.6169684529304504;-0.7825486660003662;[];
27.85;MPIB3;46.186263897085496;30.94686044769327;-0.6335123181343079;-0.49997231364250183;0.5904293060302734;[];
27.85;MPIB2;20.77239792599744;60.684064535104966;0.02212393656373024;-0.446954607963562;-0.8942380547523499;[];
27.85;MPIB1;59.57352192266535;42.321797182617246;0.0029147148597985506;-0.49539870023727417;-0.8686133027076721;[];
27.9;MPIB4;2.4663288667528995;36.30000001192093;0.08291170746088028;-0.6169684529304504;-0.7825486660003662;[];
27.9;MPIB3;46.186263897085496;30.94686044769327;-0.6335123181343079;-0.49997231364250183;0.5904293060302734;[];
27.9;MPIB2;20.77239792599744;60.684064535104966;0.02212393656373024;-0.446954607963562;-0.8942380547523499;[];
27.9;MPIB1;59.57352192266535;42.321797182617246;0.0029147148597985506;-0.49539870023727417;-0.8686133027076721;[];
27.95;MPIB4;2.4663288667528995;36.30000001192093;0.07651342451572418;-0.6211097240447998;-0.7799199819564819;[];
27.95;MPIB3;46.186263897085496;30.94686044769327;-0.6335123181343079;-0.49997231364250183;0.5904293060302734;[];
27.95;MPIB2;20.82611234684589;60.6880562358202;-0.017603280022740364;-0.44455158710479736;-0.8955376744270325;[];
27.95;MPIB1;59.57352192266535;42.321797182617246;0.0029147148597985506;-0.49539870023727417;-0.8686133027076721;[];
28.0;MPIB4;2.4663288667528995;36.30000001192093;0.05809947848320007;-0.6211097240447998;-0.7815074324607849;[];
28.0;MPIB3;46.186263897085496;30.94686044769327;-0.6335123181343079;-0.49997231364250183;0.5904293060302734;[];
28.0;MPIB2;20.867217446486507;60.59014784327164;-0.038816627115011215;-0.4399081766605377;-0.8971612453460693;[];
28.0;MPIB1;59.57352192266535;42.321797182617246;0.0029147148597985506;-0.49539870023727417;-0.8686133027076721;[];
28.05;MPIB4;2.4977905399901976;36.30000001192093;0.04580492153763771;-0.6211097240447998;-0.7823243141174316;[];
28.05;MPIB3;46.186263897085496;30.94686044769327;-0.6335123181343079;-0.49997231364250183;0.5904293060302734;[];
28.05;MPIB2;20.866597677611708;60.43894378053116;-0.06492853164672852;-0.4304995536804199;-0.9002110362052917;[];
28.05;MPIB1;59.57352192266535;42.321797182617246;6.642085500061512E-4;-0.49997231364250183;-0.8659932017326355;[];
28.1;MPIB4;2.4977905399901976;36.30000001192093;0.02734280750155449;-0.6211097240447998;-0.7831869721412659;[];
28.1;MPIB3;46.186263897085496;30.94686044769327;-0.6335123181343079;-0.49997231364250183;0.5904293060302734;[];
28.1;MPIB2;20.856477863186;60.25891026517502;-0.09400299936532974;-0.41381287574768066;-0.9054557681083679;[];
28.1;MPIB1;59.57352192266535;42.321797182617246;-0.0016580329975113273;-0.5022124648094177;-0.8646944761276245;[];
28.15;MPIB4;2.4977905399901976;36.30000001192093;0.02734280750155449;-0.6211097240447998;-0.7831869721412659;[];
28.15;MPIB3;46.186263897085496;30.94686044769327;-0.6335123181343079;-0.49997231364250183;0.5904293060302734;[];
28.15;MPIB2;20.840066626868975;60.06321844164714;-0.10123706609010696;-0.4114549458026886;-0.9057505130767822;[];
28.15;MPIB1;59.57352192266535;42.321797182617246;-0.0038963668048381805;-0.5022124648094177;-0.8646873235702515;[];
28.2;MPIB4;2.4977905399901976;36.30000001192093;0.019156968221068382;-0.6211097240447998;-0.7834299206733704;[];
28.2;MPIB3;46.186263897085496;30.94686044769327;-0.6335123181343079;-0.49997231364250183;0.5904293060302734;[];
28.2;MPIB2;20.820220273800373;59.85897718086443;-0.10123706609010696;-0.4114549458026886;-0.9057505130767822;[];
28.2;MPIB1;59.57352192266535;42.321797182617246;-0.0038963668048381805;-0.5022124648094177;-0.8646873235702515;[];
28.25;MPIB4;2.4977905399901976;36.30000001192093;0.010969039052724838;-0.6211097240447998;-0.7835873365402222;[];
28.25;MPIB3;46.186263897085496;30.94686044769327;-0.6335123181343079;-0.49997231364250183;0.5904293060302734;[];
28.25;MPIB2;20.798498346767474;59.650067926798386;-0.10123706609010696;-0.4114549458026886;-0.9057505130767822;[];
28.25;MPIB1;59.57352192266535;42.321797182617246;-0.0038963668048381805;-0.5022124648094177;-0.8646873235702515;[];
28.3;MPIB4;2.4977905399901976;36.30000001192093;0.004798589739948511;-0.6231363415718079;-0.7820387482643127;[];
28.3;MPIB3;46.186263897085496;30.94686044769327;-0.6335123181343079;-0.49997231364250183;0.5904293060302734;[];
28.3;MPIB2;20.776770718350917;59.43850150490303;-0.09208932518959045;-0.404276967048645;-0.9099498987197876;[];
28.3;MPIB1;59.57352192266535;42.321797182617246;-0.0038963668048381805;-0.5022124648094177;-0.8646873235702515;[];
28.35;MPIB4;2.4977905399901976;36.30000001192093;0.004798589739948511;-0.6231363415718079;-0.7820387482643127;[];
28.35;MPIB3;46.186263897085496;30.94686044769327;-0.6335123181343079;-0.49997231364250183;0.5904293060302734;[];
28.35;MPIB2;20.75555424585366;59.225433590355124;-0.08738945424556732;-0.4019079804420471;-0.9114617705345154;[];
28.35;MPIB1;59.57352192266535;42.321797182617246;-0.0038963668048381805;-0.5022124648094177;-0.8646873235702515;[];
28.4;MPIB4;2.4977905399901976;36.30000001192093;0.004798589739948511;-0.6231363415718079;-0.7820387482643127;[];
28.4;MPIB3;46.186263897085496;30.94686044769327;-0.6335123181343079;-0.49997231364250183;0.5904293060302734;[];
28.4;MPIB2;20.735636805232275;59.01145345117254;-0.0780390277504921;-0.39707398414611816;-0.9144245386123657;[];
28.4;MPIB1;59.57352192266535;42.321797182617246;-0.0038963668048381805;-0.5022124648094177;-0.8646873235702515;[];
28.45;MPIB4;2.528200581163975;36.30000001192093;0.004798589739948511;-0.6231363415718079;-0.7820387482643127;[];
28.45;MPIB3;46.186263897085496;30.94686044769327;-0.6335123181343079;-0.49997231364250183;0.5904293060302734;[];
28.45;MPIB2;20.717449487176964;58.79689348951129;-0.06847897917032242;-0.39707398414611816;-0.9151901006698608;[];
28.45;MPIB1;59.57352192266535;42.321797182617246;-0.0038963668048381805;-0.5022124648094177;-0.8646873235702515;[];
28.5;MPIB4;2.528200581163975;36.30000001192093;0.004798589739948511;-0.6231363415718079;-0.7820387482643127;[];
28.5;MPIB3;46.186263897085496;30.94686044769327;-0.6335123181343079;-0.49997231364250183;0.5904293060302734;[];
28.5;MPIB2;20.701744244389943;58.58191405222186;-0.05408129468560219;-0.39707398414611816;-0.9161536693572998;[];
28.5;MPIB1;59.57352192266535;42.321797182617246;-0.0038963668048381805;-0.5022124648094177;-0.8646873235702515;[];
28.55;MPIB4;2.528200581163975;36.30000001192093;0.004798589739948511;-0.6231363415718079;-0.7820387482643127;[];
28.55;MPIB3;46.186263897085496;30.94686044769327;-0.6335123181343079;-0.49997231364250183;0.5904293060302734;[];
28.55;MPIB2;20.68816348870041;58.366663202310406;-0.04682259261608124;-0.3995363116264343;-0.9154825210571289;[];
28.55;MPIB1;59.57535405847284;42.30000001192093;-0.0038963668048381805;-0.5022124648094177;-0.8646873235702515;[];
28.6;MPIB4;2.528200581163975;36.30000001192093;6.748058367520571E-4;-0.6231363415718079;-0.7820531725883484;[];
28.6;MPIB3;46.186263897085496;30.94686044769327;-0.6335123181343079;-0.49997231364250183;0.5904293060302734;[];
28.6;MPIB2;20.67651228567786;58.151227832059135;-0.03948698937892914;-0.4067308008670807;-0.912655234336853;[];
28.6;MPIB1;59.57535405847284;42.30000001192093;-0.0038963668048381805;-0.5022124648094177;-0.8646873235702515;[];
28.65;MPIB4;2.5295723357592865;36.20200005918741;6.748058367520571E-4;-0.6231363415718079;-0.7820531725883484;[];
28.65;MPIB3;46.186263897085496;30.94686044769327;-0.6335123181343079;-0.49997231364250183;0.5904293060302734;[];
28.65;MPIB2;20.66616807750688;57.93568107426151;-0.03712436556816101;-0.4067308008670807;-0.9127544164657593;[];
28.65;MPIB1;59.57535405847284;42.30000001192093;-0.0038963668048381805;-0.5022124648094177;-0.8646873235702515;[];
28.7;MPIB4;2.5296568964293615;36.050492126046294;6.748058367520571E-4;-0.6231363415718079;-0.7820531725883484;[];
28.7;MPIB3;46.186263897085496;30.94686044769327;-0.6335123181343079;-0.49997231364250183;0.5904293060302734;[];
28.7;MPIB2;20.656537488607796;57.72007349885652;-0.03712436556816101;-0.4067308008670807;-0.9127544164657593;[];
28.7;MPIB1;59.57535405847284;42.30000001192093;-0.0038963668048381805;-0.5022124648094177;-0.8646873235702515;[];
28.75;MPIB4;2.5297414570994365;35.86976883220919;6.748058367520571E-4;-0.6231363415718079;-0.7820531725883484;[];
28.75;MPIB3;46.186263897085496;30.94686044769327;-0.6335123181343079;-0.49997231364250183;0.5904293060302734;[];
28.75;MPIB2;20.647296535876308;57.504432717034064;-0.03712436556816101;-0.4067308008670807;-0.9127544164657593;[];
28.75;MPIB1;59.57535405847284;42.30000001192093;-0.0038963668048381805;-0.5022124648094177;-0.8646873235702515;[];
28.8;MPIB4;2.5298260177695115;35.673093949579254;6.748058367520571E-4;-0.6231363415718079;-0.7820531725883484;[];
28.8;MPIB3;46.186263897085496;30.94686044769327;-0.6335123181343079;-0.49997231364250183;0.5904293060302734;[];
28.8;MPIB2;20.638268324517185;57.30000001192093;-0.03708144649863243;-0.4090942442417145;-0.911699116230011;[];
28.8;MPIB1;59.57535405847284;42.30000001192093;-0.0038963668048381805;-0.5022124648094177;-0.8646873235702515;[];
28.85;MPIB4;2.5299105784395866;35.4677094984568;6.748058367520571E-4;-0.6231363415718079;-0.7820531725883484;[];
28.85;MPIB3;46.186263897085496;30.94686044769327;-0.6335123181343079;-0.49997231364250183;0.5904293060302734;[];
28.85;MPIB2;20.638268324517185;57.30000001192093;-0.02984306402504444;-0.41381287574768066;-0.9098330140113831;[];
28.85;MPIB1;59.57535405847284;42.30000001192093;-0.0038963668048381805;-0.5022124648094177;-0.8646873235702515;[];
28.9;MPIB4;2.5299951391096616;35.25756962238509;6.748058367520571E-4;-0.6231363415718079;-0.7820531725883484;[];
28.9;MPIB3;46.186263897085496;30.94686044769327;-0.6335123181343079;-0.49997231364250183;0.5904293060302734;[];
28.9;MPIB2;20.638268324517185;57.30000001192093;-0.029806530103087425;-0.41625523567199707;-0.9087191820144653;[];
28.9;MPIB1;59.57535405847284;42.30000001192093;-0.0038963668048381805;-0.5022124648094177;-0.8646873235702515;[];
28.95;MPIB4;2.5299951391096616;35.25756962238509;6.748058367520571E-4;-0.6231363415718079;-0.7820531725883484;[];
28.95;MPIB3;46.186263897085496;30.94686044769327;-0.6335123181343079;-0.49997231364250183;0.5904293060302734;[];
28.95;MPIB2;20.638268324517185;57.30000001192093;-0.02716658264398575;-0.4304995536804199;-0.9021405577659607;[];
28.95;MPIB1;59.57535405847284;42.30000001192093;-0.0038963668048381805;-0.5022124648094177;-0.8646873235702515;[];
29.0;MPIB4;2.5301642604498116;34.83067927700037;6.748058367520571E-4;-0.6231363415718079;-0.7820531725883484;[];
29.0;MPIB3;46.186263897085496;30.94686044769327;-0.6335123181343079;-0.49997231364250183;0.5904293060302734;[];
29.0;MPIB2;20.638268324517185;57.30000001192093;-0.02696073427796364;-0.44455158710479736;-0.895304799079895;[];
29.0;MPIB1;59.57535405847284;42.30000001192093;-0.0038963668048381805;-0.5022124648094177;-0.8646873235702515;[];
29.05;MPIB4;2.5302488211198866;34.61575122286928;6.748058367520571E-4;-0.6231363415718079;-0.7820531725883484;[];
29.05;MPIB3;46.186263897085496;30.94686044769327;-0.6531615853309631;-0.49314841628074646;0.5745452642440796;[];
29.05;MPIB2;20.601806882966798;57.30000001192093;-0.026854686439037323;-0.45157986879348755;-0.8917831778526306;[];
29.05;MPIB1;59.57535405847284;42.30000001192093;-0.0038963668048381805;-0.5022124648094177;-0.8646873235702515;[];
29.1;MPIB4;2.5302488211198866;34.61575122286928;6.748058367520571E-4;-0.6231363415718079;-0.7820531725883484;[];
29.1;MPIB3;46.186263897085496;30.94686044769327;-0.7225514650344849;-0.49314841628074646;0.4843983054161072;[];
29.1;MPIB2;20.601806882966798;57.30000001192093;-0.029208693653345108;-0.4539734125137329;-0.8904927968978882;[];
29.1;MPIB1;59.57535405847284;42.30000001192093;-0.0038963668048381805;-0.5022124648094177;-0.8646873235702515;[];
29.15;MPIB4;2.5373489919473573;34.184992891263164;0.04368967190384865;-0.6231363415718079;-0.7808321118354797;[];
29.15;MPIB3;46.186263897085496;30.94686044769327;-0.8060986995697021;-0.4908948540687561;0.330371230840683;[];
29.15;MPIB2;20.601806882966798;57.30000001192093;-0.029208693653345108;-0.4539734125137329;-0.8904927968978882;[];
29.15;MPIB1;59.57535405847284;42.30000001192093;-0.0038963668048381805;-0.5022124648094177;-0.8646873235702515;[];
29.2;MPIB4;2.5464028471504494;33.969792098236326;0.07225101441144943;-0.6231363415718079;-0.778708815574646;[];
29.2;MPIB3;46.186263897085496;30.94686044769327;-0.8388558626174927;-0.5379912257194519;-0.08245769143104553;[];
29.2;MPIB2;20.601806882966798;57.30000001192093;-0.029208693653345108;-0.4539734125137329;-0.8904927968978882;[];
29.2;MPIB1;59.57535405847284;42.30000001192093;-0.0038963668048381805;-0.5022124648094177;-0.8646873235702515;[];
29.25;MPIB4;2.5464028471504494;33.969792098236326;0.07225101441144943;-0.6231363415718079;-0.778708815574646;[];
29.25;MPIB3;46.186263897085496;30.94686044769327;-0.7506280541419983;-0.5707020163536072;-0.33281663060188293;[];
29.25;MPIB2;20.601806882966798;57.30000001192093;-0.029208693653345108;-0.4539734125137329;-0.8904927968978882;[];
29.25;MPIB1;59.57535405847284;42.30000001192093;-0.0038963668048381805;-0.5022124648094177;-0.8646873235702515;[];
29.3;MPIB4;2.4027160972387884;33.58348592547736;0.13916465640068054;-0.6231363415718079;-0.769571840763092;[];
29.3;MPIB3;46.186263897085496;30.94686044769327;-0.7064895629882812;-0.5792520046234131;-0.40650832653045654;[];
29.3;MPIB2;20.56687088668275;57.30000001192093;-0.029208693653345108;-0.4539734125137329;-0.8904927968978882;[];
29.3;MPIB1;59.57535405847284;42.30000001192093;-0.0038963668048381805;-0.5022124648094177;-0.8646873235702515;[];
29.35;MPIB4;2.300708132782733;33.395919192230195;0.16527152061462402;-0.6231363415718079;-0.7643905878067017;[];
29.35;MPIB3;46.186263897085496;30.94686044769327;-0.6922475099563599;-0.5792520046234131;-0.4303137958049774;[];
29.35;MPIB2;20.56687088668275;57.30000001192093;-0.029208693653345108;-0.4539734125137329;-0.8904927968978882;[];
29.35;MPIB1;59.57535405847284;42.30000001192093;-0.0038963668048381805;-0.5022124648094177;-0.8646873235702515;[];
29.4;MPIB4;2.1508556465721105;33.30000001192093;0.21688097715377808;-0.6231363415718079;-0.7513789534568787;[];
29.4;MPIB3;46.186263897085496;30.94686044769327;-0.6671798229217529;-0.5598674416542053;-0.491254061460495;[];
29.4;MPIB2;20.56687088668275;57.30000001192093;-0.029208693653345108;-0.4539734125137329;-0.8904927968978882;[];
29.4;MPIB1;59.57535405847284;42.30000001192093;-0.0038963668048381805;-0.5022124648094177;-0.8646873235702515;[];
29.45;MPIB4;1.9766860021306951;33.30000001192093;0.26170024275779724;-0.6231363415718079;-0.7369672060012817;[];
29.45;MPIB3;46.186263897085496;30.94686044769327;-0.597115159034729;-0.526954710483551;-0.6047200560569763;[];
29.45;MPIB2;20.56687088668275;57.30000001192093;-0.029208693653345108;-0.4539734125137329;-0.8904927968978882;[];
29.45;MPIB1;59.57535405847284;42.30000001192093;-0.0038963668048381805;-0.5022124648094177;-0.8646873235702515;[];
29.5;MPIB4;1.7905018898009137;33.30000001192093;0.2885092496871948;-0.6231363415718079;-0.7268906831741333;[];
29.5;MPIB3;46.186263897085496;30.94686044769327;-0.5318042039871216;-0.49997231364250183;-0.6834683418273926;[];
29.5;MPIB2;20.56687088668275;57.30000001192093;-0.029208693653345108;-0.4539734125137329;-0.8904927968978882;[];
29.5;MPIB1;59.57535405847284;42.30000001192093;-0.0038963668048381805;-0.5022124648094177;-0.8646873235702515;[];
29.55;MPIB4;1.601917335223721;33.25475050508976;0.3610973060131073;-0.6231363415718079;-0.6936975717544556;[];
29.55;MPIB3;46.186263897085496;30.94686044769327;-0.4609525799751282;-0.47477537393569946;-0.749687135219574;[];
29.55;MPIB2;20.531510057193486;57.30000001192093;-0.029208693653345108;-0.4539734125137329;-0.8904927968978882;[];
29.55;MPIB1;59.57535405847284;42.30000001192093;-0.0038963668048381805;-0.5022124648094177;-0.8646873235702515;[];
29.6;MPIB4;1.420477162196725;33.17134173556295;0.46845436096191406;-0.6231363415718079;-0.6262252926826477;[];
29.6;MPIB3;46.186263897085496;30.94686044769327;-0.38899749517440796;-0.4632597863674164;-0.796236515045166;[];
29.6;MPIB2;20.531510057193486;57.30000001192093;-0.029208693653345108;-0.4539734125137329;-0.8904927968978882;[];
29.6;MPIB1;59.57535405847284;42.30000001192093;-0.0038963668048381805;-0.5022124648094177;-0.8646873235702515;[];
29.65;MPIB4;1.3214108162171687;33.12580054211159;0.5865474343299866;-0.6024546027183533;-0.5412193536758423;[];
29.65;MPIB3;46.186263897085496;30.94686044769327;-0.27846384048461914;-0.45627835392951965;-0.8450976610183716;[];
29.65;MPIB2;20.531510057193486;57.30000001192093;-0.029170062392950058;-0.45627835392951965;-0.8893150687217712;[];
29.65;MPIB1;59.57535405847284;42.30000001192093;-0.0038963668048381805;-0.5022124648094177;-0.8646873235702515;[];
29.7;MPIB4;1.2673205850296085;33.100935047598966;0.7302497029304504;-0.5749456286430359;-0.3688940107822418;[];
29.7;MPIB3;46.186263897085496;30.94686044769327;-0.1382337361574173;-0.45627835392951965;-0.878990113735199;[];
29.7;MPIB2;20.531510057193486;57.30000001192093;-0.02441372349858284;-0.460964173078537;-0.8870386481285095;[];
29.7;MPIB1;59.57535405847284;42.30000001192093;-0.0038963668048381805;-0.5022124648094177;-0.8646873235702515;[];
29.75;MPIB4;1.2377873153708336;33.087358486018104;0.8435662984848022;-0.5202569365501404;-0.13282857835292816;[];
29.75;MPIB3;46.186263897085496;30.94686044769327;0.005630281753838062;-0.45627835392951965;-0.8897755146026611;[];
29.75;MPIB2;20.531510057193486;57.30000001192093;-0.02441372349858284;-0.460964173078537;-0.8870386481285095;[];
29.75;MPIB1;59.57491246529662;42.20200101286173;-0.0038963668048381805;-0.5022124648094177;-0.8646873235702515;[];
29.8;MPIB4;1.2377873153708336;33.087358486018104;0.8537431955337524;-0.5089951753616333;-0.1093733087182045;[];
29.8;MPIB3;46.186263897085496;30.94686044769327;0.14812350273132324;-0.47021257877349854;-0.8699885010719299;[];
29.8;MPIB2;20.498396214491095;57.30000001192093;-0.02441372349858284;-0.460964173078537;-0.8870386481285095;[];
29.8;MPIB1;59.5744708721204;42.050494554101164;-0.0038963668048381805;-0.5022124648094177;-0.8646873235702515;[];
29.85;MPIB4;1.2004047714811228;32.97869273443237;0.8537431955337524;-0.5089951753616333;-0.1093733087182045;[];
29.85;MPIB3;46.186263897085496;30.94686044769327;0.3001880943775177;-0.5022124648094177;-0.8109170198440552;[];
29.85;MPIB2;20.498396214491095;57.30000001192093;-0.022087641060352325;-0.4632597863674164;-0.8859028220176697;[];
29.85;MPIB1;59.57402927894418;41.86977301895027;-0.0038963668048381805;-0.5022124648094177;-0.8646873235702515;[];
29.9;MPIB4;1.1765968754633533;32.8261711505817;0.8553280830383301;-0.5067653059959412;-0.10732665657997131;[];
29.9;MPIB3;46.186263897085496;30.94686044769327;0.383783757686615;-0.5157464742660522;-0.7659183144569397;[];
29.9;MPIB2;20.498396214491095;57.30000001192093;-0.01739230751991272;-0.46555230021476746;-0.8848048448562622;[];
29.9;MPIB1;59.57358768576796;41.67310005023742;-0.0038963668048381805;-0.5022124648094177;-0.8646873235702515;[];
29.95;MPIB4;1.16359776272777;32.74289435612641;0.8593080043792725;-0.5022124648094177;-0.09637979418039322;[];
29.95;MPIB3;46.186263897085496;30.94686044769327;0.41746506094932556;-0.5157464742660522;-0.7480933666229248;[];
29.95;MPIB2;20.498396214491095;57.30000001192093;-0.012793154455721378;-0.46792641282081604;-0.8836299180984497;[];
29.95;MPIB1;59.57314609259174;41.46771759778815;-0.0038963668048381805;-0.5022124648094177;-0.8646873235702515;[];
30.0;MPIB4;1.1565002463497462;32.69742522107248;0.863038182258606;-0.5022124648094177;-0.053520265966653824;[];
30.0;MPIB3;46.186263897085496;30.94686044769327;0.44267988204956055;-0.5157464742660522;-0.7334544062614441;[];
30.0;MPIB2;20.498396214491095;57.30000001192093;-0.008133565075695515;-0.46792641282081604;-0.8836851119995117;[];
30.0;MPIB1;59.57270449941552;41.257579766666424;-0.0038963668048381805;-0.5022124648094177;-0.8646873235702515;[];
30.05;MPIB4;1.1565002463497462;32.69742522107248;0.8646407127380371;-0.5022124648094177;0.00978219136595726;[];
30.05;MPIB3;46.186263897085496;30.94686044769327;0.45032036304473877;-0.5157464742660522;-0.7287882566452026;[];
30.05;MPIB2;20.498396214491095;57.30000001192093;0.0010167098371312022;-0.46792641282081604;-0.8837218880653381;[];
30.05;MPIB1;59.5722629062393;41.044845498487945;-0.0038963668048381805;-0.5022124648094177;-0.8646873235702515;[];
30.1;MPIB4;1.1526250019572255;32.65904399063473;0.8657346367835999;-0.49997231364250183;0.021169541403651237;[];
30.1;MPIB3;46.186263897085496;30.94686044769327;0.4522751569747925;-0.5157464742660522;-0.7275767922401428;[];
30.1;MPIB2;20.498396214491095;57.30000001192093;0.01033631619066;-0.46792641282081604;-0.8836610913276672;[];
30.1;MPIB1;59.57182131306308;40.830693575511845;-0.0038963668048381805;-0.5022124648094177;-0.8646873235702515;[];
30.15;MPIB4;1.1526250019572255;32.65904399063473;0.8653850555419922;-0.49997231364250183;0.03245559707283974;[];
30.15;MPIB3;46.186263897085496;30.94686044769327;0.4541570246219635;-0.5157464742660522;-0.7264035940170288;[];
30.15;MPIB2;20.498396214491095;57.30000001192093;0.019570067524909973;-0.46792641282081604;-0.8835039734840393;[];
30.15;MPIB1;59.57137971988686;40.615767612926305;-0.0038963668048381805;-0.5022124648094177;-0.8646873235702515;[];
30.2;MPIB4;1.1526250019572255;32.65904399063473;0.8678242564201355;-0.49539870023727417;0.03713054955005646;[];
30.2;MPIB3;46.186263897085496;30.94686044769327;0.4541570246219635;-0.5157464742660522;-0.7264035940170288;[];
30.2;MPIB2;20.498396214491095;57.30000001192093;0.019570067524909973;-0.46792641282081604;-0.8835039734840393;[];
30.2;MPIB1;59.570938126710644;40.400419024664956;-0.0038963668048381805;-0.5022124648094177;-0.8646873235702515;[];
30.25;MPIB4;1.1526250019572255;32.65904399063473;0.8678242564201355;-0.49539870023727417;0.03713054955005646;[];
30.25;MPIB3;46.186263897085496;30.94686044769327;0.4541570246219635;-0.5157464742660522;-0.7264035940170288;[];
30.25;MPIB2;20.498396214491095;57.30000001192093;0.019570067524909973;-0.46792641282081604;-0.8835039734840393;[];
30.25;MPIB1;59.570496533534424;40.1848396827578;-0.0038963668048381805;-0.5022124648094177;-0.8646873235702515;[];
30.3;MPIB4;1.1526250019572255;32.65904399063473;0.8678242564201355;-0.49539870023727417;0.03713054955005646;[];
30.3;MPIB3;46.186263897085496;30.94686044769327;0.4541570246219635;-0.5157464742660522;-0.7264035940170288;[];
30.3;MPIB2;20.498396214491095;57.30000001192093;0.019570067524909973;-0.46792641282081604;-0.8835039734840393;[];
30.3;MPIB1;59.570054940358204;39.96913434934538;-0.0038963668048381805;-0.5022124648094177;-0.8646873235702515;[];
30.35;MPIB4;1.1526250019572255;32.65904399063473;0.8680079579353333;-0.49539870023727417;0.03255396708846092;[];
30.35;MPIB3;46.186263897085496;30.94686044769327;0.4541570246219635;-0.5157464742660522;-0.7264035940170288;[];
30.35;MPIB2;20.498396214491095;57.30000001192093;0.019570067524909973;-0.46792641282081604;-0.8835039734840393;[];
30.35;MPIB1;59.569613347181985;39.753360224563124;-0.0038963668048381805;-0.5022124648094177;-0.8646873235702515;[];
30.4;MPIB4;1.1526250019572255;32.65904399063473;0.8684107065200806;-0.49539870023727417;0.01898580975830555;[];
30.4;MPIB3;46.186263897085496;30.94686044769327;0.4541570246219635;-0.5157464742660522;-0.7264035940170288;[];
30.4;MPIB2;20.498396214491095;57.30000001192093;0.019570067524909973;-0.46792641282081604;-0.8835039734840393;[];
30.4;MPIB1;59.569171754005765;39.537548539688544;-0.0038963668048381805;-0.5022124648094177;-0.8646873235702515;[];
30.45;MPIB4;1.2506115138433453;32.64922729873567;0.868498682975769;-0.49539870023727417;0.014406384900212288;[];
30.45;MPIB3;46.186263897085496;30.94686044769327;0.4541570246219635;-0.5157464742660522;-0.7264035940170288;[];
30.45;MPIB2;20.498396214491095;57.30000001192093;0.019570067524909973;-0.46792641282081604;-0.8835039734840393;[];
30.45;MPIB1;59.568730160829546;39.3217163470012;-0.0038963668048381805;-0.5022124648094177;-0.8646873235702515;[];
30.5;MPIB4;1.304112155547407;32.64922729873567;0.8698422312736511;-0.49314841628074646;0.009841038845479488;[];
30.5;MPIB3;46.186263897085496;30.94686044769327;0.4541570246219635;-0.5157464742660522;-0.7264035940170288;[];
30.5;MPIB2;20.498396214491095;57.30000001192093;0.019570067524909973;-0.46792641282081604;-0.8835039734840393;[];
30.5;MPIB1;59.568730160829546;39.3217163470012;-0.0038963668048381805;-0.5022124648094177;-0.8646873235702515;[];
30.55;MPIB4;1.304112155547407;32.64922729873567;0.8698422312736511;-0.49314841628074646;0.009841038845479488;[];
30.55;MPIB3;46.186263897085496;30.94686044769327;0.4541570246219635;-0.5157464742660522;-0.7264035940170288;[];
30.55;MPIB2;20.498396214491095;57.30000001192093;0.019570067524909973;-0.46792641282081604;-0.8835039734840393;[];
30.55;MPIB1;59.568730160829546;39.3217163470012;-0.0038963668048381805;-0.5022124648094177;-0.8646873235702515;[];
30.6;MPIB4;1.3492729103181778;32.64922729873567;0.8698422312736511;-0.49314841628074646;0.009841038845479488;[];
30.6;MPIB3;46.186263897085496;30.94686044769327;0.4541570246219635;-0.5157464742660522;-0.7264035940170288;[];
30.6;MPIB2;20.498396214491095;57.30000001192093;0.019570067524909973;-0.46792641282081604;-0.8835039734840393;[];
30.6;MPIB1;59.568730160829546;39.3217163470012;-0.0038963668048381805;-0.5022124648094177;-0.8646873235702515;[];
30.65;MPIB4;1.3492729103181778;32.64922729873567;0.8646319508552551;-0.5022124648094177;-0.010528255254030228;[];
30.65;MPIB3;46.186263897085496;30.94686044769327;0.4541570246219635;-0.5157464742660522;-0.7264035940170288;[];
30.65;MPIB2;20.498396214491095;57.30000001192093;0.019570067524909973;-0.46792641282081604;-0.8835039734840393;[];
30.65;MPIB1;59.568730160829546;39.3217163470012;-0.0038963668048381805;-0.5022124648094177;-0.8646873235702515;[];
30.7;MPIB4;1.3492729103181778;32.64922729873567;0.8619042038917542;-0.5067653059959412;-0.015040920116007328;[];
30.7;MPIB3;46.186263897085496;30.94686044769327;0.4541570246219635;-0.5157464742660522;-0.7264035940170288;[];
30.7;MPIB2;20.498396214491095;57.30000001192093;0.019570067524909973;-0.46792641282081604;-0.8835039734840393;[];
30.7;MPIB1;59.568730160829546;39.3217163470012;-0.0038963668048381805;-0.5022124648094177;-0.8646873235702515;[];
30.75;MPIB4;1.3492729103181778;32.64922729873567;0.8591246008872986;-0.5112216472625732;-0.021749675273895264;[];
30.75;MPIB3;46.186263897085496;30.94686044769327;0.4541570246219635;-0.5157464742660522;-0.7264035940170288;[];
30.75;MPIB2;20.498396214491095;57.30000001192093;0.019570067524909973;-0.46792641282081604;-0.8835039734840393;[];
30.75;MPIB1;59.568730160829546;39.3217163470012;-0.0038963668048381805;-0.5022124648094177;-0.8646873235702515;[];
30.8;MPIB4;1.3492729103181778;32.64922729873567;0.8590654134750366;-0.5112216472625732;-0.02397352270781994;[];
30.8;MPIB3;46.186263897085496;30.94686044769327;0.4541570246219635;-0.5157464742660522;-0.7264035940170288;[];
30.8;MPIB2;20.51699627017001;57.30000001192093;0.019570067524909973;-0.46792641282081604;-0.8835039734840393;[];
30.8;MPIB1;59.568730160829546;39.3217163470012;-0.0038963668048381805;-0.5022124648094177;-0.8646873235702515;[];
30.85;MPIB4;1.3492729103181778;32.64922729873567;0.8590654134750366;-0.5112216472625732;-0.02397352270781994;[];
30.85;MPIB3;46.186263897085496;30.94686044769327;0.4541570246219635;-0.5157464742660522;-0.7264035940170288;[];
30.85;MPIB2;20.51699627017001;57.30000001192093;0.019570067524909973;-0.46792641282081604;-0.8835039734840393;[];
30.85;MPIB1;59.568730160829546;39.3217163470012;-0.0038963668048381805;-0.5022124648094177;-0.8646873235702515;[];
30.9;MPIB4;1.3492729103181778;32.64922729873567;0.8590654134750366;-0.5112216472625732;-0.02397352270781994;[];
30.9;MPIB3;46.186263897085496;30.94686044769327;0.4541570246219635;-0.5157464742660522;-0.7264035940170288;[];
30.9;MPIB2;20.51699627017001;57.30000001192093;0.019570067524909973;-0.46792641282081604;-0.8835039734840393;[];
30.9;MPIB1;59.568730160829546;39.3217163470012;-0.0038963668048381805;-0.5022124648094177;-0.8646873235702515;[];
30.95;MPIB4;1.3492729103181778;32.64922729873567;0.8590654134750366;-0.5112216472625732;-0.02397352270781994;[];
30.95;MPIB3;46.186263897085496;30.94686044769327;0.4541570246219635;-0.5157464742660522;-0.7264035940170288;[];
30.95;MPIB2;20.51699627017001;57.30000001192093;0.019570067524909973;-0.46792641282081604;-0.8835039734840393;[];
30.95;MPIB1;59.568730160829546;39.3217163470012;-0.0038963668048381805;-0.5022124648094177;-0.8646873235702515;[];
31.0;MPIB4;1.3492729103181778;32.64922729873567;0.8590654134750366;-0.5112216472625732;-0.02397352270781994;[];
31.0;MPIB3;46.186263897085496;30.94686044769327;0.4541570246219635;-0.5157464742660522;-0.7264035940170288;[];
31.0;MPIB2;20.51699627017001;57.30000001192093;0.017222648486495018;-0.46555230021476746;-0.8848064541816711;[];
31.0;MPIB1;59.568730160829546;39.3217163470012;-0.0038963668048381805;-0.5022124648094177;-0.8646873235702515;[];
31.05;MPIB4;1.3492729103181778;32.64922729873567;0.8590654134750366;-0.5112216472625732;-0.02397352270781994;[];
31.05;MPIB3;46.186263897085496;30.94686044769327;0.4541570246219635;-0.5157464742660522;-0.7264035940170288;[];
31.05;MPIB2;20.51699627017001;57.30000001192093;0.017222648486495018;-0.46555230021476746;-0.8848064541816711;[];
31.05;MPIB1;59.568730160829546;39.3217163470012;-0.0038963668048381805;-0.5022124648094177;-0.8646873235702515;[];
31.1;MPIB4;1.4606979074793243;32.646493524718124;0.8590654134750366;-0.5112216472625732;-0.02397352270781994;[];
31.1;MPIB3;46.186263897085496;30.94686044769327;0.4541570246219635;-0.5157464742660522;-0.7264035940170288;[];
31.1;MPIB2;20.51699627017001;57.30000001192093;0.010365038178861141;-0.4632597863674164;-0.8861165046691895;[];
31.1;MPIB1;59.568730160829546;39.3217163470012;-0.0038963668048381805;-0.5022124648094177;-0.8646873235702515;[];
31.15;MPIB4;1.6121469345098762;32.64375975070058;0.8590654134750366;-0.5112216472625732;-0.02397352270781994;[];
31.15;MPIB3;46.186263897085496;30.94686044769327;0.4541570246219635;-0.5157464742660522;-0.7264035940170288;[];
31.15;MPIB2;20.51699627017001;57.30000001192093;0.010365038178861141;-0.4632597863674164;-0.8861165046691895;[];
31.15;MPIB1;59.568730160829546;39.3217163470012;-0.0038963668048381805;-0.5022124648094177;-0.8646873235702515;[];
31.2;MPIB4;1.6999999880790728;32.64102597668304;0.8590654134750366;-0.5112216472625732;-0.02397352270781994;[];
31.2;MPIB3;46.186263897085496;30.94686044769327;0.4541570246219635;-0.5157464742660522;-0.7264035940170288;[];
31.2;MPIB2;20.53006475565121;57.20200078189373;0.0033984421752393246;-0.4632597863674164;-0.886171281337738;[];
31.2;MPIB1;59.568730160829546;39.3217163470012;-0.0038963668048381805;-0.5022124648094177;-0.8646873235702515;[];
31.25;MPIB4;1.6999999880790728;32.64102597668304;0.8590654134750366;-0.5112216472625732;-0.02397352270781994;[];
31.25;MPIB3;46.186263897085496;30.94686044769327;0.4541570246219635;-0.5157464742660522;-0.7264035940170288;[];
31.25;MPIB2;20.530449975522743;57.05049396605662;0.0033984421752393246;-0.4632597863674164;-0.886171281337738;[];
31.25;MPIB1;59.568730160829546;39.3217163470012;-0.0038963668048381805;-0.5022124648094177;-0.8646873235702515;[];
31.3;MPIB4;1.7979618385434168;32.635558428647954;0.8590654134750366;-0.5112216472625732;-0.02397352270781994;[];
31.3;MPIB3;46.186263897085496;30.94686044769327;0.4541570246219635;-0.5157464742660522;-0.7264035940170288;[];
31.3;MPIB2;20.530835195394275;56.869772004973896;0.0033984421752393246;-0.4632597863674164;-0.886171281337738;[];
31.3;MPIB1;59.568730160829546;39.3217163470012;-0.0038963668048381805;-0.5022124648094177;-0.8646873235702515;[];
31.35;MPIB4;1.9494108655739688;32.63282465463041;0.8590654134750366;-0.5112216472625732;-0.02397352270781994;[];
31.35;MPIB3;46.186263897085496;30.94686044769327;0.4541570246219635;-0.5157464742660522;-0.7264035940170288;[];
31.35;MPIB2;20.531220415265807;56.67309857273426;0.0033984421752393246;-0.4632597863674164;-0.886171281337738;[];
31.35;MPIB1;59.568730160829546;39.3217163470012;-0.0038963668048381805;-0.5022124648094177;-0.8646873235702515;[];
31.4;MPIB4;2.130063894401792;32.63009088061287;0.8590654134750366;-0.5112216472625732;-0.02397352270781994;[];
31.4;MPIB3;46.186263897085496;30.94686044769327;0.45603588223457336;-0.5157464742660522;-0.725225567817688;[];
31.4;MPIB2;20.53160563513734;56.46771563623133;0.0033984421752393246;-0.4632597863674164;-0.886171281337738;[];
31.4;MPIB1;59.568730160829546;39.3217163470012;-0.0038963668048381805;-0.5022124648094177;-0.8646873235702515;[];
31.45;MPIB4;2.3266623100630235;32.627357106595326;0.8590654134750366;-0.5112216472625732;-0.02397352270781994;[];
31.45;MPIB3;46.186263897085496;30.94686044769327;0.45603588223457336;-0.5157464742660522;-0.725225567817688;[];
31.45;MPIB2;20.53199085500887;56.25757730984827;0.0033984421752393246;-0.4632597863674164;-0.886171281337738;[];
31.45;MPIB1;59.56652219494845;39.30000001192093;-0.0038963668048381805;-0.5022124648094177;-0.8646873235702515;[];
31.5;MPIB4;2.531966907946542;32.624623332577784;0.8590654134750366;-0.5112216472625732;-0.02397352270781994;[];
31.5;MPIB3;46.186263897085496;30.94686044769327;0.45603588223457336;-0.5157464742660522;-0.725225567817688;[];
31.5;MPIB2;20.532376074880403;56.044842540289096;0.0033984421752393246;-0.4632597863674164;-0.886171281337738;[];
31.5;MPIB1;59.56652219494845;39.30000001192093;-0.0038963668048381805;-0.5022124648094177;-0.8646873235702515;[];
31.55;MPIB4;2.74202508187557;32.62188955856024;0.8590654134750366;-0.5112216472625732;-0.02397352270781994;[];
31.55;MPIB3;46.186263897085496;30.94686044769327;0.45603588223457336;-0.5157464742660522;-0.725225567817688;[];
31.55;MPIB2;20.532761294751936;55.8306901125911;0.0033984421752393246;-0.4632597863674164;-0.886171281337738;[];
31.55;MPIB1;59.56652219494845;39.30000001192093;-0.0038963668048381805;-0.5022124648094177;-0.8646873235702515;[];
31.6;MPIB4;2.954678708626914;32.6191557845427;0.8590654134750366;-0.5112216472625732;-0.02397352270781994;[];
31.6;MPIB3;46.186263897085496;30.94686044769327;0.4598536193370819;-0.5157464742660522;-0.7228107452392578;[];
31.6;MPIB2;20.533146514623468;55.61576364345939;0.0033984421752393246;-0.4632597863674164;-0.886171281337738;[];
31.6;MPIB1;59.56652219494845;39.30000001192093;-0.0038963668048381805;-0.5022124648094177;-0.8646873235702515;[];
31.65;MPIB4;3.168749452783845;32.616422010525156;0.8590654134750366;-0.5112216472625732;-0.02397352270781994;[];
31.65;MPIB3;46.186263897085496;30.94686044769327;0.45913535356521606;-0.5179625153541565;-0.7216817736625671;[];
31.65;MPIB2;20.533531734495;55.40041454765577;0.0033984421752393246;-0.4632597863674164;-0.886171281337738;[];
31.65;MPIB1;59.56652219494845;39.30000001192093;-0.0038963668048381805;-0.5022124648094177;-0.8646873235702515;[];
31.7;MPIB4;3.383593943134099;32.61368823650761;0.8590654134750366;-0.5112216472625732;-0.02397352270781994;[];
31.7;MPIB3;46.186263897085496;30.94686044769327;0.45913535356521606;-0.5179625153541565;-0.7216817736625671;[];
31.7;MPIB2;20.533916954366532;55.184834697662495;0.0033984421752393246;-0.4632597863674164;-0.886171281337738;[];
31.7;MPIB1;59.56652219494845;39.30000001192093;-0.0038963668048381805;-0.5022124648094177;-0.8646873235702515;[];
31.75;MPIB4;3.383593943134099;32.61368823650761;0.8590654134750366;-0.5112216472625732;-0.02397352270781994;[];
31.75;MPIB3;46.186263897085496;30.94686044769327;0.45913535356521606;-0.5179625153541565;-0.7216817736625671;[];
31.75;MPIB2;20.534302174238064;54.96912885586704;0.0033984421752393246;-0.4632597863674164;-0.886171281337738;[];
31.75;MPIB1;59.56652219494845;39.30000001192093;-0.0038963668048381805;-0.5022124648094177;-0.8646873235702515;[];
31.8;MPIB4;3.814358520949611;32.60822068847253;0.8590654134750366;-0.5112216472625732;-0.02397352270781994;[];
31.8;MPIB3;46.186263897085496;30.94686044769327;0.4602508246898651;-0.5202569365501404;-0.719316840171814;[];
31.8;MPIB2;20.534302174238064;54.96912885586704;0.0033984421752393246;-0.4632597863674164;-0.886171281337738;[];
31.8;MPIB1;59.56652219494845;39.30000001192093;-0.0038963668048381805;-0.5022124648094177;-0.8646873235702515;[];
31.85;MPIB4;4.029948171646865;32.60446335695221;0.8573933243751526;-0.513526976108551;-0.032896749675273895;[];
31.85;MPIB3;46.186263897085496;30.94686044769327;0.46138083934783936;-0.5224658846855164;-0.7169879674911499;[];
31.85;MPIB2;20.53507261398113;54.53754202903133;0.0033984421752393246;-0.4632597863674164;-0.886171281337738;[];
31.85;MPIB1;59.56652219494845;39.30000001192093;-0.0038963668048381805;-0.5022124648094177;-0.8646873235702515;[];
31.9;MPIB4;4.245577631758169;32.60044315497859;0.8573018908500671;-0.513526976108551;-0.03519827127456665;[];
31.9;MPIB3;46.186263897085496;30.94686044769327;0.46138083934783936;-0.5224658846855164;-0.7169879674911499;[];
31.9;MPIB2;20.53545783385266;54.32170932766195;0.0033984421752393246;-0.4632597863674164;-0.886171281337738;[];
31.9;MPIB1;59.56652219494845;39.30000001192093;-0.0038963668048381805;-0.5022124648094177;-0.8646873235702515;[];
31.95;MPIB4;4.4612288278120715;32.596422953004975;0.8573018908500671;-0.513526976108551;-0.03519827127456665;[];
31.95;MPIB3;46.186263897085496;30.94686044769327;0.46138083934783936;-0.5224658846855164;-0.7169879674911499;[];
31.95;MPIB2;20.53545783385266;54.32170932766195;0.0033984421752393246;-0.4632597863674164;-0.886171281337738;[];
31.95;MPIB1;59.56652219494845;39.30000001192093;-0.0038963668048381805;-0.5022124648094177;-0.8646873235702515;[];
32.0;MPIB4;4.676891891692009;32.59240275103136;0.8573018908500671;-0.513526976108551;-0.03519827127456665;[];
32.0;MPIB3;46.186263897085496;30.94686044769327;0.46138083934783936;-0.5224658846855164;-0.7169879674911499;[];
32.0;MPIB2;20.53545783385266;54.32170932766195;0.0033984421752393246;-0.4632597863674164;-0.886171281337738;[];
32.0;MPIB1;59.56652219494845;39.30000001192093;-0.0038963668048381805;-0.5022124648094177;-0.8646873235702515;[];
32.05;MPIB4;4.676891891692009;32.59240275103136;0.8573018908500671;-0.513526976108551;-0.03519827127456665;[];
32.05;MPIB3;46.186263897085496;30.94686044769327;0.46138083934783936;-0.5224658846855164;-0.7169879674911499;[];
32.05;MPIB2;20.53545783385266;54.32170932766195;0.0033984421752393246;-0.4632597863674164;-0.886171281337738;[];
32.05;MPIB1;59.56652219494845;39.30000001192093;-0.0038963668048381805;-0.5022124648094177;-0.8646873235702515;[];
32.1;MPIB4;4.676891891692009;32.59240275103136;0.8572079539299011;-0.513526976108551;-0.03741735592484474;[];
32.1;MPIB3;46.186263897085496;30.94686044769327;0.46138083934783936;-0.5224658846855164;-0.7169879674911499;[];
32.1;MPIB2;20.53545783385266;54.32170932766195;0.0033984421752393246;-0.4632597863674164;-0.886171281337738;[];
32.1;MPIB1;59.56652219494845;39.30000001192093;-0.0038963668048381805;-0.5022124648094177;-0.8646873235702515;[];
32.15;MPIB4;4.676891891692009;32.59240275103136;0.8517990112304688;-0.5224658846855164;-0.03718125447630882;[];
32.15;MPIB3;46.186263897085496;30.94686044769327;0.46138083934783936;-0.5224658846855164;-0.7169879674911499;[];
32.15;MPIB2;20.53545783385266;54.32170932766195;0.0033984421752393246;-0.4632597863674164;-0.886171281337738;[];
32.15;MPIB1;59.56652219494845;39.30000001192093;-0.0038963668048381805;-0.5022124648094177;-0.8646873235702515;[];
32.2;MPIB4;4.676891891692009;32.59240275103136;0.846297025680542;-0.5313476920127869;-0.03694109246134758;[];
32.2;MPIB3;46.186263897085496;30.94686044769327;0.46138083934783936;-0.5224658846855164;-0.7169879674911499;[];
32.2;MPIB2;20.53545783385266;54.32170932766195;0.0033984421752393246;-0.4632597863674164;-0.886171281337738;[];
32.2;MPIB1;59.55989829730515;39.20200101286173;-0.0038963668048381805;-0.5022124648094177;-0.8646873235702515;[];
32.25;MPIB4;4.699999988079073;32.571034469581235;0.846297025680542;-0.5313476920127869;-0.03694109246134758;[];
32.25;MPIB3;46.186263897085496;30.94686044769327;0.46138083934783936;-0.5224658846855164;-0.7169879674911499;[];
32.25;MPIB2;20.53545783385266;54.32170932766195;0.0033984421752393246;-0.4632597863674164;-0.886171281337738;[];
32.25;MPIB1;59.559456704128934;39.050494554101164;-0.0038963668048381805;-0.5022124648094177;-0.8646873235702515;[];
32.3;MPIB4;4.699999988079073;32.571034469581235;0.846297025680542;-0.5313476920127869;-0.03694109246134758;[];
32.3;MPIB3;46.186263897085496;30.94686044769327;0.46138083934783936;-0.5224658846855164;-0.7169879674911499;[];
32.3;MPIB2;20.53545783385266;54.32170932766195;0.0033984421752393246;-0.4632597863674164;-0.886171281337738;[];
32.3;MPIB1;59.559015110952714;38.86977301895027;-0.0038963668048381805;-0.5022124648094177;-0.8646873235702515;[];
32.35;MPIB4;4.699999988079073;32.571034469581235;0.846297025680542;-0.5313476920127869;-0.03694109246134758;[];
32.35;MPIB3;46.186263897085496;30.94686044769327;0.46138083934783936;-0.5224658846855164;-0.7169879674911499;[];
32.35;MPIB2;20.53545783385266;54.32170932766195;0.0033984421752393246;-0.4632597863674164;-0.886171281337738;[];
32.35;MPIB1;59.558573517776495;38.67310005023742;-0.0038963668048381805;-0.5022124648094177;-0.8646873235702515;[];
32.4;MPIB4;4.699999988079073;32.571034469581235;0.846297025680542;-0.5313476920127869;-0.03694109246134758;[];
32.4;MPIB3;46.186263897085496;30.94686044769327;0.46138083934783936;-0.5224658846855164;-0.7169879674911499;[];
32.4;MPIB2;20.53545783385266;54.32170932766195;0.0033984421752393246;-0.4632597863674164;-0.886171281337738;[];
32.4;MPIB1;59.558131924600275;38.46771759778815;-0.0038963668048381805;-0.5022124648094177;-0.8646873235702515;[];
32.45;MPIB4;4.699999988079073;32.571034469581235;0.846297025680542;-0.5313476920127869;-0.03694109246134758;[];
32.45;MPIB3;46.186263897085496;30.94686044769327;0.46138083934783936;-0.5224658846855164;-0.7169879674911499;[];
32.45;MPIB2;20.53545783385266;54.32170932766195;0.0033984421752393246;-0.4632597863674164;-0.886171281337738;[];
32.45;MPIB1;59.557690331424055;38.257579766666424;-0.0038963668048381805;-0.5022124648094177;-0.8646873235702515;[];
32.5;MPIB4;4.699999988079073;32.571034469581235;0.846297025680542;-0.5313476920127869;-0.03694109246134758;[];
32.5;MPIB3;46.186263897085496;30.94686044769327;0.46138083934783936;-0.5224658846855164;-0.7169879674911499;[];
32.5;MPIB2;20.53545783385266;54.32170932766195;0.0033984421752393246;-0.4632597863674164;-0.886171281337738;[];
32.5;MPIB1;59.557248738247836;38.044845498487945;-0.0038963668048381805;-0.5022124648094177;-0.8646873235702515;[];
32.55;MPIB4;4.699999988079073;32.571034469581235;0.846297025680542;-0.5313476920127869;-0.03694109246134758;[];
32.55;MPIB3;46.186263897085496;30.94686044769327;0.46138083934783936;-0.5224658846855164;-0.7169879674911499;[];
32.55;MPIB2;20.53545783385266;54.32170932766195;0.0033984421752393246;-0.4632597863674164;-0.886171281337738;[];
32.55;MPIB1;59.556807145071616;37.830693575511845;-0.0038963668048381805;-0.5022124648094177;-0.8646873235702515;[];
32.6;MPIB4;4.699999988079073;32.571034469581235;0.846297025680542;-0.5313476920127869;-0.03694109246134758;[];
32.6;MPIB3;46.186263897085496;30.94686044769327;0.46138083934783936;-0.5224658846855164;-0.7169879674911499;[];
32.6;MPIB2;20.53545783385266;54.32170932766195;0.0033984421752393246;-0.4632597863674164;-0.886171281337738;[];
32.6;MPIB1;59.5563655518954;37.615767612926305;-0.0038963668048381805;-0.5022124648094177;-0.8646873235702515;[];
32.65;MPIB4;4.699999988079073;32.53684521926104;0.846297025680542;-0.5313476920127869;-0.03694109246134758;[];
32.65;MPIB3;46.186263897085496;30.94686044769327;0.46138083934783936;-0.5224658846855164;-0.7169879674911499;[];
32.65;MPIB2;20.53545783385266;54.32170932766195;0.0033984421752393246;-0.4632597863674164;-0.886171281337738;[];
32.65;MPIB1;59.55592395871918;37.400419024664956;-0.0038963668048381805;-0.5022124648094177;-0.8646873235702515;[];
32.7;MPIB4;4.699999988079073;32.53684521926104;0.846297025680542;-0.5313476920127869;-0.03694109246134758;[];
32.7;MPIB3;46.186263897085496;30.94686044769327;0.46138083934783936;-0.5224658846855164;-0.7169879674911499;[];
32.7;MPIB2;20.53545783385266;54.32170932766195;0.0033984421752393246;-0.4632597863674164;-0.886171281337738;[];
32.7;MPIB1;59.55548236554296;37.1848396827578;-0.0038963668048381805;-0.5022124648094177;-0.8646873235702515;[];
32.75;MPIB4;4.699999988079073;32.53684521926104;0.846297025680542;-0.5313476920127869;-0.03694109246134758;[];
32.75;MPIB3;46.186263897085496;30.94686044769327;0.46138083934783936;-0.5224658846855164;-0.7169879674911499;[];
32.75;MPIB2;20.53545783385266;54.32170932766195;0.0033984421752393246;-0.4632597863674164;-0.886171281337738;[];
32.75;MPIB1;59.55504077236674;36.96913434934538;-0.0038963668048381805;-0.5022124648094177;-0.8646873235702515;[];
32.8;MPIB4;4.699999988079073;32.53684521926104;0.846297025680542;-0.5313476920127869;-0.03694109246134758;[];
32.8;MPIB3;46.186263897085496;30.94686044769327;0.4302600920200348;-0.5246713161468506;-0.7345138788223267;[];
32.8;MPIB2;20.53545783385266;54.32170932766195;0.0033984421752393246;-0.4632597863674164;-0.886171281337738;[];
32.8;MPIB1;59.55459917919052;36.753360224563124;-0.0038963668048381805;-0.5022124648094177;-0.8646873235702515;[];
32.85;MPIB4;4.699999988079073;32.53684521926104;0.846297025680542;-0.5313476920127869;-0.03694109246134758;[];
32.85;MPIB3;46.186263897085496;30.94686044769327;0.41872942447662354;-0.5246713161468506;-0.7411478161811829;[];
32.85;MPIB2;20.53545783385266;54.32170932766195;0.0033984421752393246;-0.4632597863674164;-0.886171281337738;[];
32.85;MPIB1;59.5541575860143;36.537548539688544;-0.0038963668048381805;-0.5022124648094177;-0.8646873235702515;[];
32.9;MPIB4;4.699999988079073;32.53684521926104;0.846297025680542;-0.5313476920127869;-0.03694109246134758;[];
32.9;MPIB3;46.186263897085496;30.94686044769327;0.4187774658203125;-0.5044492483139038;-0.7550316452980042;[];
32.9;MPIB2;20.543162231283304;54.30000001192093;0.0033984421752393246;-0.4632597863674164;-0.886171281337738;[];
32.9;MPIB1;59.55371599283808;36.3217163470012;-0.0038963668048381805;-0.5022124648094177;-0.8646873235702515;[];
32.95;MPIB4;4.699999988079073;32.53684521926104;0.846297025680542;-0.5313476920127869;-0.03694109246134758;[];
32.95;MPIB3;46.186263897085496;30.94686044769327;0.40042638778686523;-0.47477537393569946;-0.783687949180603;[];
32.95;MPIB2;20.543162231283304;54.30000001192093;0.0033984421752393246;-0.4632597863674164;-0.886171281337738;[];
32.95;MPIB1;59.55371599283808;36.3217163470012;-0.0038963668048381805;-0.5022124648094177;-0.8646873235702515;[];
33.0;MPIB4;4.699999988079073;32.53684521926104;0.846297025680542;-0.5313476920127869;-0.03694109246134758;[];
33.0;MPIB3;46.186263897085496;30.94686044769327;0.3897583782672882;-0.45858025550842285;-0.7985702753067017;[];
33.0;MPIB2;20.543162231283304;54.30000001192093;0.0033984421752393246;-0.4632597863674164;-0.886171281337738;[];
33.0;MPIB1;59.55371599283808;36.3217163470012;-0.0038963668048381805;-0.5022124648094177;-0.8646873235702515;[];
33.05;MPIB4;4.699999988079073;32.50265596894084;0.846297025680542;-0.5313476920127869;-0.03694109246134758;[];
33.05;MPIB3;46.186263897085496;30.94686044769327;0.3860558569431305;-0.45627835392951965;-0.801681399345398;[];
33.05;MPIB2;20.543162231283304;54.30000001192093;0.0033984421752393246;-0.4632597863674164;-0.886171281337738;[];
33.05;MPIB1;59.55371599283808;36.3217163470012;-0.0038963668048381805;-0.5022124648094177;-0.8646873235702515;[];
33.1;MPIB4;4.699999988079073;32.50265596894084;0.846297025680542;-0.5313476920127869;-0.03694109246134758;[];
33.1;MPIB3;46.22575409021408;30.857169188726346;0.3627892732620239;-0.4351666569709778;-0.8239774107933044;[];
33.1;MPIB2;20.543162231283304;54.30000001192093;0.0033984421752393246;-0.4632597863674164;-0.886171281337738;[];
33.1;MPIB1;59.55371599283808;36.3217163470012;-0.0038963668048381805;-0.5022124648094177;-0.8646873235702515;[];
33.15;MPIB4;4.699999988079073;32.50265596894084;0.847040057182312;-0.5313476920127869;-0.010314046405255795;[];
33.15;MPIB3;46.28061386924526;30.716028172798474;0.31003040075302124;-0.4090942442417145;-0.8581674695014954;[];
33.15;MPIB2;20.543162231283304;54.30000001192093;0.0033984421752393246;-0.4632597863674164;-0.886171281337738;[];
33.15;MPIB1;59.55371599283808;36.3217163470012;-0.0038963668048381805;-0.5022124648094177;-0.8646873235702515;[];
33.2;MPIB4;4.699999988079073;32.50265596894084;0.847101628780365;-0.5313476920127869;-0.0014618687564507127;[];
33.2;MPIB3;46.34120104102669;30.545876110155547;0.28654390573501587;-0.3995363116264343;-0.870742917060852;[];
33.2;MPIB2;20.543162231283304;54.30000001192093;0.0033984421752393246;-0.4632597863674164;-0.886171281337738;[];
33.2;MPIB1;59.55371599283808;36.3217163470012;-0.0038963668048381805;-0.5022124648094177;-0.8646873235702515;[];
33.25;MPIB4;4.699999988079073;32.50265596894084;0.847101628780365;-0.5313476920127869;-0.0014618687564507127;[];
33.25;MPIB3;46.39701673717593;30.357646716571765;0.21524758636951447;-0.3729189932346344;-0.9025151133537292;[];
33.25;MPIB2;20.543162231283304;54.30000001192093;0.0033984421752393246;-0.4632597863674164;-0.886171281337738;[];
33.25;MPIB1;59.55371599283808;36.3217163470012;-0.0038963668048381805;-0.5022124648094177;-0.8646873235702515;[];
33.3;MPIB4;4.699999988079073;32.50265596894084;0.8484703302383423;-0.5291529893875122;0.003009817562997341;[];
33.3;MPIB3;46.44369066209549;30.158221476946892;0.15461699664592743;-0.3534461557865143;-0.922554075717926;[];
33.3;MPIB2;20.543162231283304;54.30000001192093;0.0033984421752393246;-0.4632597863674164;-0.886171281337738;[];
33.3;MPIB1;59.55371599283808;36.3217163470012;-0.0038963668048381805;-0.5022124648094177;-0.8646873235702515;[];
33.35;MPIB4;4.699999988079073;32.50265596894084;0.8484433889389038;-0.5291529893875122;0.007402446120977402;[];
33.35;MPIB3;46.48461284200607;29.952558939582218;0.14750316739082336;-0.35102346539497375;-0.9246417284011841;[];
33.35;MPIB2;20.543162231283304;54.30000001192093;0.0033984421752393246;-0.4632597863674164;-0.886171281337738;[];
33.35;MPIB1;59.55371599283808;36.3217163470012;-0.0038963668048381805;-0.5022124648094177;-0.8646873235702515;[];
33.4;MPIB4;4.699999988079073;32.50265596894084;0.8484433889389038;-0.5291529893875122;0.007402446120977402;[];
33.4;MPIB3;46.522645031219554;29.743531129995887;0.14989618957042694;-0.35102346539497375;-0.9242567420005798;[];
33.4;MPIB2;20.543162231283304;54.30000001192093;0.0033984421752393246;-0.4632597863674164;-0.886171281337738;[];
33.4;MPIB1;59.55371599283808;36.3217163470012;-0.0038963668048381805;-0.5022124648094177;-0.8646873235702515;[];
33.45;MPIB4;4.699999988079073;32.50265596894084;0.8484433889389038;-0.5291529893875122;0.007402446120977402;[];
33.45;MPIB3;46.563137267182015;29.53340788488478;0.1884767711162567;-0.35102346539497375;-0.9171673655509949;[];
33.45;MPIB2;20.543162231283304;54.30000001192093;0.0033984421752393246;-0.4632597863674164;-0.886171281337738;[];
33.45;MPIB1;59.55371599283808;36.3217163470012;-0.0038963668048381805;-0.5022124648094177;-0.8646873235702515;[];
33.5;MPIB4;4.699999988079073;32.50265596894084;0.8484433889389038;-0.5291529893875122;0.007402446120977402;[];
33.5;MPIB3;46.606479533360925;29.323008553451643;0.20287378132343292;-0.35102346539497375;-0.9140906929969788;[];
33.5;MPIB2;20.543162231283304;54.30000001192093;0.0033984421752393246;-0.4632597863674164;-0.886171281337738;[];
33.5;MPIB1;59.55371599283808;36.3217163470012;-0.0038963668048381805;-0.5022124648094177;-0.8646873235702515;[];
33.55;MPIB4;4.699999988079073;32.50265596894084;0.8484433889389038;-0.5291529893875122;0.007402446120977402;[];
33.55;MPIB3;46.65312619495592;29.112863321067067;0.21936370432376862;-0.3534461557865143;-0.9093360304832458;[];
33.55;MPIB2;20.543162231283304;54.30000001192093;0.0033984421752393246;-0.4632597863674164;-0.886171281337738;[];
33.55;MPIB1;59.55371599283808;36.3217163470012;-0.0038963668048381805;-0.5022124648094177;-0.8646873235702515;[];
33.6;MPIB4;4.699999988079073;32.50265596894084;0.8484433889389038;-0.5291529893875122;0.007402446120977402;[];
33.6;MPIB3;46.70331762963167;28.903293617066623;0.2352692186832428;-0.36078935861587524;-0.902449369430542;[];
33.6;MPIB2;20.543162231283304;54.30000001192093;0.0033984421752393246;-0.4632597863674164;-0.886171281337738;[];
33.6;MPIB1;59.55371599283808;36.3217163470012;-0.0038963668048381805;-0.5022124648094177;-0.8646873235702515;[];
33.65;MPIB4;4.699999988079073;32.50265596894084;0.8484433889389038;-0.5291529893875122;0.007402446120977402;[];
33.65;MPIB3;46.73072215614775;28.788868545391608;0.248662531375885;-0.3681102991104126;-0.8958772420883179;[];
33.65;MPIB2;20.543162231283304;54.30000001192093;0.0033984421752393246;-0.4632597863674164;-0.886171281337738;[];
33.65;MPIB1;59.55371599283808;36.3217163470012;-0.0038963668048381805;-0.5022124648094177;-0.8646873235702515;[];
33.7;MPIB4;4.699999988079073;32.50265596894084;0.8484433889389038;-0.5291529893875122;0.007402446120977402;[];
33.7;MPIB3;46.74568502936347;28.726392449000286;0.25072264671325684;-0.3705158829689026;-0.8943098783493042;[];
33.7;MPIB2;20.543162231283304;54.30000001192093;0.0033984421752393246;-0.4632597863674164;-0.886171281337738;[];
33.7;MPIB1;59.55371599283808;36.3217163470012;-0.0038963668048381805;-0.5022124648094177;-0.8646873235702515;[];
33.75;MPIB4;4.699999988079073;32.50265596894084;0.8484433889389038;-0.5291529893875122;0.007402446120977402;[];
33.75;MPIB3;46.7538547590882;28.692280496408443;0.25072264671325684;-0.3705158829689026;-0.8943098783493042;[];
33.75;MPIB2;20.54971096909935;54.20200078189373;0.0033984421752393246;-0.4632597863674164;-0.886171281337738;[];
33.75;MPIB1;59.55371599283808;36.3217163470012;-0.0038963668048381805;-0.5022124648094177;-0.8646873235702515;[];
33.8;MPIB4;4.699999988079073;32.50265596894084;0.8484433889389038;-0.5291529893875122;0.007402446120977402;[];
33.8;MPIB3;46.7538547590882;28.692280496408443;0.25072264671325684;-0.3705158829689026;-0.8943098783493042;[];
33.8;MPIB2;20.550096188970883;54.05049396605662;0.0033984421752393246;-0.4632597863674164;-0.886171281337738;[];
33.8;MPIB1;59.55371599283808;36.3217163470012;-0.0038963668048381805;-0.5022124648094177;-0.8646873235702515;[];
33.85;MPIB4;4.797996245324613;32.508913821567575;0.8484433889389038;-0.5291529893875122;0.007402446120977402;[];
33.85;MPIB3;46.7538547590882;28.692280496408443;0.2528601884841919;-0.3729189932346344;-0.8927075266838074;[];
33.85;MPIB2;20.550481408842415;53.869772004973896;0.0033984421752393246;-0.4632597863674164;-0.886171281337738;[];
33.85;MPIB1;59.55371599283808;36.3217163470012;-0.0038963668048381805;-0.5022124648094177;-0.8646873235702515;[];
33.9;MPIB4;4.949498465241078;32.50976881323501;0.8484433889389038;-0.5291529893875122;0.007402446120977402;[];
33.9;MPIB3;46.758315432036056;28.657933596876944;0.2528601884841919;-0.3729189932346344;-0.8927075266838074;[];
33.9;MPIB2;20.550866628713948;53.67309857273426;0.0033984421752393246;-0.4632597863674164;-0.886171281337738;[];
33.9;MPIB1;59.54488412931369;36.30000001192093;-0.0038963668048381805;-0.5022124648094177;-0.8646873235702515;[];
33.95;MPIB4;5.130214944169179;32.51062380490245;0.8484433889389038;-0.5291529893875122;0.007402446120977402;[];
33.95;MPIB3;46.758315432036056;28.657933596876944;0.2528601884841919;-0.3729189932346344;-0.8927075266838074;[];
33.95;MPIB2;20.55125184858548;53.46771563623133;0.0033984421752393246;-0.4632597863674164;-0.886171281337738;[];
33.95;MPIB1;59.54488412931369;36.30000001192093;-0.0038963668048381805;-0.5022124648094177;-0.8646873235702515;[];
34.0;MPIB4;5.3268861058583585;32.510708365572526;0.8484753966331482;-0.5291529893875122;7.3211919516325E-4;[];
34.0;MPIB3;46.758315432036056;28.657933596876944;0.2528601884841919;-0.3729189932346344;-0.8927075266838074;[];
34.0;MPIB2;20.551637068457012;53.25757730984827;0.0033984421752393246;-0.4632597863674164;-0.886171281337738;[];
34.0;MPIB1;59.54488412931369;36.30000001192093;-0.0038963668048381805;-0.5022124648094177;-0.8646873235702515;[];
34.05;MPIB4;5.5322685253469235;32.5107929262426;0.8498425483703613;-0.526954710483551;7.332988898269832E-4;[];
34.05;MPIB3;46.758315432036056;28.657933596876944;0.2528601884841919;-0.3729189932346344;-0.8927075266838074;[];
34.05;MPIB2;20.552022288328544;53.044842540289096;0.0033984421752393246;-0.4632597863674164;-0.886171281337738;[];
34.05;MPIB1;59.54488412931369;36.30000001192093;-0.0038963668048381805;-0.5022124648094177;-0.8646873235702515;[];
34.1;MPIB4;5.742407180387706;32.51062380496066;0.8498415946960449;-0.526954710483551;-0.0014665971975773573;[];
34.1;MPIB3;46.758315432036056;28.657933596876944;0.2528601884841919;-0.3729189932346344;-0.8927075266838074;[];
34.1;MPIB2;20.552407508200076;52.8306901125911;0.0033984421752393246;-0.4632597863674164;-0.886171281337738;[];
34.1;MPIB1;59.54488412931369;36.30000001192093;-0.0038963668048381805;-0.5022124648094177;-0.8646873235702515;[];
34.15;MPIB4;5.9551427403416355;32.51045468367872;0.8498415946960449;-0.526954710483551;-0.0014665971975773573;[];
34.15;MPIB3;46.758315432036056;28.657933596876944;0.2528601884841919;-0.3729189932346344;-0.8927075266838074;[];
34.15;MPIB2;20.55279272807161;52.61576364345939;0.0033984421752393246;-0.4632597863674164;-0.886171281337738;[];
34.15;MPIB1;59.54488412931369;36.30000001192093;-0.0038963668048381805;-0.5022124648094177;-0.8646873235702515;[];
34.2;MPIB4;6.169296210542838;32.510285562396774;0.8498415946960449;-0.526954710483551;-0.0014665971975773573;[];
34.2;MPIB3;46.758315432036056;28.657933596876944;0.2528601884841919;-0.3729189932346344;-0.8927075266838074;[];
34.2;MPIB2;20.55317794794314;52.40041454765577;0.0033984421752393246;-0.4632597863674164;-0.886171281337738;[];
34.2;MPIB1;59.54488412931369;36.30000001192093;-0.006115797907114029;-0.5067653059959412;-0.8620137572288513;[];
34.25;MPIB4;6.384223859828975;32.51011644111483;0.8498415946960449;-0.526954710483551;-0.0014665971975773573;[];
34.25;MPIB3;46.758315432036056;28.657933596876944;0.2528601884841919;-0.3729189932346344;-0.8927075266838074;[];
34.25;MPIB2;20.553563167814673;52.184834697662495;0.0033984421752393246;-0.4632597863674164;-0.886171281337738;[];
34.25;MPIB1;59.54488412931369;36.30000001192093;-0.00610646978020668;-0.5089951753616333;-0.860698938369751;[];
34.3;MPIB4;6.599520447554996;32.50686614884532;0.849375307559967;-0.526954710483551;-0.028186101466417313;[];
34.3;MPIB3;46.758315432036056;28.657933596876944;0.2528601884841919;-0.3729189932346344;-0.8927075266838074;[];
34.3;MPIB2;20.553948387686205;51.96912885586704;0.0033984421752393246;-0.4632597863674164;-0.886171281337738;[];
34.3;MPIB1;59.54488412931369;36.30000001192093;-0.010595054365694523;-0.5157464742660522;-0.8566262722015381;[];
34.35;MPIB4;6.814914577346167;32.50130692095033;0.8525847792625427;-0.5202569365501404;-0.048442430794239044;[];
34.35;MPIB3;46.758315432036056;28.657933596876944;0.2528601884841919;-0.3729189932346344;-0.8927075266838074;[];
34.35;MPIB2;20.554333607557737;51.7533542225396;0.0033984421752393246;-0.4632597863674164;-0.886171281337738;[];
34.35;MPIB1;59.54488412931369;36.30000001192093;-0.010595054365694523;-0.5157464742660522;-0.8566262722015381;[];
34.4;MPIB4;7.030361965111097;32.4927123542721;0.8525847792625427;-0.5202569365501404;-0.048442430794239044;[];
34.4;MPIB3;46.758315432036056;28.657933596876944;0.2528601884841919;-0.3729189932346344;-0.8927075266838074;[];
34.4;MPIB2;20.55471882742927;51.53754202903133;0.0033984421752393246;-0.4632597863674164;-0.886171281337738;[];
34.4;MPIB1;59.54488412931369;36.30000001192093;-0.010595054365694523;-0.5157464742660522;-0.8566262722015381;[];
34.45;MPIB4;7.245838431733077;32.48246049242573;0.8525847792625427;-0.5202569365501404;-0.048442430794239044;[];
34.45;MPIB3;46.758315432036056;28.657933596876944;0.2528601884841919;-0.3729189932346344;-0.8927075266838074;[];
34.45;MPIB2;20.5551040473008;51.32170932766195;0.0033984421752393246;-0.4632597863674164;-0.886171281337738;[];
34.45;MPIB1;59.54488412931369;36.30000001192093;-0.010595054365694523;-0.5157464742660522;-0.8566262722015381;[];
34.5;MPIB4;7.46133077541285;32.47130374731245;0.8525847792625427;-0.5202569365501404;-0.048442430794239044;[];
34.5;MPIB3;46.758315432036056;28.657933596876944;0.2528601884841919;-0.3729189932346344;-0.8927075266838074;[];
34.5;MPIB2;20.5551040473008;51.32170932766195;0.0033984421752393246;-0.4632597863674164;-0.886171281337738;[];
34.5;MPIB1;59.54488412931369;36.30000001192093;-0.010595054365694523;-0.5157464742660522;-0.8566262722015381;[];
34.55;MPIB4;7.676831787967185;32.45965293587807;0.8525847792625427;-0.5202569365501404;-0.048442430794239044;[];
34.55;MPIB3;46.758315432036056;28.657933596876944;0.2528601884841919;-0.3729189932346344;-0.8927075266838074;[];
34.55;MPIB2;20.5551040473008;51.32170932766195;0.0033984421752393246;-0.4632597863674164;-0.886171281337738;[];
34.55;MPIB1;59.54488412931369;36.30000001192093;-0.010595054365694523;-0.5157464742660522;-0.8566262722015381;[];
34.6;MPIB4;7.676831787967185;32.45965293587807;0.8474616408348083;-0.5291529893875122;-0.041470229625701904;[];
34.6;MPIB3;46.758315432036056;28.657933596876944;0.2528601884841919;-0.3729189932346344;-0.8927075266838074;[];
34.6;MPIB2;20.5551040473008;51.32170932766195;0.0033984421752393246;-0.4632597863674164;-0.886171281337738;[];
34.6;MPIB1;59.54488412931369;36.30000001192093;-0.010595054365694523;-0.5157464742660522;-0.8566262722015381;[];
34.65;MPIB4;7.699999988079073;32.44018659664093;0.8398330211639404;-0.5424286723136902;-0.019086046144366264;[];
34.65;MPIB3;46.758315432036056;28.657933596876944;0.2528601884841919;-0.3729189932346344;-0.8927075266838074;[];
34.65;MPIB2;20.5551040473008;51.32170932766195;0.0033984421752393246;-0.4632597863674164;-0.886171281337738;[];
34.65;MPIB1;59.54488412931369;36.30000001192093;-0.010595054365694523;-0.5157464742660522;-0.8566262722015381;[];
34.7;MPIB4;7.699999988079073;32.44018659664093;0.8314618468284607;-0.5554904937744141;-0.0035872156731784344;[];
34.7;MPIB3;46.758315432036056;28.657933596876944;0.2528601884841919;-0.3729189932346344;-0.8927075266838074;[];
34.7;MPIB2;20.5551040473008;51.32170932766195;0.0033984421752393246;-0.4632597863674164;-0.886171281337738;[];
34.7;MPIB1;59.54488412931369;36.30000001192093;-0.010595054365694523;-0.5157464742660522;-0.8566262722015381;[];
34.75;MPIB4;7.699999988079073;32.44018659664093;0.8314692974090576;-0.5554904937744141;7.174452184699476E-4;[];
34.75;MPIB3;46.758315432036056;28.657933596876944;0.2528601884841919;-0.3729189932346344;-0.8927075266838074;[];
34.75;MPIB2;20.5551040473008;51.32170932766195;0.0033984421752393246;-0.4632597863674164;-0.886171281337738;[];
34.75;MPIB1;59.52916556544642;36.20200751721859;-0.010595054365694523;-0.5157464742660522;-0.8566262722015381;[];
34.8;MPIB4;7.699999988079073;32.44018659664093;0.8314692974090576;-0.5554904937744141;7.174452184699476E-4;[];
34.8;MPIB3;46.758315432036056;28.657933596876944;0.2528601884841919;-0.3729189932346344;-0.8927075266838074;[];
34.8;MPIB2;20.5551040473008;51.32170932766195;0.0033984421752393246;-0.4632597863674164;-0.886171281337738;[];
34.8;MPIB1;59.52795355982653;36.050511114194165;-0.010595054365694523;-0.5157464742660522;-0.8566262722015381;[];
34.85;MPIB4;7.699999988079073;32.44018659664093;0.8314692974090576;-0.5554904937744141;7.174452184699476E-4;[];
34.85;MPIB3;46.758315432036056;28.657933596876944;0.2528601884841919;-0.3729189932346344;-0.8927075266838074;[];
34.85;MPIB2;20.5551040473008;51.32170932766195;0.0033984421752393246;-0.4632597863674164;-0.886171281337738;[];
34.85;MPIB1;59.52674155420664;35.86980157383269;-0.010595054365694523;-0.5157464742660522;-0.8566262722015381;[];
34.9;MPIB4;7.699999988079073;32.44018659664093;0.8314692974090576;-0.5554904937744141;7.174452184699476E-4;[];
34.9;MPIB3;46.758315432036056;28.65490195880747;0.2528601884841919;-0.3729189932346344;-0.8927075266838074;[];
34.9;MPIB2;20.5551040473008;51.32170932766195;0.0033984421752393246;-0.4632597863674164;-0.886171281337738;[];
34.9;MPIB1;59.525529548586746;35.67314165863249;-0.010595054365694523;-0.5157464742660522;-0.8566262722015381;[];
34.95;MPIB4;7.699999988079073;32.44018659664093;0.8314692974090576;-0.5554904937744141;7.174452184699476E-4;[];
34.95;MPIB3;46.758315432036056;28.65490195880747;0.2528601884841919;-0.3729189932346344;-0.8927075266838074;[];
34.95;MPIB2;20.5551040473008;51.32170932766195;0.0033984421752393246;-0.4632597863674164;-0.886171281337738;[];
34.95;MPIB1;59.524317542966855;35.467772837758815;-0.010595054365694523;-0.5157464742660522;-0.8566262722015381;[];
35.0;MPIB4;7.699999988079073;32.44018659664093;0.8314692974090576;-0.5554904937744141;7.174452184699476E-4;[];
35.0;MPIB3;46.758315432036056;28.65490195880747;0.2528601884841919;-0.3729189932346344;-0.8927075266838074;[];
35.0;MPIB2;20.5551040473008;51.32170932766195;0.0033984421752393246;-0.4632597863674164;-0.886171281337738;[];
35.0;MPIB1;59.523105537346964;35.25764895383509;-0.010595054365694523;-0.5157464742660522;-0.8566262722015381;[];
35.05;MPIB4;7.699999988079073;32.44018659664093;0.8314692974090576;-0.5554904937744141;7.174452184699476E-4;[];
35.05;MPIB3;46.758315432036056;28.65490195880747;0.2528601884841919;-0.3729189932346344;-0.8927075266838074;[];
35.05;MPIB2;20.5551040473008;51.32170932766195;0.0033984421752393246;-0.4632597863674164;-0.886171281337738;[];
35.05;MPIB1;59.52189353172707;35.04492880518447;-0.010595054365694523;-0.5157464742660522;-0.8566262722015381;[];
35.1;MPIB4;7.699999988079073;32.44018659664093;0.8314692974090576;-0.5554904937744141;7.174452184699476E-4;[];
35.1;MPIB3;46.758315432036056;28.65490195880747;0.2528601884841919;-0.3729189932346344;-0.8927075266838074;[];
35.1;MPIB2;20.5551040473008;51.32170932766195;0.0033984421752393246;-0.4632597863674164;-0.886171281337738;[];
35.1;MPIB1;59.52068152610718;34.83079109582832;-0.010595054365694523;-0.5157464742660522;-0.8566262722015381;[];
35.15;MPIB4;7.699999988079073;32.44018659664093;0.8314692974090576;-0.5554904937744141;7.174452184699476E-4;[];
35.15;MPIB3;46.758315432036056;28.65490195880747;0.2528601884841919;-0.3729189932346344;-0.8927075266838074;[];
35.15;MPIB2;20.5551040473008;51.32170932766195;0.0033984421752393246;-0.4632597863674164;-0.886171281337738;[];
35.15;MPIB1;59.51946952048729;34.61587939823704;-0.010595054365694523;-0.5157464742660522;-0.8566262722015381;[];
35.2;MPIB4;7.699999988079073;32.44018659664093;0.8314379453659058;-0.5554904937744141;0.0072540780529379845;[];
35.2;MPIB3;46.758315432036056;28.65490195880747;0.2528601884841919;-0.3729189932346344;-0.8927075266838074;[];
35.2;MPIB2;20.5551040473008;51.32170932766195;0.0033984421752393246;-0.4632597863674164;-0.886171281337738;[];
35.2;MPIB1;59.5182575148674;34.400545103020306;-0.010595054365694523;-0.5157464742660522;-0.8566262722015381;[];
35.25;MPIB4;7.699999988079073;32.44018659664093;0.8314379453659058;-0.5554904937744141;0.0072540780529379845;[];
35.25;MPIB3;46.758315432036056;28.65490195880747;0.2528601884841919;-0.3729189932346344;-0.8927075266838074;[];
35.25;MPIB2;20.5551040473008;51.32170932766195;0.0033984421752393246;-0.4632597863674164;-0.886171281337738;[];
35.25;MPIB1;59.51704550924751;34.18498006947328;-0.010595054365694523;-0.5157464742660522;-0.8566262722015381;[];
35.3;MPIB4;7.699999988079073;32.44018659664093;0.8342529535293579;-0.5511781573295593;0.011678281240165234;[];
35.3;MPIB3;46.758315432036056;28.65490195880747;0.2528601884841919;-0.3729189932346344;-0.8927075266838074;[];
35.3;MPIB2;20.5551040473008;51.32170932766195;0.0033984421752393246;-0.4632597863674164;-0.886171281337738;[];
35.3;MPIB1;59.51583350362762;33.96928905278327;-0.010595054365694523;-0.5157464742660522;-0.8566262722015381;[];
35.35;MPIB4;7.699999988079073;32.44018659664093;0.8370760679244995;-0.5467707514762878;0.016052700579166412;[];
35.35;MPIB3;46.758315432036056;28.65490195880747;0.2528601884841919;-0.3729189932346344;-0.8927075266838074;[];
35.35;MPIB2;20.5551040473008;51.32170932766195;0.0033984421752393246;-0.4632597863674164;-0.886171281337738;[];
35.35;MPIB1;59.51462149800773;33.75352924928919;-0.010595054365694523;-0.5157464742660522;-0.8566262722015381;[];
35.4;MPIB4;7.699999988079073;32.44018659664093;0.8397988080978394;-0.5424286723136902;0.020535340532660484;[];
35.4;MPIB3;46.758315432036056;28.65490195880747;0.2528601884841919;-0.3729189932346344;-0.8927075266838074;[];
35.4;MPIB2;20.5551040473008;51.32170932766195;0.0033984421752393246;-0.4632597863674164;-0.886171281337738;[];
35.4;MPIB1;59.51340949238784;33.53773188819574;-0.010595054365694523;-0.5157464742660522;-0.8566262722015381;[];
35.45;MPIB4;7.699999988079073;32.44018659664093;0.8397988080978394;-0.5424286723136902;0.020535340532660484;[];
35.45;MPIB3;46.758315432036056;28.65490195880747;0.2528601884841919;-0.3729189932346344;-0.8927075266838074;[];
35.45;MPIB2;20.562808444731445;51.30000001192093;0.0033984421752393246;-0.4632597863674164;-0.886171281337738;[];
35.45;MPIB1;59.512197486767946;33.32191402065064;-0.010595054365694523;-0.5157464742660522;-0.8566262722015381;[];
35.5;MPIB4;7.699999988079073;32.44018659664093;0.8412517309188843;-0.5401714444160461;0.020570868626236916;[];
35.5;MPIB3;46.758315432036056;28.65490195880747;0.2528601884841919;-0.3729189932346344;-0.8927075266838074;[];
35.5;MPIB2;20.562808444731445;51.30000001192093;0.0033984421752393246;-0.4632597863674164;-0.886171281337738;[];
35.5;MPIB1;59.512197486767946;33.32191402065064;-0.010595054365694523;-0.5157464742660522;-0.8566262722015381;[];
35.55;MPIB4;7.699999988079073;32.44018659664093;0.8412517309188843;-0.5401714444160461;0.020570868626236916;[];
35.55;MPIB3;46.758315432036056;28.65490195880747;0.2528601884841919;-0.3729189932346344;-0.8927075266838074;[];
35.55;MPIB2;20.562808444731445;51.30000001192093;0.0033984421752393246;-0.4632597863674164;-0.886171281337738;[];
35.55;MPIB1;59.512197486767946;33.32191402065064;-0.010595054365694523;-0.5157464742660522;-0.8566262722015381;[];
35.6;MPIB4;7.699999988079073;32.44018659664093;0.8412517309188843;-0.5401714444160461;0.020570868626236916;[];
35.6;MPIB3;46.758315432036056;28.65490195880747;0.2528601884841919;-0.3729189932346344;-0.8927075266838074;[];
35.6;MPIB2;20.562808444731445;51.30000001192093;0.0033984421752393246;-0.4632597863674164;-0.886171281337738;[];
35.6;MPIB1;59.512197486767946;33.32191402065064;-0.010595054365694523;-0.5157464742660522;-0.8566262722015381;[];
35.65;MPIB4;7.699999988079073;32.45634339308782;0.8412517309188843;-0.5401714444160461;0.020570868626236916;[];
35.65;MPIB3;46.758315432036056;28.65490195880747;0.2528601884841919;-0.3729189932346344;-0.8927075266838074;[];
35.65;MPIB2;20.562808444731445;51.30000001192093;0.0033984421752393246;-0.4632597863674164;-0.886171281337738;[];
35.65;MPIB1;59.512197486767946;33.32191402065064;-0.010595054365694523;-0.5157464742660522;-0.8566262722015381;[];
35.7;MPIB4;7.699999988079073;32.45634339308782;0.8412517309188843;-0.5401714444160461;0.020570868626236916;[];
35.7;MPIB3;46.758315432036056;28.65490195880747;0.2528601884841919;-0.3729189932346344;-0.8927075266838074;[];
35.7;MPIB2;20.562808444731445;51.30000001192093;0.0033984421752393246;-0.4632597863674164;-0.886171281337738;[];
35.7;MPIB1;59.512197486767946;33.32191402065064;-0.010595054365694523;-0.5157464742660522;-0.8566262722015381;[];
35.75;MPIB4;7.699999988079073;32.45634339308782;0.8412517309188843;-0.5401714444160461;0.020570868626236916;[];
35.75;MPIB3;46.758315432036056;28.65490195880747;0.2528601884841919;-0.3729189932346344;-0.8927075266838074;[];
35.75;MPIB2;20.562808444731445;51.30000001192093;0.0033984421752393246;-0.4632597863674164;-0.886171281337738;[];
35.75;MPIB1;59.512197486767946;33.32191402065064;-0.010595054365694523;-0.5157464742660522;-0.8566262722015381;[];
35.8;MPIB4;7.699999988079073;32.45634339308782;0.8412517309188843;-0.5401714444160461;0.020570868626236916;[];
35.8;MPIB3;46.758315432036056;28.65490195880747;0.2528601884841919;-0.3729189932346344;-0.8927075266838074;[];
35.8;MPIB2;20.562808444731445;51.30000001192093;0.0033984421752393246;-0.4632597863674164;-0.886171281337738;[];
35.8;MPIB1;59.512197486767946;33.32191402065064;-0.010595054365694523;-0.5157464742660522;-0.8566262722015381;[];
35.85;MPIB4;7.699999988079073;32.45634339308782;0.8412517309188843;-0.5401714444160461;0.020570868626236916;[];
35.85;MPIB3;46.758315432036056;28.65490195880747;0.2528601884841919;-0.3729189932346344;-0.8927075266838074;[];
35.85;MPIB2;20.562808444731445;51.30000001192093;0.0033984421752393246;-0.4632597863674164;-0.886171281337738;[];
35.85;MPIB1;59.512197486767946;33.32191402065064;-0.010595054365694523;-0.5157464742660522;-0.8566262722015381;[];
35.9;MPIB4;7.699999988079073;32.45634339308782;0.8412517309188843;-0.5401714444160461;0.020570868626236916;[];
35.9;MPIB3;46.758315432036056;28.65490195880747;0.2528601884841919;-0.3729189932346344;-0.8927075266838074;[];
35.9;MPIB2;20.562808444731445;51.30000001192093;0.0033984421752393246;-0.4632597863674164;-0.886171281337738;[];
35.9;MPIB1;59.512197486767946;33.32191402065064;-0.010595054365694523;-0.5157464742660522;-0.8566262722015381;[];
35.95;MPIB4;7.699999988079073;32.45634339308782;0.8412517309188843;-0.5401714444160461;0.020570868626236916;[];
35.95;MPIB3;46.758315432036056;28.65490195880747;0.2528601884841919;-0.3729189932346344;-0.8927075266838074;[];
35.95;MPIB2;20.562808444731445;51.30000001192093;0.0033984421752393246;-0.4632597863674164;-0.886171281337738;[];
35.95;MPIB1;59.512197486767946;33.32191402065064;-0.010595054365694523;-0.5157464742660522;-0.8566262722015381;[];
36.0;MPIB4;7.699999988079073;32.45634339308782;0.8413485288619995;-0.5401714444160461;0.016134632751345634;[];
36.0;MPIB3;46.758315432036056;28.65490195880747;0.2528601884841919;-0.3729189932346344;-0.8927075266838074;[];
36.0;MPIB2;20.562808444731445;51.30000001192093;0.0033984421752393246;-0.4632597863674164;-0.886171281337738;[];
36.0;MPIB1;59.512197486767946;33.32191402065064;-0.010595054365694523;-0.5157464742660522;-0.8566262722015381;[];
36.05;MPIB4;7.699999988079073;32.45634339308782;0.8413485288619995;-0.5401714444160461;0.016134632751345634;[];
36.05;MPIB3;46.758315432036056;28.65490195880747;0.2528601884841919;-0.3729189932346344;-0.8927075266838074;[];
36.05;MPIB2;20.562808444731445;51.30000001192093;0.0033984421752393246;-0.4632597863674164;-0.886171281337738;[];
36.05;MPIB1;59.512197486767946;33.32191402065064;-0.010595054365694523;-0.5157464742660522;-0.8566262722015381;[];
36.1;MPIB4;7.699999988079073;32.45634339308782;0.8396594524383545;-0.5424286723136902;-0.025607362389564514;[];
36.1;MPIB3;46.758315432036056;28.65490195880747;0.2528601884841919;-0.3729189932346344;-0.8927075266838074;[];
36.1;MPIB2;20.562808444731445;51.30000001192093;0.0033984421752393246;-0.4632597863674164;-0.886171281337738;[];
36.1;MPIB1;59.512197486767946;33.32191402065064;-0.010595054365694523;-0.5157464742660522;-0.8566262722015381;[];
36.15;MPIB4;7.699999988079073;32.45634339308782;0.8362293839454651;-0.5467707514762878;-0.04092058166861534;[];
36.15;MPIB3;46.758315432036056;28.65490195880747;0.2528601884841919;-0.3729189932346344;-0.8927075266838074;[];
36.15;MPIB2;20.562808444731445;51.30000001192093;0.0033984421752393246;-0.4632597863674164;-0.886171281337738;[];
36.15;MPIB1;59.512197486767946;33.32191402065064;-0.010595054365694523;-0.5157464742660522;-0.8566262722015381;[];
36.2;MPIB4;7.699999988079073;32.45634339308782;0.8362293839454651;-0.5467707514762878;-0.04092058166861534;[];
36.2;MPIB3;46.758315432036056;28.65490195880747;0.2528601884841919;-0.3729189932346344;-0.8927075266838074;[];
36.2;MPIB2;20.562808444731445;51.30000001192093;0.0033984421752393246;-0.4632597863674164;-0.886171281337738;[];
36.2;MPIB1;59.512197486767946;33.32191402065064;-0.010595054365694523;-0.5157464742660522;-0.8566262722015381;[];
36.25;MPIB4;7.699999988079073;32.45634339308782;0.8362293839454651;-0.5467707514762878;-0.04092058166861534;[];
36.25;MPIB3;46.758315432036056;28.65490195880747;0.2528601884841919;-0.3729189932346344;-0.8927075266838074;[];
36.25;MPIB2;20.562808444731445;51.30000001192093;0.0033984421752393246;-0.4632597863674164;-0.886171281337738;[];
36.25;MPIB1;59.512197486767946;33.32191402065064;-0.010595054365694523;-0.5157464742660522;-0.8566262722015381;[];
36.3;MPIB4;7.699999988079073;32.45634339308782;0.8362293839454651;-0.5467707514762878;-0.04092058166861534;[];
36.3;MPIB3;46.758315432036056;28.65490195880747;0.2528601884841919;-0.3729189932346344;-0.8927075266838074;[];
36.3;MPIB2;20.569357182547492;51.20200078189373;0.0033984421752393246;-0.4632597863674164;-0.886171281337738;[];
36.3;MPIB1;59.4915933912298;33.30000001192093;-0.010595054365694523;-0.5157464742660522;-0.8566262722015381;[];
36.35;MPIB4;7.699999988079073;32.45634339308782;0.8425071239471436;-0.5379912257194519;-0.025694208219647408;[];
36.35;MPIB3;46.758315432036056;28.65490195880747;0.2528601884841919;-0.3729189932346344;-0.8927075266838074;[];
36.35;MPIB2;20.569742402419024;51.05049396605662;0.0033984421752393246;-0.4632597863674164;-0.886171281337738;[];
36.35;MPIB1;59.4915933912298;33.30000001192093;-0.010595054365694523;-0.5157464742660522;-0.8566262722015381;[];
36.4;MPIB4;7.699999988079073;32.45634339308782;0.8425071239471436;-0.5379912257194519;-0.025694208219647408;[];
36.4;MPIB3;46.758315432036056;28.65490195880747;0.2528601884841919;-0.3729189932346344;-0.8927075266838074;[];
36.4;MPIB2;20.570127622290556;50.869772004973896;0.0033984421752393246;-0.4632597863674164;-0.886171281337738;[];
36.4;MPIB1;59.4915933912298;33.30000001192093;-0.010595054365694523;-0.5157464742660522;-0.8566262722015381;[];
36.45;MPIB4;7.949428051649846;32.43797469478051;0.8426288366317749;-0.5379912257194519;-0.021332068368792534;[];
36.45;MPIB3;46.758315432036056;28.65490195880747;0.2528601884841919;-0.3729189932346344;-0.8927075266838074;[];
36.45;MPIB2;20.57051284216209;50.67309857273426;0.0033984421752393246;-0.4632597863674164;-0.886171281337738;[];
36.45;MPIB1;59.4915933912298;33.30000001192093;-0.010595054365694523;-0.5157464742660522;-0.8566262722015381;[];
36.5;MPIB4;8.130093528678374;32.43549451291511;0.8426288366317749;-0.5379912257194519;-0.021332068368792534;[];
36.5;MPIB3;46.758315432036056;28.65490195880747;0.2528601884841919;-0.3729189932346344;-0.8927075266838074;[];
36.5;MPIB2;20.57089806203362;50.46771563623133;0.0033984421752393246;-0.4632597863674164;-0.886171281337738;[];
36.5;MPIB1;59.4915933912298;33.30000001192093;-0.010595054365694523;-0.5157464742660522;-0.8566262722015381;[];
36.55;MPIB4;8.326711578408348;32.43326793973284;0.8426812291145325;-0.5379912257194519;-0.01915077678859234;[];
36.55;MPIB3;46.758315432036056;28.65490195880747;0.2528601884841919;-0.3729189932346344;-0.8927075266838074;[];
36.55;MPIB2;20.571283281905153;50.25757730984827;0.0033984421752393246;-0.4632597863674164;-0.886171281337738;[];
36.55;MPIB1;59.4915933912298;33.30000001192093;-0.010595054365694523;-0.5157464742660522;-0.8566262722015381;[];
36.6;MPIB4;8.326711578408348;32.43326793973284;0.8426812291145325;-0.5379912257194519;-0.01915077678859234;[];
36.6;MPIB3;46.758315432036056;28.65490195880747;0.2528601884841919;-0.3729189932346344;-0.8927075266838074;[];
36.6;MPIB2;20.571668501776685;50.044842540289096;0.0033984421752393246;-0.4632597863674164;-0.886171281337738;[];
36.6;MPIB1;59.4915933912298;33.30000001192093;-0.010595054365694523;-0.5157464742660522;-0.8566262722015381;[];
36.65;MPIB4;8.74214678802015;32.42984811497337;0.8456310629844666;-0.533538818359375;-0.012567372992634773;[];
36.65;MPIB3;46.758315432036056;28.65490195880747;0.2528601884841919;-0.3729189932346344;-0.8927075266838074;[];
36.65;MPIB2;20.572053721648217;49.8306901125911;0.0033984421752393246;-0.4632597863674164;-0.886171281337738;[];
36.65;MPIB1;59.4915933912298;33.30000001192093;-0.010595054365694523;-0.5157464742660522;-0.8566262722015381;[];
36.7;MPIB4;8.74214678802015;32.42984811497337;0.8456310629844666;-0.533538818359375;-0.012567372992634773;[];
36.7;MPIB3;46.758315432036056;28.65490195880747;0.2528601884841919;-0.3729189932346344;-0.8927075266838074;[];
36.7;MPIB2;20.57243894151975;49.61576364345939;0.0033984421752393246;-0.4632597863674164;-0.886171281337738;[];
36.7;MPIB1;59.4915933912298;33.30000001192093;-0.010595054365694523;-0.5157464742660522;-0.8566262722015381;[];
36.75;MPIB4;9.168986279496917;32.427461683530794;0.847040057182312;-0.5313476920127869;-0.010314046405255795;[];
36.75;MPIB3;46.758315432036056;28.65490195880747;0.2528601884841919;-0.3729189932346344;-0.8927075266838074;[];
36.75;MPIB2;20.57282416139128;49.40041454765577;0.0033984421752393246;-0.4632597863674164;-0.886171281337738;[];
36.75;MPIB1;59.4915933912298;33.30000001192093;-0.010595054365694523;-0.5157464742660522;-0.8566262722015381;[];
36.8;MPIB4;9.383897512164038;32.42652213481671;0.8539206981658936;-0.5202569365501404;-0.008187112398445606;[];
36.8;MPIB3;46.758315432036056;28.65490195880747;0.2528601884841919;-0.3729189932346344;-0.8927075266838074;[];
36.8;MPIB2;20.573209381262814;49.184834697662495;0.0033984421752393246;-0.4632597863674164;-0.886171281337738;[];
36.8;MPIB1;59.4915933912298;33.30000001192093;-0.010595054365694523;-0.5157464742660522;-0.8566262722015381;[];
36.85;MPIB4;9.599238139845403;32.426099332703245;0.8580161929130554;-0.513526976108551;-0.0037017802242189646;[];
36.85;MPIB3;46.785023284295335;28.56061150859213;0.2528601884841919;-0.3729189932346344;-0.8927075266838074;[];
36.85;MPIB2;20.573594601134346;48.96912885586704;0.0033984421752393246;-0.4632597863674164;-0.886171281337738;[];
36.85;MPIB1;59.4915933912298;33.30000001192093;-0.010595054365694523;-0.5157464742660522;-0.8566262722015381;[];
36.9;MPIB4;9.814813977190996;32.4259302114213;0.8620341420173645;-0.5067653059959412;-0.0014876383356750011;[];
36.9;MPIB3;46.826313625581975;28.41483846657937;0.2528601884841919;-0.3729189932346344;-0.8927075266838074;[];
36.9;MPIB2;20.573979821005878;48.7533542225396;0.0033984421752393246;-0.4632597863674164;-0.886171281337738;[];
36.9;MPIB1;59.4915933912298;33.30000001192093;-0.010595054365694523;-0.5157464742660522;-0.8566262722015381;[];
36.95;MPIB4;10.030518350786885;32.42601477209138;0.8633926510810852;-0.5044492483139038;7.449907716363668E-4;[];
36.95;MPIB3;46.87556600680239;28.24095592618025;0.2528601884841919;-0.3729189932346344;-0.8927075266838074;[];
36.95;MPIB2;20.57436504087741;48.53754202903133;0.0033984421752393246;-0.4632597863674164;-0.886171281337738;[];
36.95;MPIB1;59.4915933912298;33.30000001192093;-0.010595054365694523;-0.5157464742660522;-0.8566262722015381;[];
37.0;MPIB4;10.246292905183585;32.42609933276145;0.8633926510810852;-0.5044492483139038;7.449907716363668E-4;[];
37.0;MPIB3;46.92916566233157;28.051725597879454;0.2528601884841919;-0.3729189932346344;-0.8927075266838074;[];
37.0;MPIB2;20.574750260748942;48.32170932766195;0.0033984421752393246;-0.4632597863674164;-0.886171281337738;[];
37.0;MPIB1;59.4915933912298;33.30000001192093;-0.010595054365694523;-0.5157464742660522;-0.8566262722015381;[];
37.05;MPIB4;10.46210577830198;32.42618389343153;0.8633926510810852;-0.5044492483139038;7.449907716363668E-4;[];
37.05;MPIB3;46.985138929909;27.854115376411016;0.2528601884841919;-0.3729189932346344;-0.8927075266838074;[];
37.05;MPIB2;20.574750260748942;48.32170932766195;0.0033984421752393246;-0.4632597863674164;-0.886171281337738;[];
37.05;MPIB1;59.4915933912298;33.30000001192093;-0.010595054365694523;-0.5157464742660522;-0.8566262722015381;[];
37.1;MPIB4;10.677939573444851;32.4262684541016;0.8633926510810852;-0.5044492483139038;7.449907716363668E-4;[];
37.1;MPIB3;47.04240818981532;27.651929732741593;0.2528601884841919;-0.3729189932346344;-0.8927075266838074;[];
37.1;MPIB2;20.574750260748942;48.32170932766195;0.0033984421752393246;-0.4632597863674164;-0.886171281337738;[];
37.1;MPIB1;59.4915933912298;33.30000001192093;-0.010595054365694523;-0.5157464742660522;-0.8566262722015381;[];
37.15;MPIB4;10.677939573444851;32.4262684541016;0.8633926510810852;-0.5044492483139038;7.449907716363668E-4;[];
37.15;MPIB3;47.1003850616155;27.44724590826027;0.2528601884841919;-0.3729189932346344;-0.8927075266838074;[];
37.15;MPIB2;20.574750260748942;48.32170932766195;0.0033984421752393246;-0.4632597863674164;-0.886171281337738;[];
37.15;MPIB1;59.4915933912298;33.30000001192093;-0.010595054365694523;-0.5157464742660522;-0.8566262722015381;[];
37.2;MPIB4;10.677939573444851;32.4262684541016;0.8633926510810852;-0.5044492483139038;7.449907716363668E-4;[];
37.2;MPIB3;47.158748289554524;27.241198076897206;0.2528601884841919;-0.3729189932346344;-0.8927075266838074;[];
37.2;MPIB2;20.574750260748942;48.32170932766195;0.0033984421752393246;-0.4632597863674164;-0.886171281337738;[];
37.2;MPIB1;59.4915933912298;33.30000001192093;-0.010595054365694523;-0.5157464742660522;-0.8566262722015381;[];
37.25;MPIB4;10.677939573444851;32.4262684541016;0.8646909594535828;-0.5022124648094177;0.002984455320984125;[];
37.25;MPIB3;47.21732246796989;27.034405497690216;0.2528601884841919;-0.3729189932346344;-0.8927075266838074;[];
37.25;MPIB2;20.574750260748942;48.32170932766195;0.0033984421752393246;-0.4632597863674164;-0.886171281337738;[];
37.25;MPIB1;59.4915933912298;33.30000001192093;-0.010595054365694523;-0.5157464742660522;-0.8566262722015381;[];
37.3;MPIB4;10.677939573444851;32.4262684541016;0.8646909594535828;-0.5022124648094177;0.002984455320984125;[];
37.3;MPIB3;47.27601182535864;26.82720628611321;0.2528601884841919;-0.3729189932346344;-0.8927075266838074;[];
37.3;MPIB2;20.574750260748942;48.32170932766195;0.0033984421752393246;-0.4632597863674164;-0.886171281337738;[];
37.3;MPIB1;59.46735327883198;33.20200751721859;-0.010595054365694523;-0.5157464742660522;-0.8566262722015381;[];
37.35;MPIB4;10.677939573444851;32.4262684541016;0.8646909594535828;-0.5022124648094177;0.002984455320984125;[];
37.35;MPIB3;47.33476407047419;26.6197850532364;0.2528601884841919;-0.3729189932346344;-0.8927075266838074;[];
37.35;MPIB2;20.574750260748942;48.32170932766195;0.0033984421752393246;-0.4632597863674164;-0.886171281337738;[];
37.35;MPIB1;59.46614127321209;33.050511114194165;-0.010595054365694523;-0.5157464742660522;-0.8566262722015381;[];
37.4;MPIB4;10.677939573444851;32.4262684541016;0.8646909594535828;-0.5022124648094177;0.002984455320984125;[];
37.4;MPIB3;47.39355065229256;26.4122425967158;0.2528601884841919;-0.3729189932346344;-0.8927075266838074;[];
37.4;MPIB2;20.574750260748942;48.32170932766195;0.0033984421752393246;-0.4632597863674164;-0.886171281337738;[];
37.4;MPIB1;59.4649292675922;32.86980157383269;-0.010595054365694523;-0.5157464742660522;-0.8566262722015381;[];
37.45;MPIB4;10.677939573444851;32.4262684541016;0.8646909594535828;-0.5022124648094177;0.002984455320984125;[];
37.45;MPIB3;47.45037048418021;26.204094008502153;0.23406222462654114;-0.3729189932346344;-0.8978195190429688;[];
37.45;MPIB2;20.574750260748942;48.32170932766195;0.0033984421752393246;-0.4632597863674164;-0.886171281337738;[];
37.45;MPIB1;59.463717261972306;32.67314165863249;-0.010595054365694523;-0.5157464742660522;-0.8566262722015381;[];
37.5;MPIB4;10.677939573444851;32.4262684541016;0.8646909594535828;-0.5022124648094177;0.002984455320984125;[];
37.5;MPIB3;47.502875203425674;25.994828123168304;0.20337508618831635;-0.3729189932346344;-0.9052643775939941;[];
37.5;MPIB2;20.574750260748942;48.32170932766195;0.0033984421752393246;-0.4632597863674164;-0.886171281337738;[];
37.5;MPIB1;59.462505256352415;32.467772837758815;-0.010595054365694523;-0.5157464742660522;-0.8566262722015381;[];
37.55;MPIB4;10.677939573444851;32.4262684541016;0.8646909594535828;-0.5022124648094177;0.002984455320984125;[];
37.55;MPIB3;47.55077220113026;25.78447404507557;0.18185997009277344;-0.37540847063064575;-0.9088062047958374;[];
37.55;MPIB2;20.574750260748942;48.32170932766195;0.0033984421752393246;-0.4632597863674164;-0.886171281337738;[];
37.55;MPIB1;59.461293250732524;32.25764895383509;-0.010595054365694523;-0.5157464742660522;-0.8566262722015381;[];
37.6;MPIB4;10.677939573444851;32.4262684541016;0.8646909594535828;-0.5022124648094177;0.002984455320984125;[];
37.6;MPIB3;47.5928722698211;25.572927114813012;0.15018241107463837;-0.3850736916065216;-0.9105467200279236;[];
37.6;MPIB2;20.574750260748942;48.32170932766195;0.0033984421752393246;-0.4632597863674164;-0.886171281337738;[];
37.6;MPIB1;59.46008124511263;32.04492880518447;-0.010595054365694523;-0.5157464742660522;-0.8566262722015381;[];
37.65;MPIB4;10.677939573444851;32.4262684541016;0.8646909594535828;-0.5022124648094177;0.002984455320984125;[];
37.65;MPIB3;47.630284962566634;25.360490096081975;0.1355522871017456;-0.38984647393226624;-0.9108108878135681;[];
37.65;MPIB2;20.574750260748942;48.32170932766195;0.0033984421752393246;-0.4632597863674164;-0.886171281337738;[];
37.65;MPIB1;59.45886923949274;31.830791095828317;-0.010595054365694523;-0.5157464742660522;-0.8566262722015381;[];
37.7;MPIB4;10.677939573444851;32.4262684541016;0.8646909594535828;-0.5022124648094177;0.002984455320984125;[];
37.7;MPIB3;47.65071229517832;25.24449947038221;0.11339107155799866;-0.4019079804420471;-0.9085933566093445;[];
37.7;MPIB2;20.574750260748942;48.32170932766195;0.0033984421752393246;-0.4632597863674164;-0.886171281337738;[];
37.7;MPIB1;59.45765723387285;31.61587939823704;-0.010595054365694523;-0.5157464742660522;-0.8566262722015381;[];
37.75;MPIB4;10.677939573444851;32.4262684541016;0.8646909594535828;-0.5022124648094177;0.002984455320984125;[];
37.75;MPIB3;47.661865620079766;25.181168581394076;0.10352824628353119;-0.4090942442417145;-0.9065606594085693;[];
37.75;MPIB2;20.574750260748942;48.32170932766195;0.0033984421752393246;-0.4632597863674164;-0.886171281337738;[];
37.75;MPIB1;59.45644522825296;31.400545103020306;-0.010595054365694523;-0.5157464742660522;-0.8566262722015381;[];
37.8;MPIB4;10.677939573444851;32.4262684541016;0.8646909594535828;-0.5022124648094177;0.002984455320984125;[];
37.8;MPIB3;47.667955336183354;25.146589911990162;0.10352824628353119;-0.4090942442417145;-0.9065606594085693;[];
37.8;MPIB2;20.574750260748942;48.32170932766195;0.0033984421752393246;-0.4632597863674164;-0.886171281337738;[];
37.8;MPIB1;59.45523322263307;31.184980069473283;-0.010595054365694523;-0.5157464742660522;-0.8566262722015381;[];
37.85;MPIB4;10.677939573444851;32.4262684541016;0.8646909594535828;-0.5022124648094177;0.002984455320984125;[];
37.85;MPIB3;47.667955336183354;25.146589911990162;0.10352824628353119;-0.4090942442417145;-0.9065606594085693;[];
37.85;MPIB2;20.574750260748942;48.32170932766195;0.0033984421752393246;-0.4632597863674164;-0.886171281337738;[];
37.85;MPIB1;59.45402121701318;30.969289052783267;-0.010595054365694523;-0.5157464742660522;-0.8566262722015381;[];
37.9;MPIB4;10.677939573444851;32.4262684541016;0.8646798133850098;-0.5022124648094177;0.005305675324052572;[];
37.9;MPIB3;47.667955336183354;25.146589911990162;0.10352824628353119;-0.4090942442417145;-0.9065606594085693;[];
37.9;MPIB2;20.574750260748942;48.32170932766195;0.0033984421752393246;-0.4632597863674164;-0.886171281337738;[];
37.9;MPIB1;59.45280921139329;30.753529249289187;-0.010595054365694523;-0.5157464742660522;-0.8566262722015381;[];
37.95;MPIB4;10.677939573444851;32.4262684541016;0.8646113276481628;-0.5022124648094177;0.012103253044188023;[];
37.95;MPIB3;47.67128032156211;25.111773081122692;0.10352824628353119;-0.4090942442417145;-0.9065606594085693;[];
37.95;MPIB2;20.574750260748942;48.32170932766195;0.0033984421752393246;-0.4632597863674164;-0.886171281337738;[];
37.95;MPIB1;59.451597205773396;30.537731888195736;-0.010595054365694523;-0.5157464742660522;-0.8566262722015381;[];
38.0;MPIB4;10.677939573444851;32.4262684541016;0.8644894957542419;-0.5022124648094177;0.018900081515312195;[];
38.0;MPIB3;47.67128032156211;25.111773081122692;0.10352824628353119;-0.4090942442417145;-0.9065606594085693;[];
38.0;MPIB2;20.582454658179586;48.30000001192093;0.0033984421752393246;-0.4632597863674164;-0.886171281337738;[];
38.0;MPIB1;59.450385200153505;30.321914020650638;-0.010595054365694523;-0.5157464742660522;-0.8566262722015381;[];
38.05;MPIB4;10.677939573444851;32.4262684541016;0.8644376397132874;-0.5022124648094177;0.021137826144695282;[];
38.05;MPIB3;47.67128032156211;25.111773081122692;0.10352824628353119;-0.4090942442417145;-0.9065606594085693;[];
38.05;MPIB2;20.582454658179586;48.30000001192093;0.0033984421752393246;-0.4632597863674164;-0.886171281337738;[];
38.05;MPIB1;59.450385200153505;30.321914020650638;-0.010595054365694523;-0.5157464742660522;-0.8566262722015381;[];
38.1;MPIB4;10.699999988079073;32.43974108439471;0.8644376397132874;-0.5022124648094177;0.021137826144695282;[];
38.1;MPIB3;47.67128032156211;25.111773081122692;0.10352824628353119;-0.4090942442417145;-0.9065606594085693;[];
38.1;MPIB2;20.582454658179586;48.30000001192093;0.0033984421752393246;-0.4632597863674164;-0.886171281337738;[];
38.1;MPIB1;59.450385200153505;30.321914020650638;-0.010595054365694523;-0.5157464742660522;-0.8566262722015381;[];
38.15;MPIB4;10.699999988079073;32.43974108439471;0.8644376397132874;-0.5022124648094177;0.021137826144695282;[];
38.15;MPIB3;47.67128032156211;25.111773081122692;0.10352824628353119;-0.4090942442417145;-0.9065606594085693;[];
38.15;MPIB2;20.582454658179586;48.30000001192093;0.0033984421752393246;-0.4632597863674164;-0.886171281337738;[];
38.15;MPIB1;59.450385200153505;30.321914020650638;-0.010595054365694523;-0.5157464742660522;-0.8566262722015381;[];
38.2;MPIB4;10.699999988079073;32.43974108439471;0.8644376397132874;-0.5022124648094177;0.021137826144695282;[];
38.2;MPIB3;47.67128032156211;25.111773081122692;0.10352824628353119;-0.4090942442417145;-0.9065606594085693;[];
38.2;MPIB2;20.582454658179586;48.30000001192093;0.0033984421752393246;-0.4632597863674164;-0.886171281337738;[];
38.2;MPIB1;59.450385200153505;30.321914020650638;-0.010595054365694523;-0.5157464742660522;-0.8566262722015381;[];
38.25;MPIB4;10.699999988079073;32.43974108439471;0.8644376397132874;-0.5022124648094177;0.021137826144695282;[];
38.25;MPIB3;47.67128032156211;25.111773081122692;0.10352824628353119;-0.4090942442417145;-0.9065606594085693;[];
38.25;MPIB2;20.582454658179586;48.30000001192093;0.0033984421752393246;-0.4632597863674164;-0.886171281337738;[];
38.25;MPIB1;59.450385200153505;30.321914020650638;-0.010595054365694523;-0.5157464742660522;-0.8566262722015381;[];
38.3;MPIB4;10.699999988079073;32.43974108439471;0.8644376397132874;-0.5022124648094177;0.021137826144695282;[];
38.3;MPIB3;47.67128032156211;25.111773081122692;0.10352824628353119;-0.4090942442417145;-0.9065606594085693;[];
38.3;MPIB2;20.582454658179586;48.30000001192093;0.0033984421752393246;-0.4632597863674164;-0.886171281337738;[];
38.3;MPIB1;59.450385200153505;30.321914020650638;-0.010595054365694523;-0.5157464742660522;-0.8566262722015381;[];
38.35;MPIB4;10.699999988079073;32.43974108439471;0.8644376397132874;-0.5022124648094177;0.021137826144695282;[];
38.35;MPIB3;47.67128032156211;25.111773081122692;0.10352824628353119;-0.4090942442417145;-0.9065606594085693;[];
38.35;MPIB2;20.582454658179586;48.30000001192093;0.0033984421752393246;-0.4632597863674164;-0.886171281337738;[];
38.35;MPIB1;59.450385200153505;30.321914020650638;-0.010595054365694523;-0.5157464742660522;-0.8566262722015381;[];
38.4;MPIB4;10.699999988079073;32.43974108439471;0.8644376397132874;-0.5022124648094177;0.021137826144695282;[];
38.4;MPIB3;47.67128032156211;25.111773081122692;0.10352824628353119;-0.4090942442417145;-0.9065606594085693;[];
38.4;MPIB2;20.582454658179586;48.30000001192093;0.0033984421752393246;-0.4632597863674164;-0.886171281337738;[];
38.4;MPIB1;59.450385200153505;30.321914020650638;-0.010595054365694523;-0.5157464742660522;-0.8566262722015381;[];
38.45;MPIB4;10.699999988079073;32.43974108439471;0.8644376397132874;-0.5022124648094177;0.021137826144695282;[];
38.45;MPIB3;47.67128032156211;25.111773081122692;0.10352824628353119;-0.4090942442417145;-0.9065606594085693;[];
38.45;MPIB2;20.582454658179586;48.30000001192093;0.0033984421752393246;-0.4632597863674164;-0.886171281337738;[];
38.45;MPIB1;59.450385200153505;30.321914020650638;-0.010595054365694523;-0.5157464742660522;-0.8566262722015381;[];
38.5;MPIB4;10.699999988079073;32.43974108439471;0.8670257329940796;-0.4977288246154785;0.021201113238930702;[];
38.5;MPIB3;47.67128032156211;25.111773081122692;0.10352824628353119;-0.4090942442417145;-0.9065606594085693;[];
38.5;MPIB2;20.582454658179586;48.30000001192093;0.0033984421752393246;-0.4632597863674164;-0.886171281337738;[];
38.5;MPIB1;59.450385200153505;30.321914020650638;-0.010595054365694523;-0.5157464742660522;-0.8566262722015381;[];
38.55;MPIB4;10.699999988079073;32.43974108439471;0.8696379065513611;-0.49314841628074646;0.02126498706638813;[];
38.55;MPIB3;47.67128032156211;25.111773081122692;0.10352824628353119;-0.4090942442417145;-0.9065606594085693;[];
38.55;MPIB2;20.582454658179586;48.30000001192093;0.0033984421752393246;-0.4632597863674164;-0.886171281337738;[];
38.55;MPIB1;59.450385200153505;30.321914020650638;-0.010595054365694523;-0.5157464742660522;-0.8566262722015381;[];
38.6;MPIB4;10.699999988079073;32.43974108439471;0.8722258806228638;-0.48855432868003845;0.021328270435333252;[];
38.6;MPIB3;47.67128032156211;25.111773081122692;0.10352824628353119;-0.4090942442417145;-0.9065606594085693;[];
38.6;MPIB2;20.582454658179586;48.30000001192093;0.0033984421752393246;-0.4632597863674164;-0.886171281337738;[];
38.6;MPIB1;59.450385200153505;30.321914020650638;-0.010595054365694523;-0.5157464742660522;-0.8566262722015381;[];
38.65;MPIB4;10.699999988079073;32.43974108439471;0.8722258806228638;-0.48855432868003845;0.021328270435333252;[];
38.65;MPIB3;47.67128032156211;25.111773081122692;0.10352824628353119;-0.4090942442417145;-0.9065606594085693;[];
38.65;MPIB2;20.582454658179586;48.30000001192093;0.0033984421752393246;-0.4632597863674164;-0.886171281337738;[];
38.65;MPIB1;59.450385200153505;30.321914020650638;-0.010595054365694523;-0.5157464742660522;-0.8566262722015381;[];
38.7;MPIB4;10.699999988079073;32.43974108439471;0.8722258806228638;-0.48855432868003845;0.021328270435333252;[];
38.7;MPIB3;47.67128032156211;25.111773081122692;0.10352824628353119;-0.4090942442417145;-0.9065606594085693;[];
38.7;MPIB2;20.582454658179586;48.30000001192093;0.0033984421752393246;-0.4632597863674164;-0.886171281337738;[];
38.7;MPIB1;59.450385200153505;30.321914020650638;-0.010595054365694523;-0.5157464742660522;-0.8566262722015381;[];
38.75;MPIB4;10.699999988079073;32.47088449988115;0.8722258806228638;-0.48855432868003845;0.021328270435333252;[];
38.75;MPIB3;47.67128032156211;25.111773081122692;0.09851590543985367;-0.41381287574768066;-0.9049758315086365;[];
38.75;MPIB2;20.582454658179586;48.30000001192093;0.0033984421752393246;-0.4632597863674164;-0.886171281337738;[];
38.75;MPIB1;59.450385200153505;30.321914020650638;-0.010595054365694523;-0.5157464742660522;-0.8566262722015381;[];
38.8;MPIB4;10.699999988079073;32.47088449988115;0.8722258806228638;-0.48855432868003845;0.021328270435333252;[];
38.8;MPIB3;47.67128032156211;25.111773081122692;0.09851590543985367;-0.41381287574768066;-0.9049758315086365;[];
38.8;MPIB2;20.582454658179586;48.30000001192093;0.0033984421752393246;-0.4632597863674164;-0.886171281337738;[];
38.8;MPIB1;59.450385200153505;30.321914020650638;-0.010595054365694523;-0.5157464742660522;-0.8566262722015381;[];
38.85;MPIB4;10.699999988079073;32.47088449988115;0.8722258806228638;-0.48855432868003845;0.021328270435333252;[];
38.85;MPIB3;47.67128032156211;25.111773081122692;0.09851590543985367;-0.41381287574768066;-0.9049758315086365;[];
38.85;MPIB2;20.589003395995633;48.20200078189373;0.0033984421752393246;-0.4632597863674164;-0.886171281337738;[];
38.85;MPIB1;59.42978110461536;30.30000001192093;-0.010595054365694523;-0.5157464742660522;-0.8566262722015381;[];
38.9;MPIB4;10.699999988079073;32.47088449988115;0.8722258806228638;-0.48855432868003845;0.021328270435333252;[];
38.9;MPIB3;47.67128032156211;25.111773081122692;0.09851590543985367;-0.41381287574768066;-0.9049758315086365;[];
38.9;MPIB2;20.589388615867165;48.05049396605662;0.0033984421752393246;-0.4632597863674164;-0.886171281337738;[];
38.9;MPIB1;59.42978110461536;30.30000001192093;-0.010595054365694523;-0.5157464742660522;-0.8566262722015381;[];
38.95;MPIB4;10.797970689833166;32.480467089261595;0.8722258806228638;-0.48855432868003845;0.021328270435333252;[];
38.95;MPIB3;47.67128032156211;25.108699964440973;0.09851590543985367;-0.41381287574768066;-0.9049758315086365;[];
38.95;MPIB2;20.589773835738697;47.869772004973896;0.0033984421752393246;-0.4632597863674164;-0.886171281337738;[];
38.95;MPIB1;59.42978110461536;30.30000001192093;-0.010595054365694523;-0.5157464742660522;-0.8566262722015381;[];
39.0;MPIB4;10.949433400958231;32.482862736606705;0.8722258806228638;-0.48855432868003845;0.021328270435333252;[];
39.0;MPIB3;47.67128032156211;25.108699964440973;0.09851590543985367;-0.41381287574768066;-0.9049758315086365;[];
39.0;MPIB2;20.59015905561023;47.67309857273426;0.0033984421752393246;-0.4632597863674164;-0.886171281337738;[];
39.0;MPIB1;59.42978110461536;30.30000001192093;-0.010595054365694523;-0.5157464742660522;-0.8566262722015381;[];
39.05;MPIB4;11.130102752592276;32.485258383951816;0.8722258806228638;-0.48855432868003845;0.021328270435333252;[];
39.05;MPIB3;47.67128032156211;25.108699964440973;0.09851590543985367;-0.41381287574768066;-0.9049758315086365;[];
39.05;MPIB2;20.59054427548176;47.46771563623133;0.0033984421752393246;-0.4632597863674164;-0.886171281337738;[];
39.05;MPIB1;59.42978110461536;30.30000001192093;-0.010595054365694523;-0.5157464742660522;-0.8566262722015381;[];
39.1;MPIB4;11.326718931796488;32.48765403129693;0.8722258806228638;-0.48855432868003845;0.021328270435333252;[];
39.1;MPIB3;47.67128032156211;25.108699964440973;0.09851590543985367;-0.41381287574768066;-0.9049758315086365;[];
39.1;MPIB2;20.590929495353294;47.25757730984827;0.0033984421752393246;-0.4632597863674164;-0.886171281337738;[];
39.1;MPIB1;59.42978110461536;30.30000001192093;-0.010595054365694523;-0.5157464742660522;-0.8566262722015381;[];
39.15;MPIB4;11.53204207986535;32.49004967864204;0.8722258806228638;-0.48855432868003845;0.021328270435333252;[];
39.15;MPIB3;47.67128032156211;25.108699964440973;0.09851590543985367;-0.41381287574768066;-0.9049758315086365;[];
39.15;MPIB2;20.591314715224826;47.044842540289096;0.0033984421752393246;-0.4632597863674164;-0.886171281337738;[];
39.15;MPIB1;59.42978110461536;30.30000001192093;-0.010595054365694523;-0.5157464742660522;-0.8566262722015381;[];
39.2;MPIB4;11.53204207986535;32.49004967864204;0.8722258806228638;-0.48855432868003845;0.021328270435333252;[];
39.2;MPIB3;47.67128032156211;25.108699964440973;0.09851590543985367;-0.41381287574768066;-0.9049758315086365;[];
39.2;MPIB2;20.591699935096358;46.8306901125911;0.0033984421752393246;-0.4632597863674164;-0.886171281337738;[];
39.2;MPIB1;59.42978110461536;30.30000001192093;-0.010595054365694523;-0.5157464742660522;-0.8566262722015381;[];
39.25;MPIB4;11.954825312211613;32.49355405945863;0.8736283779144287;-0.48629406094551086;0.014491475187242031;[];
39.25;MPIB3;47.67128032156211;25.108699964440973;0.09851590543985367;-0.41381287574768066;-0.9049758315086365;[];
39.25;MPIB2;20.59208515496789;46.61576364345939;0.0033984421752393246;-0.4632597863674164;-0.886171281337738;[];
39.25;MPIB1;59.42978110461536;30.30000001192093;-0.0038663027808070183;-0.513526976108551;-0.8580154776573181;[];
39.3;MPIB4;11.954825312211613;32.49355405945863;0.8736283779144287;-0.48629406094551086;0.014491475187242031;[];
39.3;MPIB3;47.67128032156211;25.108699964440973;0.09851590543985367;-0.41381287574768066;-0.9049758315086365;[];
39.3;MPIB2;20.592470374839422;46.40041454765577;0.0033984421752393246;-0.4632597863674164;-0.886171281337738;[];
39.3;MPIB1;59.42978110461536;30.30000001192093;-0.0016452397685498;-0.513526976108551;-0.8580225706100464;[];
39.35;MPIB4;12.383847958738421;32.49629749431807;0.8749189376831055;-0.48403051495552063;0.012247543781995773;[];
39.35;MPIB3;47.67128032156211;25.108699964440973;0.09851590543985367;-0.41381287574768066;-0.9049758315086365;[];
39.35;MPIB2;20.592855594710954;46.184834697662495;0.0033984421752393246;-0.4632597863674164;-0.886171281337738;[];
39.35;MPIB1;59.42978110461536;30.30000001192093;-0.0016478775069117546;-0.5112216472625732;-0.8593982458114624;[];
39.4;MPIB4;12.59917424055082;32.49766921174779;0.8749189376831055;-0.48403051495552063;0.012247543781995773;[];
39.4;MPIB3;47.67128032156211;25.108699964440973;0.09851590543985367;-0.41381287574768066;-0.9049758315086365;[];
39.4;MPIB2;20.593240814582487;45.96912885586704;0.0033984421752393246;-0.4632597863674164;-0.886171281337738;[];
39.4;MPIB1;59.42978110461536;30.30000001192093;-0.0016478775069117546;-0.5112216472625732;-0.8593982458114624;[];
39.45;MPIB4;12.59917424055082;32.49766921174779;0.8749189376831055;-0.48403051495552063;0.012247543781995773;[];
39.45;MPIB3;47.67128032156211;25.108699964440973;0.09851590543985367;-0.41381287574768066;-0.9049758315086365;[];
39.45;MPIB2;20.59362603445402;45.7533542225396;0.0033984421752393246;-0.4632597863674164;-0.886171281337738;[];
39.45;MPIB1;59.42978110461536;30.30000001192093;-0.0016478775069117546;-0.5112216472625732;-0.8593982458114624;[];
39.5;MPIB4;13.030418158266427;32.50041264660723;0.8749189376831055;-0.48403051495552063;0.012247543781995773;[];
39.5;MPIB3;47.67128032156211;25.108699964440973;0.09851590543985367;-0.41381287574768066;-0.9049758315086365;[];
39.5;MPIB2;20.59401125432555;45.53754202903133;0.0033984421752393246;-0.4632597863674164;-0.886171281337738;[];
39.5;MPIB1;59.42978110461536;30.30000001192093;-0.0016478775069117546;-0.5112216472625732;-0.8593982458114624;[];
39.55;MPIB4;13.246172769062259;32.50178436403695;0.8749189376831055;-0.48403051495552063;0.012247543781995773;[];
39.55;MPIB3;47.67128032156211;25.108699964440973;0.09851590543985367;-0.41381287574768066;-0.9049758315086365;[];
39.55;MPIB2;20.594396474197083;45.32170932766195;0.0033984421752393246;-0.4632597863674164;-0.886171281337738;[];
39.55;MPIB1;59.42978110461536;30.30000001192093;-0.0016478775069117546;-0.5112216472625732;-0.8593982458114624;[];
39.6;MPIB4;13.46197105748534;32.50263935570439;0.8762677311897278;-0.4816797375679016;0.007645206060260534;[];
39.6;MPIB3;47.67128032156211;25.108699964440973;0.09851590543985367;-0.41381287574768066;-0.9049758315086365;[];
39.6;MPIB2;20.594396474197083;45.32170932766195;0.0033984421752393246;-0.4632597863674164;-0.886171281337738;[];
39.6;MPIB1;59.42978110461536;30.30000001192093;-0.0016504100058227777;-0.5089951753616333;-0.8607189655303955;[];
39.65;MPIB4;13.46197105748534;32.50263935570439;0.8762677311897278;-0.4816797375679016;0.007645206060260534;[];
39.65;MPIB3;47.67128032156211;25.108699964440973;0.09851590543985367;-0.41381287574768066;-0.9049758315086365;[];
39.65;MPIB2;20.594396474197083;45.32170932766195;0.0033984421752393246;-0.4632597863674164;-0.886171281337738;[];
39.65;MPIB1;59.42978110461536;30.30000001192093;0.0028882138431072235;-0.5089951753616333;-0.8607157468795776;[];
39.7;MPIB4;13.677796777624934;32.50247023442245;0.8750033974647522;-0.48403051495552063;-0.0015100197633728385;[];
39.7;MPIB3;47.67128032156211;25.108699964440973;0.09851590543985367;-0.41381287574768066;-0.9049758315086365;[];
39.7;MPIB2;20.594396474197083;45.32170932766195;0.0033984421752393246;-0.4632597863674164;-0.886171281337738;[];
39.7;MPIB1;59.42978110461536;30.30000001192093;0.007415361702442169;-0.5112216472625732;-0.859367847442627;[];
39.75;MPIB4;13.677796777624934;32.50247023442245;0.8750033974647522;-0.48403051495552063;-0.0015100197633728385;[];
39.75;MPIB3;47.67128032156211;25.108699964440973;0.09851590543985367;-0.41381287574768066;-0.9049758315086365;[];
39.75;MPIB2;20.594396474197083;45.32170932766195;0.0033984421752393246;-0.4632597863674164;-0.886171281337738;[];
39.75;MPIB1;59.42978110461536;30.30000001192093;0.007415361702442169;-0.5112216472625732;-0.859367847442627;[];
39.8;MPIB4;13.677796777624934;32.50247023442245;0.8750033974647522;-0.48403051495552063;-0.0015100197633728385;[];
39.8;MPIB3;47.67128032156211;25.108699964440973;0.09851590543985367;-0.41381287574768066;-0.9049758315086365;[];
39.8;MPIB2;20.594396474197083;45.32170932766195;0.0033984421752393246;-0.4632597863674164;-0.886171281337738;[];
39.8;MPIB1;59.42978110461536;30.30000001192093;0.007415361702442169;-0.5112216472625732;-0.859367847442627;[];
39.85;MPIB4;13.677796777624934;32.50247023442245;0.8750033974647522;-0.48403051495552063;-0.0015100197633728385;[];
39.85;MPIB3;47.67128032156211;25.108699964440973;0.09851590543985367;-0.41381287574768066;-0.9049758315086365;[];
39.85;MPIB2;20.594396474197083;45.32170932766195;0.0033984421752393246;-0.4632597863674164;-0.886171281337738;[];
39.85;MPIB1;59.4232513165216;30.202003672719;0.007415361702442169;-0.5112216472625732;-0.859367847442627;[];
39.9;MPIB4;13.677796777624934;32.50247023442245;0.8750033974647522;-0.48403051495552063;-0.0015100197633728385;[];
39.9;MPIB3;47.67128032156211;25.108699964440973;0.09851590543985367;-0.41381287574768066;-0.9049758315086365;[];
39.9;MPIB2;20.594396474197083;45.32170932766195;0.0033984421752393246;-0.4632597863674164;-0.886171281337738;[];
39.9;MPIB1;59.42409691289049;30.050501326097958;0.007415361702442169;-0.5112216472625732;-0.859367847442627;[];
39.95;MPIB4;13.677796777624934;32.50247023442245;0.8750033974647522;-0.48403051495552063;-0.0015100197633728385;[];
39.95;MPIB3;47.67128032156211;25.108699964440973;0.09851590543985367;-0.41381287574768066;-0.9049758315086365;[];
39.95;MPIB2;20.594396474197083;45.32170932766195;0.0033984421752393246;-0.4632597863674164;-0.886171281337738;[];
39.95;MPIB1;59.42494250925938;29.869784696032752;0.007415361702442169;-0.5112216472625732;-0.859367847442627;[];
40.0;MPIB4;13.677796777624934;32.50247023442245;0.8750033974647522;-0.48403051495552063;-0.0015100197633728385;[];
40.0;MPIB3;47.67128032156211;25.108699964440973;0.09851590543985367;-0.41381287574768066;-0.9049758315086365;[];
40.0;MPIB2;20.594396474197083;45.32170932766195;0.0033984421752393246;-0.4632597863674164;-0.886171281337738;[];
40.0;MPIB1;59.42578810562827;29.67311706535429;0.007415361702442169;-0.5112216472625732;-0.859367847442627;[];
40.05;MPIB4;13.677796777624934;32.50247023442245;0.8750033974647522;-0.48403051495552063;-0.0015100197633728385;[];
40.05;MPIB3;47.67128032156211;25.108699964440973;0.09851590543985367;-0.41381287574768066;-0.9049758315086365;[];
40.05;MPIB2;20.594396474197083;45.32170932766195;0.0033984421752393246;-0.4632597863674164;-0.886171281337738;[];
40.05;MPIB1;59.42663370199716;29.467740187329383;0.007415361702442169;-0.5112216472625732;-0.859367847442627;[];
40.1;MPIB4;13.677796777624934;32.50247023442245;0.8750033974647522;-0.48403051495552063;-0.0015100197633728385;[];
40.1;MPIB3;47.67128032156211;25.108699964440973;0.09851590543985367;-0.41381287574768066;-0.9049758315086365;[];
40.1;MPIB2;20.594396474197083;45.32170932766195;0.0033984421752393246;-0.4632597863674164;-0.886171281337738;[];
40.1;MPIB1;59.42747929836605;29.257608059701;0.007415361702442169;-0.5112216472625732;-0.859367847442627;[];
40.15;MPIB4;13.677796777624934;32.50247023442245;0.8750033974647522;-0.48403051495552063;-0.0015100197633728385;[];
40.15;MPIB3;47.67128032156211;25.108699964440973;0.09851590543985367;-0.41381287574768066;-0.9049758315086365;[];
40.15;MPIB2;20.594396474197083;45.32170932766195;0.0033984421752393246;-0.4632597863674164;-0.886171281337738;[];
40.15;MPIB1;59.42832489473494;29.04487956548752;0.007415361702442169;-0.5112216472625732;-0.859367847442627;[];
40.2;MPIB4;13.677796777624934;32.50247023442245;0.8750033974647522;-0.48403051495552063;-0.0015100197633728385;[];
40.2;MPIB3;47.67128032156211;25.108699964440973;0.09851590543985367;-0.41381287574768066;-0.9049758315086365;[];
40.2;MPIB2;20.594396474197083;45.32170932766195;0.0033984421752393246;-0.4632597863674164;-0.886171281337738;[];
40.2;MPIB1;59.42917049110383;28.83073345495393;0.007415361702442169;-0.5112216472625732;-0.859367847442627;[];
40.25;MPIB4;13.677796777624934;32.50247023442245;0.8750033974647522;-0.48403051495552063;-0.0015100197633728385;[];
40.25;MPIB3;47.67128032156211;25.108699964440973;0.09851590543985367;-0.41381287574768066;-0.9049758315086365;[];
40.25;MPIB2;20.594396474197083;45.32170932766195;0.0033984421752393246;-0.4632597863674164;-0.886171281337738;[];
40.25;MPIB1;59.43001608747272;28.61581332581966;0.007415361702442169;-0.5112216472625732;-0.859367847442627;[];
40.3;MPIB4;13.677796777624934;32.50247023442245;0.8750033974647522;-0.48403051495552063;-0.0015100197633728385;[];
40.3;MPIB3;47.67128032156211;25.108699964440973;0.09851590543985367;-0.41381287574768066;-0.9049758315086365;[];
40.3;MPIB2;20.594396474197083;45.32170932766195;0.0033984421752393246;-0.4632597863674164;-0.886171281337738;[];
40.3;MPIB1;59.43086168384161;28.400470582480324;0.007415361702442169;-0.5112216472625732;-0.859367847442627;[];
40.35;MPIB4;13.677796777624934;32.50247023442245;0.8750033974647522;-0.48403051495552063;-0.0015100197633728385;[];
40.35;MPIB3;47.67128032156211;25.108699964440973;0.09851590543985367;-0.41381287574768066;-0.9049758315086365;[];
40.35;MPIB2;20.594396474197083;45.32170932766195;0.0033984421752393246;-0.4632597863674164;-0.886171281337738;[];
40.35;MPIB1;59.4317072802105;28.184897091758216;0.007415361702442169;-0.5112216472625732;-0.859367847442627;[];
40.4;MPIB4;13.677796777624934;32.50247023442245;0.8750033974647522;-0.48403051495552063;-0.0015100197633728385;[];
40.4;MPIB3;47.67128032156211;25.108699964440973;0.09018106758594513;-0.3874613642692566;-0.917427122592926;[];
40.4;MPIB2;20.594396474197083;45.32170932766195;0.0033984421752393246;-0.4632597863674164;-0.886171281337738;[];
40.4;MPIB1;59.43255287657939;27.969197612950495;0.007415361702442169;-0.5112216472625732;-0.859367847442627;[];
40.45;MPIB4;13.677796777624934;32.50247023442245;0.8750033974647522;-0.48403051495552063;-0.0015100197633728385;[];
40.45;MPIB3;47.67128032156211;25.108699964440973;0.06023852154612541;-0.33372852206230164;-0.9407104849815369;[];
40.45;MPIB2;20.594396474197083;45.32170932766195;0.0033984421752393246;-0.4632597863674164;-0.886171281337738;[];
40.45;MPIB1;59.433398472948284;27.75342934464004;0.007415361702442169;-0.5112216472625732;-0.859367847442627;[];
40.5;MPIB4;13.677796777624934;32.50247023442245;0.8750033974647522;-0.48403051495552063;-0.0015100197633728385;[];
40.5;MPIB3;47.67128032156211;25.108699964440973;0.013625126332044601;-0.2789800465106964;-0.960173487663269;[];
40.5;MPIB2;20.594396474197083;45.32170932766195;0.0033984421752393246;-0.4632597863674164;-0.886171281337738;[];
40.5;MPIB1;59.434244069317174;27.53762351725672;0.007415361702442169;-0.5112216472625732;-0.859367847442627;[];
40.55;MPIB4;13.677796777624934;32.50247023442245;0.8750033974647522;-0.48403051495552063;-0.0015100197633728385;[];
40.55;MPIB3;47.67128032156211;25.108699964440973;-0.032105255872011185;-0.21554511785507202;-0.975945234298706;[];
40.55;MPIB2;20.602100871627727;45.30000001192093;0.0033984421752393246;-0.4632597863674164;-0.886171281337738;[];
40.55;MPIB1;59.435089665686064;27.321797182617246;0.007415361702442169;-0.5112216472625732;-0.859367847442627;[];
40.6;MPIB4;13.677796777624934;32.50247023442245;0.8750033974647522;-0.48403051495552063;-0.0015100197633728385;[];
40.6;MPIB3;47.67128032156211;25.108699964440973;-0.047679632902145386;-0.19245673716068268;-0.9801279902458191;[];
40.6;MPIB2;20.602100871627727;45.30000001192093;0.0033984421752393246;-0.4632597863674164;-0.886171281337738;[];
40.6;MPIB1;59.435089665686064;27.321797182617246;0.007415361702442169;-0.5112216472625732;-0.859367847442627;[];
40.65;MPIB4;13.677796777624934;32.50247023442245;0.8750033974647522;-0.48403051495552063;-0.0015100197633728385;[];
40.65;MPIB3;47.67128032156211;25.108699964440973;-0.058156829327344894;-0.17964565753936768;-0.981993556022644;[];
40.65;MPIB2;20.602100871627727;45.30000001192093;0.0033984421752393246;-0.4632597863674164;-0.886171281337738;[];
40.65;MPIB1;59.435089665686064;27.321797182617246;0.007415361702442169;-0.5112216472625732;-0.859367847442627;[];
40.7;MPIB4;13.699999988079073;32.4990878087836;0.8750033974647522;-0.48403051495552063;-0.0015100197633728385;[];
40.7;MPIB3;47.67128032156211;25.108699964440973;-0.06584340333938599;-0.1744559109210968;-0.9824442863464355;[];
40.7;MPIB2;20.602100871627727;45.30000001192093;0.0033984421752393246;-0.4632597863674164;-0.886171281337738;[];
40.7;MPIB1;59.435089665686064;27.321797182617246;0.007415361702442169;-0.5112216472625732;-0.859367847442627;[];
40.75;MPIB4;13.699999988079073;32.4990878087836;0.8750033974647522;-0.48403051495552063;-0.0015100197633728385;[];
40.75;MPIB3;47.67128032156211;25.108699964440973;-0.06584340333938599;-0.1744559109210968;-0.9824442863464355;[];
40.75;MPIB2;20.602100871627727;45.30000001192093;0.0033984421752393246;-0.4632597863674164;-0.886171281337738;[];
40.75;MPIB1;59.435089665686064;27.321797182617246;0.007415361702442169;-0.5112216472625732;-0.859367847442627;[];
40.8;MPIB4;13.699999988079073;32.4990878087836;0.8750033974647522;-0.48403051495552063;-0.0015100197633728385;[];
40.8;MPIB3;47.67128032156211;25.108699964440973;-0.06584340333938599;-0.1744559109210968;-0.9824442863464355;[];
40.8;MPIB2;20.602100871627727;45.30000001192093;0.0033984421752393246;-0.4632597863674164;-0.886171281337738;[];
40.8;MPIB1;59.435089665686064;27.321797182617246;0.007415361702442169;-0.5112216472625732;-0.859367847442627;[];
40.85;MPIB4;13.699999988079073;32.4990878087836;0.8750033974647522;-0.48403051495552063;-0.0015100197633728385;[];
40.85;MPIB3;47.67128032156211;25.108699964440973;-0.06584340333938599;-0.1744559109210968;-0.9824442863464355;[];
40.85;MPIB2;20.602100871627727;45.30000001192093;0.0033984421752393246;-0.4632597863674164;-0.886171281337738;[];
40.85;MPIB1;59.435089665686064;27.321797182617246;0.007415361702442169;-0.5112216472625732;-0.859367847442627;[];
40.9;MPIB4;13.699999988079073;32.4990878087836;0.8750033974647522;-0.48403051495552063;-0.0015100197633728385;[];
40.9;MPIB3;47.67128032156211;25.108699964440973;-0.06584340333938599;-0.1744559109210968;-0.9824442863464355;[];
40.9;MPIB2;20.602100871627727;45.30000001192093;0.0033984421752393246;-0.4632597863674164;-0.886171281337738;[];
40.9;MPIB1;59.435089665686064;27.321797182617246;0.007415361702442169;-0.5112216472625732;-0.859367847442627;[];
40.95;MPIB4;13.699999988079073;32.4990878087836;0.8750033974647522;-0.48403051495552063;-0.0015100197633728385;[];
40.95;MPIB3;47.67128032156211;25.108699964440973;-0.06584340333938599;-0.1744559109210968;-0.9824442863464355;[];
40.95;MPIB2;20.602100871627727;45.30000001192093;0.0033984421752393246;-0.4632597863674164;-0.886171281337738;[];
40.95;MPIB1;59.435089665686064;27.321797182617246;0.007415361702442169;-0.5112216472625732;-0.859367847442627;[];
41.0;MPIB4;13.699999988079073;32.4990878087836;0.8750033974647522;-0.48403051495552063;-0.0015100197633728385;[];
41.0;MPIB3;47.67128032156211;25.108699964440973;-0.06584340333938599;-0.1744559109210968;-0.9824442863464355;[];
41.0;MPIB2;20.602100871627727;45.30000001192093;0.0033984421752393246;-0.4632597863674164;-0.886171281337738;[];
41.0;MPIB1;59.435089665686064;27.321797182617246;0.007415361702442169;-0.5112216472625732;-0.859367847442627;[];
41.05;MPIB4;13.699999988079073;32.4990878087836;0.8750033974647522;-0.48403051495552063;-0.0015100197633728385;[];
41.05;MPIB3;47.67128032156211;25.108699964440973;-0.06584340333938599;-0.1744559109210968;-0.9824442863464355;[];
41.05;MPIB2;20.602100871627727;45.30000001192093;0.0033984421752393246;-0.4632597863674164;-0.886171281337738;[];
41.05;MPIB1;59.435089665686064;27.321797182617246;0.007415361702442169;-0.5112216472625732;-0.859367847442627;[];
41.1;MPIB4;13.699999988079073;32.4990878087836;0.8750033974647522;-0.48403051495552063;-0.0015100197633728385;[];
41.1;MPIB3;47.67128032156211;25.108699964440973;-0.06584340333938599;-0.1744559109210968;-0.9824442863464355;[];
41.1;MPIB2;20.602100871627727;45.30000001192093;0.0033984421752393246;-0.4632597863674164;-0.886171281337738;[];
41.1;MPIB1;59.435089665686064;27.321797182617246;0.007415361702442169;-0.5112216472625732;-0.859367847442627;[];
41.15;MPIB4;13.699999988079073;32.4990878087836;0.8750033974647522;-0.48403051495552063;-0.0015100197633728385;[];
41.15;MPIB3;47.67128032156211;25.108699964440973;-0.06584340333938599;-0.1744559109210968;-0.9824442863464355;[];
41.15;MPIB2;20.602100871627727;45.30000001192093;0.0033984421752393246;-0.4632597863674164;-0.886171281337738;[];
41.15;MPIB1;59.435089665686064;27.321797182617246;0.007415361702442169;-0.5112216472625732;-0.859367847442627;[];
41.2;MPIB4;13.699999988079073;32.4990878087836;0.8750033974647522;-0.48403051495552063;-0.0015100197633728385;[];
41.2;MPIB3;47.67128032156211;25.108699964440973;-0.06584340333938599;-0.1744559109210968;-0.9824442863464355;[];
41.2;MPIB2;20.602100871627727;45.30000001192093;0.0033984421752393246;-0.4632597863674164;-0.886171281337738;[];
41.2;MPIB1;59.435089665686064;27.321797182617246;0.007415361702442169;-0.5112216472625732;-0.859367847442627;[];
41.25;MPIB4;13.699999988079073;32.4990878087836;0.8750033974647522;-0.48403051495552063;-0.0015100197633728385;[];
41.25;MPIB3;47.67128032156211;25.108699964440973;-0.06584340333938599;-0.1744559109210968;-0.9824442863464355;[];
41.25;MPIB2;20.602100871627727;45.30000001192093;0.0033984421752393246;-0.4632597863674164;-0.886171281337738;[];
41.25;MPIB1;59.435089665686064;27.321797182617246;0.007415361702442169;-0.5112216472625732;-0.859367847442627;[];
41.3;MPIB4;13.699999988079073;32.4990878087836;0.8750033974647522;-0.48403051495552063;-0.0015100197633728385;[];
41.3;MPIB3;47.67128032156211;25.108699964440973;-0.06584340333938599;-0.1744559109210968;-0.9824442863464355;[];
41.3;MPIB2;20.602100871627727;45.30000001192093;0.0033984421752393246;-0.4632597863674164;-0.886171281337738;[];
41.3;MPIB1;59.435089665686064;27.321797182617246;0.007415361702442169;-0.5112216472625732;-0.859367847442627;[];
41.35;MPIB4;13.699999988079073;32.4990878087836;0.8750033974647522;-0.48403051495552063;-0.0015100197633728385;[];
41.35;MPIB3;47.67128032156211;25.108699964440973;-0.06584340333938599;-0.1744559109210968;-0.9824442863464355;[];
41.35;MPIB2;20.602100871627727;45.30000001192093;0.0033984421752393246;-0.4632597863674164;-0.886171281337738;[];
41.35;MPIB1;59.435089665686064;27.321797182617246;0.007415361702442169;-0.5112216472625732;-0.859367847442627;[];
41.4;MPIB4;13.699999988079073;32.4990878087836;0.8750033974647522;-0.48403051495552063;-0.0015100197633728385;[];
41.4;MPIB3;47.67128032156211;25.108699964440973;-0.06584340333938599;-0.1744559109210968;-0.9824442863464355;[];
41.4;MPIB2;20.608649609443773;45.20200078189373;0.0033984421752393246;-0.4632597863674164;-0.886171281337738;[];
41.4;MPIB1;59.435089665686064;27.321797182617246;0.007415361702442169;-0.5112216472625732;-0.859367847442627;[];
41.45;MPIB4;13.699999988079073;32.4990878087836;0.8750033974647522;-0.48403051495552063;-0.0015100197633728385;[];
41.45;MPIB3;47.67128032156211;25.108699964440973;-0.06584340333938599;-0.1744559109210968;-0.9824442863464355;[];
41.45;MPIB2;20.609034829315306;45.05049396605662;0.0033984421752393246;-0.4632597863674164;-0.886171281337738;[];
41.45;MPIB1;59.435089665686064;27.321797182617246;0.007415361702442169;-0.5112216472625732;-0.859367847442627;[];
41.5;MPIB4;13.79799982905388;32.49621274699058;0.8750033974647522;-0.48403051495552063;-0.0015100197633728385;[];
41.5;MPIB3;47.67128032156211;25.108699964440973;-0.06584340333938599;-0.1744559109210968;-0.9824442863464355;[];
41.5;MPIB2;20.609420049186838;44.869772004973896;0.0033984421752393246;-0.4632597863674164;-0.886171281337738;[];
41.5;MPIB1;59.435089665686064;27.321797182617246;0.007415361702442169;-0.5112216472625732;-0.859367847442627;[];
41.55;MPIB4;13.949507589416019;32.49604362570864;0.8750033974647522;-0.48403051495552063;-0.0015100197633728385;[];
41.55;MPIB3;47.67128032156211;25.108699964440973;-0.06584340333938599;-0.1744559109210968;-0.9824442863464355;[];
41.55;MPIB2;20.60980526905837;44.67309857273426;0.0033984421752393246;-0.4632597863674164;-0.886171281337738;[];
41.55;MPIB1;59.45200159306387;27.30000001192093;0.007415361702442169;-0.5112216472625732;-0.859367847442627;[];
41.6;MPIB4;14.130230677157076;32.495874504426695;0.8750033974647522;-0.48403051495552063;-0.0015100197633728385;[];
41.6;MPIB3;47.67128032156211;25.108699964440973;-0.06584340333938599;-0.1744559109210968;-0.9824442863464355;[];
41.6;MPIB2;20.610190488929902;44.46771563623133;0.0033984421752393246;-0.4632597863674164;-0.886171281337738;[];
41.6;MPIB1;59.45200159306387;27.30000001192093;0.007415361702442169;-0.5112216472625732;-0.859367847442627;[];
41.65;MPIB4;14.326905335499841;32.49570538314475;0.8750033974647522;-0.48403051495552063;-0.0015100197633728385;[];
41.65;MPIB3;47.67128032156211;25.108699964440973;-0.06584340333938599;-0.1744559109210968;-0.9824442863464355;[];
41.65;MPIB2;20.610575708801434;44.25757730984827;0.0033984421752393246;-0.4632597863674164;-0.886171281337738;[];
41.65;MPIB1;59.45200159306387;27.30000001192093;0.007415361702442169;-0.5112216472625732;-0.859367847442627;[];
41.7;MPIB4;14.532289552402776;32.49553626186281;0.8750033974647522;-0.48403051495552063;-0.0015100197633728385;[];
41.7;MPIB3;47.67128032156211;25.108699964440973;-0.06584340333938599;-0.1744559109210968;-0.9824442863464355;[];
41.7;MPIB2;20.610960928672966;44.044842540289096;0.0033984421752393246;-0.4632597863674164;-0.886171281337738;[];
41.7;MPIB1;59.45200159306387;27.30000001192093;0.007415361702442169;-0.5112216472625732;-0.859367847442627;[];
41.75;MPIB4;14.742429188831919;32.49536714058087;0.8750033974647522;-0.48403051495552063;-0.0015100197633728385;[];
41.75;MPIB3;47.67128032156211;25.108699964440973;-0.06584340333938599;-0.1744559109210968;-0.9824442863464355;[];
41.75;MPIB2;20.6113461485445;43.8306901125911;0.0033984421752393246;-0.4632597863674164;-0.886171281337738;[];
41.75;MPIB1;59.45200159306387;27.30000001192093;0.007415361702442169;-0.5112216472625732;-0.859367847442627;[];
41.8;MPIB4;14.955165284623956;32.495198019298925;0.8750033974647522;-0.48403051495552063;-0.0015100197633728385;[];
41.8;MPIB3;47.67128032156211;25.108699964440973;-0.06584340333938599;-0.1744559109210968;-0.9824442863464355;[];
41.8;MPIB2;20.61173136841603;43.61576364345939;0.0033984421752393246;-0.4632597863674164;-0.886171281337738;[];
41.8;MPIB1;59.45200159306387;27.30000001192093;0.007415361702442169;-0.5112216472625732;-0.859367847442627;[];
41.85;MPIB4;15.169319047392799;32.49502889801698;0.8750033974647522;-0.48403051495552063;-0.0015100197633728385;[];
41.85;MPIB3;47.67128032156211;25.108699964440973;-0.06584340333938599;-0.1744559109210968;-0.9824442863464355;[];
41.85;MPIB2;20.612116588287563;43.40041454765577;0.0033984421752393246;-0.4632597863674164;-0.886171281337738;[];
41.85;MPIB1;59.45200159306387;27.30000001192093;0.007415361702442169;-0.5112216472625732;-0.859367847442627;[];
41.9;MPIB4;15.169319047392799;32.49502889801698;0.8750033974647522;-0.48403051495552063;-0.0015100197633728385;[];
41.9;MPIB3;47.67128032156211;25.108699964440973;-0.06584340333938599;-0.1744559109210968;-0.9824442863464355;[];
41.9;MPIB2;20.612501808159095;43.184834697662495;0.0033984421752393246;-0.4632597863674164;-0.886171281337738;[];
41.9;MPIB1;59.45200159306387;27.30000001192093;0.007415361702442169;-0.5112216472625732;-0.859367847442627;[];
41.95;MPIB4;15.59959729475561;32.4946906554531;0.8750033974647522;-0.48403051495552063;-0.0015100197633728385;[];
41.95;MPIB3;47.67128032156211;25.108699964440973;-0.06584340333938599;-0.1744559109210968;-0.9824442863464355;[];
41.95;MPIB2;20.612887028030627;42.96912885586704;0.0033984421752393246;-0.4632597863674164;-0.886171281337738;[];
41.95;MPIB1;59.45200159306387;27.30000001192093;0.007415361702442169;-0.5112216472625732;-0.859367847442627;[];
42.0;MPIB4;15.59959729475561;32.4946906554531;0.8750033974647522;-0.48403051495552063;-0.0015100197633728385;[];
42.0;MPIB3;47.67128032156211;25.108699964440973;-0.06584340333938599;-0.1744559109210968;-0.9824442863464355;[];
42.0;MPIB2;20.61327224790216;42.7533542225396;0.0033984421752393246;-0.4632597863674164;-0.886171281337738;[];
42.0;MPIB1;59.45200159306387;27.30000001192093;0.007415361702442169;-0.5112216472625732;-0.859367847442627;[];
42.05;MPIB4;16.030885675269154;32.494352412889214;0.8750033974647522;-0.48403051495552063;-0.0015100197633728385;[];
42.05;MPIB3;47.67128032156211;25.108699964440973;-0.06584340333938599;-0.1744559109210968;-0.9824442863464355;[];
42.05;MPIB2;20.61365746777369;42.53754202903133;0.0033984421752393246;-0.4632597863674164;-0.886171281337738;[];
42.05;MPIB1;59.45200159306387;27.30000001192093;0.007415361702442169;-0.5112216472625732;-0.859367847442627;[];
42.1;MPIB4;16.246661653780595;32.49418329160727;0.8750033974647522;-0.48403051495552063;-0.0015100197633728385;[];
42.1;MPIB3;47.67128032156211;25.108699964440973;-0.06584340333938599;-0.1744559109210968;-0.9824442863464355;[];
42.1;MPIB2;20.614042687645224;42.32170932766195;0.0033984421752393246;-0.4632597863674164;-0.886171281337738;[];
42.1;MPIB1;59.45200159306387;27.30000001192093;0.007415361702442169;-0.5112216472625732;-0.859367847442627;[];
42.15;MPIB4;16.46247519270702;32.49401417032533;0.8750033974647522;-0.48403051495552063;-0.0015100197633728385;[];
42.15;MPIB3;47.67128032156211;25.108699964440973;-0.06584340333938599;-0.1744559109210968;-0.9824442863464355;[];
42.15;MPIB2;20.614042687645224;42.32170932766195;0.0033984421752393246;-0.4632597863674164;-0.886171281337738;[];
42.15;MPIB1;59.45200159306387;27.30000001192093;0.007415361702442169;-0.5112216472625732;-0.859367847442627;[];
42.2;MPIB4;16.67830923962241;32.49384504904339;0.8750033974647522;-0.48403051495552063;-0.0015100197633728385;[];
42.2;MPIB3;47.67128032156211;25.108699964440973;-0.06584340333938599;-0.1744559109210968;-0.9824442863464355;[];
42.2;MPIB2;20.614042687645224;42.32170932766195;0.0033984421752393246;-0.4632597863674164;-0.886171281337738;[];
42.2;MPIB1;59.45200159306387;27.30000001192093;0.007415361702442169;-0.5112216472625732;-0.859367847442627;[];
42.25;MPIB4;16.67830923962241;32.49384504904339;0.8750033974647522;-0.48403051495552063;-0.0015100197633728385;[];
42.25;MPIB3;47.67128032156211;25.108699964440973;-0.06584340333938599;-0.1744559109210968;-0.9824442863464355;[];
42.25;MPIB2;20.614042687645224;42.32170932766195;0.0033984421752393246;-0.4632597863674164;-0.886171281337738;[];
42.25;MPIB1;59.45200159306387;27.30000001192093;0.007415361702442169;-0.5112216472625732;-0.859367847442627;[];
42.3;MPIB4;16.67830923962241;32.49384504904339;0.8750033974647522;-0.48403051495552063;-0.0015100197633728385;[];
42.3;MPIB3;47.67128032156211;25.108699964440973;-0.06584340333938599;-0.1744559109210968;-0.9824442863464355;[];
42.3;MPIB2;20.614042687645224;42.32170932766195;0.0033984421752393246;-0.4632597863674164;-0.886171281337738;[];
42.3;MPIB1;59.45200159306387;27.30000001192093;0.007415361702442169;-0.5112216472625732;-0.859367847442627;[];
42.35;MPIB4;16.67830923962241;32.49384504904339;0.8750033974647522;-0.48403051495552063;-0.0015100197633728385;[];
42.35;MPIB3;47.67128032156211;25.108699964440973;-0.06584340333938599;-0.1744559109210968;-0.9824442863464355;[];
42.35;MPIB2;20.614042687645224;42.32170932766195;0.0033984421752393246;-0.4632597863674164;-0.886171281337738;[];
42.35;MPIB1;59.45200159306387;27.30000001192093;0.007415361702442169;-0.5112216472625732;-0.859367847442627;[];
42.4;MPIB4;16.67830923962241;32.49384504904339;0.8750033974647522;-0.48403051495552063;-0.0015100197633728385;[];
42.4;MPIB3;47.67128032156211;25.108699964440973;-0.06584340333938599;-0.1744559109210968;-0.9824442863464355;[];
42.4;MPIB2;20.614042687645224;42.32170932766195;0.0033984421752393246;-0.4632597863674164;-0.886171281337738;[];
42.4;MPIB1;59.466376731335004;27.202003672719;0.007415361702442169;-0.5112216472625732;-0.859367847442627;[];
42.45;MPIB4;16.67830923962241;32.49384504904339;0.8750033974647522;-0.48403051495552063;-0.0015100197633728385;[];
42.45;MPIB3;47.67128032156211;25.108699964440973;-0.06584340333938599;-0.1744559109210968;-0.9824442863464355;[];
42.45;MPIB2;20.614042687645224;42.32170932766195;0.0033984421752393246;-0.4632597863674164;-0.886171281337738;[];
42.45;MPIB1;59.467222327703894;27.050501326097958;0.007415361702442169;-0.5112216472625732;-0.859367847442627;[];
42.5;MPIB4;16.67830923962241;32.49384504904339;0.8750033974647522;-0.48403051495552063;-0.0015100197633728385;[];
42.5;MPIB3;47.67128032156211;25.108699964440973;-0.06584340333938599;-0.1744559109210968;-0.9824442863464355;[];
42.5;MPIB2;20.614042687645224;42.32170932766195;0.0033984421752393246;-0.4632597863674164;-0.886171281337738;[];
42.5;MPIB1;59.468067924072784;26.869784696032752;0.007415361702442169;-0.5112216472625732;-0.859367847442627;[];
42.55;MPIB4;16.67830923962241;32.49384504904339;0.8750033974647522;-0.48403051495552063;-0.0015100197633728385;[];
42.55;MPIB3;47.67128032156211;25.108699964440973;-0.06584340333938599;-0.1744559109210968;-0.9824442863464355;[];
42.55;MPIB2;20.614042687645224;42.32170932766195;0.0033984421752393246;-0.4632597863674164;-0.886171281337738;[];
42.55;MPIB1;59.468913520441674;26.67311706535429;0.007415361702442169;-0.5112216472625732;-0.859367847442627;[];
42.6;MPIB4;16.67830923962241;32.49384504904339;0.8750033974647522;-0.48403051495552063;-0.0015100197633728385;[];
42.6;MPIB3;47.67128032156211;25.108699964440973;-0.06584340333938599;-0.1744559109210968;-0.9824442863464355;[];
42.6;MPIB2;20.614042687645224;42.32170932766195;0.0033984421752393246;-0.4632597863674164;-0.886171281337738;[];
42.6;MPIB1;59.469759116810565;26.467740187329383;0.007415361702442169;-0.5112216472625732;-0.859367847442627;[];
42.65;MPIB4;16.67830923962241;32.49384504904339;0.8750033974647522;-0.48403051495552063;-0.0015100197633728385;[];
42.65;MPIB3;47.67128032156211;25.108699964440973;-0.06584340333938599;-0.1744559109210968;-0.9824442863464355;[];
42.65;MPIB2;20.614042687645224;42.32170932766195;0.0033984421752393246;-0.4632597863674164;-0.886171281337738;[];
42.65;MPIB1;59.470604713179455;26.257608059701;0.007415361702442169;-0.5112216472625732;-0.859367847442627;[];
42.7;MPIB4;16.67830923962241;32.49384504904339;0.8750033974647522;-0.48403051495552063;-0.0015100197633728385;[];
42.7;MPIB3;47.67128032156211;25.108699964440973;-0.06584340333938599;-0.1744559109210968;-0.9824442863464355;[];
42.7;MPIB2;20.614042687645224;42.32170932766195;0.0033984421752393246;-0.4632597863674164;-0.886171281337738;[];
42.7;MPIB1;59.471450309548345;26.04487956548752;0.007415361702442169;-0.5112216472625732;-0.859367847442627;[];
42.75;MPIB4;16.67830923962241;32.49384504904339;0.8750033974647522;-0.48403051495552063;-0.0015100197633728385;[];
42.75;MPIB3;47.67128032156211;25.108699964440973;-0.06584340333938599;-0.1744559109210968;-0.9824442863464355;[];
42.75;MPIB2;20.614042687645224;42.32170932766195;0.0033984421752393246;-0.4632597863674164;-0.886171281337738;[];
42.75;MPIB1;59.472295905917235;25.83073345495393;0.007415361702442169;-0.5112216472625732;-0.859367847442627;[];
42.8;MPIB4;16.67830923962241;32.49384504904339;0.8750033974647522;-0.48403051495552063;-0.0015100197633728385;[];
42.8;MPIB3;47.67128032156211;25.108699964440973;-0.06584340333938599;-0.1744559109210968;-0.9824442863464355;[];
42.8;MPIB2;20.614042687645224;42.32170932766195;0.0033984421752393246;-0.4632597863674164;-0.886171281337738;[];
42.8;MPIB1;59.473141502286126;25.61581332581966;0.007415361702442169;-0.5112216472625732;-0.859367847442627;[];
42.85;MPIB4;16.67830923962241;32.49384504904339;0.8750033974647522;-0.48403051495552063;-0.0015100197633728385;[];
42.85;MPIB3;47.67128032156211;25.108699964440973;-0.06584340333938599;-0.1744559109210968;-0.9824442863464355;[];
42.85;MPIB2;20.614042687645224;42.32170932766195;0.0033984421752393246;-0.4632597863674164;-0.886171281337738;[];
42.85;MPIB1;59.473987098655016;25.400470582480324;0.007415361702442169;-0.5112216472625732;-0.859367847442627;[];
42.9;MPIB4;16.67830923962241;32.49384504904339;0.8750033974647522;-0.48403051495552063;-0.0015100197633728385;[];
42.9;MPIB3;47.67128032156211;25.108699964440973;-0.06584340333938599;-0.1744559109210968;-0.9824442863464355;[];
42.9;MPIB2;20.614042687645224;42.32170932766195;0.0033984421752393246;-0.4632597863674164;-0.886171281337738;[];
42.9;MPIB1;59.474832695023906;25.184897091758216;0.007415361702442169;-0.5112216472625732;-0.859367847442627;[];
42.95;MPIB4;16.67830923962241;32.49384504904339;0.8750033974647522;-0.48403051495552063;-0.0015100197633728385;[];
42.95;MPIB3;47.67128032156211;25.108699964440973;-0.06584340333938599;-0.1744559109210968;-0.9824442863464355;[];
42.95;MPIB2;20.614042687645224;42.32170932766195;0.0033984421752393246;-0.4632597863674164;-0.886171281337738;[];
42.95;MPIB1;59.475678291392796;24.969197612950495;0.007415361702442169;-0.5112216472625732;-0.859367847442627;[];
43.0;MPIB4;16.67830923962241;32.49384504904339;0.8750033974647522;-0.48403051495552063;-0.0015100197633728385;[];
43.0;MPIB3;47.67128032156211;25.108699964440973;-0.06584340333938599;-0.1744559109210968;-0.9824442863464355;[];
43.0;MPIB2;20.614042687645224;42.32170932766195;0.0033984421752393246;-0.4632597863674164;-0.886171281337738;[];
43.0;MPIB1;59.47652388776169;24.75342934464004;0.007415361702442169;-0.5112216472625732;-0.859367847442627;[];
43.05;MPIB4;16.67830923962241;32.49384504904339;0.8750033974647522;-0.48403051495552063;-0.0015100197633728385;[];
43.05;MPIB3;47.67128032156211;25.108699964440973;-0.06584340333938599;-0.1744559109210968;-0.9824442863464355;[];
43.05;MPIB2;20.614042687645224;42.32170932766195;0.0033984421752393246;-0.4632597863674164;-0.886171281337738;[];
43.05;MPIB1;59.47736948413058;24.53762351725672;0.007415361702442169;-0.5112216472625732;-0.859367847442627;[];
43.1;MPIB4;16.67830923962241;32.49384504904339;0.8750033974647522;-0.48403051495552063;-0.0015100197633728385;[];
43.1;MPIB3;47.67128032156211;25.108699964440973;-0.06584340333938599;-0.1744559109210968;-0.9824442863464355;[];
43.1;MPIB2;20.621747085075867;42.30000001192093;0.0033984421752393246;-0.4632597863674164;-0.886171281337738;[];
43.1;MPIB1;59.47821508049947;24.321797182617246;0.007415361702442169;-0.5112216472625732;-0.859367847442627;[];
43.15;MPIB4;16.67830923962241;32.49384504904339;0.8750033974647522;-0.48403051495552063;-0.0015100197633728385;[];
43.15;MPIB3;47.67128032156211;25.108699964440973;-0.06584340333938599;-0.1744559109210968;-0.9824442863464355;[];
43.15;MPIB2;20.621747085075867;42.30000001192093;0.0033984421752393246;-0.4632597863674164;-0.886171281337738;[];
43.15;MPIB1;59.47821508049947;24.321797182617246;0.007415361702442169;-0.5112216472625732;-0.859367847442627;[];
43.2;MPIB4;16.69999998807907;32.49046262340454;0.8750033974647522;-0.48403051495552063;-0.0015100197633728385;[];
43.2;MPIB3;47.67128032156211;25.108699964440973;-0.06584340333938599;-0.1744559109210968;-0.9824442863464355;[];
43.2;MPIB2;20.621747085075867;42.30000001192093;0.0033984421752393246;-0.4632597863674164;-0.886171281337738;[];
43.2;MPIB1;59.47821508049947;24.321797182617246;0.009578867815434933;-0.5202569365501404;-0.8539062142372131;[];
43.25;MPIB4;16.69999998807907;32.49046262340454;0.8750033974647522;-0.48403051495552063;-0.0015100197633728385;[];
43.25;MPIB3;47.67128032156211;25.108699964440973;-0.06584340333938599;-0.1744559109210968;-0.9824442863464355;[];
43.25;MPIB2;20.621747085075867;42.30000001192093;0.0033984421752393246;-0.4632597863674164;-0.886171281337738;[];
43.25;MPIB1;59.47821508049947;24.321797182617246;0.011694584041833878;-0.5313476920127869;-0.8470221161842346;[];
43.3;MPIB4;16.69999998807907;32.49046262340454;0.8750033974647522;-0.48403051495552063;-0.0015100197633728385;[];
43.3;MPIB3;47.67128032156211;25.108699964440973;-0.06584340333938599;-0.1744559109210968;-0.9824442863464355;[];
43.3;MPIB2;20.621747085075867;42.30000001192093;0.0033984421752393246;-0.4632597863674164;-0.886171281337738;[];
43.3;MPIB1;59.47821508049947;24.321797182617246;0.011694584041833878;-0.5313476920127869;-0.8470221161842346;[];
43.35;MPIB4;16.69999998807907;32.49046262340454;0.8750033974647522;-0.48403051495552063;-0.0015100197633728385;[];
43.35;MPIB3;47.67128032156211;25.108699964440973;-0.06584340333938599;-0.1744559109210968;-0.9824442863464355;[];
43.35;MPIB2;20.621747085075867;42.30000001192093;0.0033984421752393246;-0.4632597863674164;-0.886171281337738;[];
43.35;MPIB1;59.47821508049947;24.321797182617246;0.01163654588162899;-0.5379912257194519;-0.8428184986114502;[];
43.4;MPIB4;16.69999998807907;32.49046262340454;0.8750033974647522;-0.48403051495552063;-0.0015100197633728385;[];
43.4;MPIB3;47.67128032156211;25.108699964440973;-0.06584340333938599;-0.1744559109210968;-0.9824442863464355;[];
43.4;MPIB2;20.621747085075867;42.30000001192093;0.0033984421752393246;-0.4632597863674164;-0.886171281337738;[];
43.4;MPIB1;59.47821508049947;24.321797182617246;0.01159721426665783;-0.5424286723136902;-0.8399698138237;[];
43.45;MPIB4;16.69999998807907;32.49046262340454;0.8750033974647522;-0.48403051495552063;-0.0015100197633728385;[];
43.45;MPIB3;47.67128032156211;25.108699964440973;-0.06584340333938599;-0.1744559109210968;-0.9824442863464355;[];
43.45;MPIB2;20.621747085075867;42.30000001192093;0.0033984421752393246;-0.4632597863674164;-0.886171281337738;[];
43.45;MPIB1;59.47821508049947;24.321797182617246;0.01159721426665783;-0.5424286723136902;-0.8399698138237;[];
43.5;MPIB4;16.69999998807907;32.49046262340454;0.8750033974647522;-0.48403051495552063;-0.0015100197633728385;[];
43.5;MPIB3;47.67128032156211;25.108699964440973;-0.06584340333938599;-0.1744559109210968;-0.9824442863464355;[];
43.5;MPIB2;20.621747085075867;42.30000001192093;0.0033984421752393246;-0.4632597863674164;-0.886171281337738;[];
43.5;MPIB1;59.47821508049947;24.321797182617246;0.01159721426665783;-0.5424286723136902;-0.8399698138237;[];
43.55;MPIB4;16.69999998807907;32.49046262340454;0.8750033974647522;-0.48403051495552063;-0.0015100197633728385;[];
43.55;MPIB3;47.67128032156211;25.108699964440973;-0.06584340333938599;-0.1744559109210968;-0.9824442863464355;[];
43.55;MPIB2;20.621747085075867;42.30000001192093;0.0033984421752393246;-0.4632597863674164;-0.886171281337738;[];
43.55;MPIB1;59.47821508049947;24.321797182617246;0.01159721426665783;-0.5424286723136902;-0.8399698138237;[];
43.6;MPIB4;16.69999998807907;32.49046262340454;0.8750033974647522;-0.48403051495552063;-0.0015100197633728385;[];
43.6;MPIB3;47.67128032156211;25.108699964440973;-0.06584340333938599;-0.1744559109210968;-0.9824442863464355;[];
43.6;MPIB2;20.621747085075867;42.30000001192093;0.0033984421752393246;-0.4632597863674164;-0.886171281337738;[];
43.6;MPIB1;59.47821508049947;24.321797182617246;0.01159721426665783;-0.5424286723136902;-0.8399698138237;[];
43.65;MPIB4;16.69999998807907;32.49046262340454;0.8750033974647522;-0.48403051495552063;-0.0015100197633728385;[];
43.65;MPIB3;47.67128032156211;25.108699964440973;-0.06584340333938599;-0.1744559109210968;-0.9824442863464355;[];
43.65;MPIB2;20.621747085075867;42.30000001192093;0.0033984421752393246;-0.4632597863674164;-0.886171281337738;[];
43.65;MPIB1;59.47821508049947;24.321797182617246;0.01159721426665783;-0.5424286723136902;-0.8399698138237;[];
43.7;MPIB4;16.69999998807907;32.49046262340454;0.8750033974647522;-0.48403051495552063;-0.0015100197633728385;[];
43.7;MPIB3;47.67128032156211;25.108699964440973;-0.06584340333938599;-0.1744559109210968;-0.9824442863464355;[];
43.7;MPIB2;20.621747085075867;42.30000001192093;0.0033984421752393246;-0.4632597863674164;-0.886171281337738;[];
43.7;MPIB1;59.47821508049947;24.321797182617246;0.01159721426665783;-0.5424286723136902;-0.8399698138237;[];
43.75;MPIB4;16.69999998807907;32.49046262340454;0.8750033974647522;-0.48403051495552063;-0.0015100197633728385;[];
43.75;MPIB3;47.67128032156211;25.108699964440973;-0.07874146848917007;-0.1744559109210968;-0.9814947247505188;[];
43.75;MPIB2;20.621747085075867;42.30000001192093;0.0033984421752393246;-0.4632597863674164;-0.886171281337738;[];
43.75;MPIB1;59.47821508049947;24.321797182617246;0.01159721426665783;-0.5424286723136902;-0.8399698138237;[];
43.8;MPIB4;16.69999998807907;32.49046262340454;0.8750033974647522;-0.48403051495552063;-0.0015100197633728385;[];
43.8;MPIB3;47.67128032156211;25.108699964440973;-0.12961018085479736;-0.18991589546203613;-0.9731892943382263;[];
43.8;MPIB2;20.621747085075867;42.30000001192093;0.0033984421752393246;-0.4632597863674164;-0.886171281337738;[];
43.8;MPIB1;59.47821508049947;24.321797182617246;0.01159721426665783;-0.5424286723136902;-0.8399698138237;[];
43.85;MPIB4;16.69999998807907;32.49046262340454;0.8750033974647522;-0.48403051495552063;-0.0015100197633728385;[];
43.85;MPIB3;47.65101098538321;25.012819038785608;-0.2012377232313156;-0.2308715432882309;-0.951923668384552;[];
43.85;MPIB2;20.621747085075867;42.30000001192093;0.0033984421752393246;-0.4632597863674164;-0.886171281337738;[];
43.85;MPIB1;59.47821508049947;24.321797182617246;0.01159721426665783;-0.5424286723136902;-0.8399698138237;[];
43.9;MPIB4;16.69999998807907;32.49046262340454;0.8750033974647522;-0.48403051495552063;-0.0015100197633728385;[];
43.9;MPIB3;47.60733597999922;24.868052036500046;-0.3209351897239685;-0.26384714245796204;-0.909580409526825;[];
43.9;MPIB2;20.621747085075867;42.30000001192093;0.0033984421752393246;-0.4632597863674164;-0.886171281337738;[];
43.9;MPIB1;59.47821508049947;24.321797182617246;0.01159721426665783;-0.5424286723136902;-0.8399698138237;[];
43.95;MPIB4;16.69999998807907;32.49046262340454;0.8750033974647522;-0.48403051495552063;-0.0015100197633728385;[];
43.95;MPIB3;47.54847406476881;24.697478250490292;-0.34413662552833557;-0.2688373327255249;-0.8995814323425293;[];
43.95;MPIB2;20.621747085075867;42.30000001192093;0.0033984421752393246;-0.4632597863674164;-0.886171281337738;[];
43.95;MPIB1;59.499100932956026;24.30000001192093;0.01159721426665783;-0.5424286723136902;-0.8399698138237;[];
44.0;MPIB4;16.69999998807907;32.49046262340454;0.8750033974647522;-0.48403051495552063;-0.0015100197633728385;[];
44.0;MPIB3;47.474477534732955;24.51573393832396;-0.4113864600658417;-0.2688373327255249;-0.8708834052085876;[];
44.0;MPIB2;20.621747085075867;42.30000001192093;0.0033984421752393246;-0.4632597863674164;-0.886171281337738;[];
44.0;MPIB1;59.499100932956026;24.30000001192093;0.01159721426665783;-0.5424286723136902;-0.8399698138237;[];
44.05;MPIB4;16.79799982905388;32.48758756161152;0.8750033974647522;-0.48403051495552063;-0.0015100197633728385;[];
44.05;MPIB3;47.3874069286577;24.330327007034498;-0.45866554975509644;-0.2688373327255249;-0.8469372391700745;[];
44.05;MPIB2;20.621747085075867;42.30000001192093;0.0033984421752393246;-0.4632597863674164;-0.886171281337738;[];
44.05;MPIB1;59.499100932956026;24.30000001192093;0.01159721426665783;-0.5424286723136902;-0.8399698138237;[];
44.1;MPIB4;16.949507589416015;32.48741844032958;0.8750033974647522;-0.48403051495552063;-0.0015100197633728385;[];
44.1;MPIB3;47.29275236131832;24.143163047739137;-0.463044136762619;-0.2688373327255249;-0.8445513248443604;[];
44.1;MPIB2;20.621747085075867;42.30000001192093;0.0033984421752393246;-0.4632597863674164;-0.886171281337738;[];
44.1;MPIB1;59.499100932956026;24.30000001192093;0.01159721426665783;-0.5424286723136902;-0.8399698138237;[];
44.15;MPIB4;17.130230677157073;32.487249319047635;0.8750033974647522;-0.48403051495552063;-0.0015100197633728385;[];
44.15;MPIB3;47.19372644086002;23.95516653012055;-0.46530964970588684;-0.2688373327255249;-0.8433052897453308;[];
44.15;MPIB2;20.629836702378043;41.46771563623133;0.0033984421752393246;-0.4632597863674164;-0.886171281337738;[];
44.15;MPIB1;59.499100932956026;24.30000001192093;0.01159721426665783;-0.5424286723136902;-0.8399698138237;[];
44.2;MPIB4;17.326905335499838;32.48708019776569;0.8750033974647522;-0.48403051495552063;-0.0015100197633728385;[];
44.2;MPIB3;47.092313761321634;23.76671543560468;-0.46530964970588684;-0.2688373327255249;-0.8433052897453308;[];
44.2;MPIB2;20.630221922249575;41.25757730984827;0.0033984421752393246;-0.4632597863674164;-0.886171281337738;[];
44.2;MPIB1;59.499100932956026;24.30000001192093;0.01159721426665783;-0.5424286723136902;-0.8399698138237;[];
44.25;MPIB4;17.532289552402773;32.48691107648375;0.8750033974647522;-0.48403051495552063;-0.0015100197633728385;[];
44.25;MPIB3;46.98959791117409;23.578016142074063;-0.46530964970588684;-0.2688373327255249;-0.8433052897453308;[];
44.25;MPIB2;20.630607142121107;41.044842540289096;0.0033984421752393246;-0.4632597863674164;-0.886171281337738;[];
44.25;MPIB1;59.499100932956026;24.30000001192093;0.01159721426665783;-0.5424286723136902;-0.8399698138237;[];
44.3;MPIB4;17.742429188831913;32.48674195520181;0.8750033974647522;-0.48403051495552063;-0.0015100197633728385;[];
44.3;MPIB3;46.88617052979134;23.38918133186567;-0.46530964970588684;-0.2688373327255249;-0.8433052897453308;[];
44.3;MPIB2;20.63099236199264;40.8306901125911;0.0033984421752393246;-0.4632597863674164;-0.886171281337738;[];
44.3;MPIB1;59.499100932956026;24.30000001192093;0.01159721426665783;-0.5424286723136902;-0.8399698138237;[];
44.35;MPIB4;17.95516528462395;32.486572833919865;0.8750033974647522;-0.48403051495552063;-0.0015100197633728385;[];
44.35;MPIB3;46.82969917299704;23.28607751351609;-0.46530964970588684;-0.2688373327255249;-0.8433052897453308;[];
44.35;MPIB2;20.63137758186417;40.61576364345939;0.0033984421752393246;-0.4632597863674164;-0.886171281337738;[];
44.35;MPIB1;59.499100932956026;24.30000001192093;0.01159721426665783;-0.5424286723136902;-0.8399698138237;[];
44.4;MPIB4;18.16931904739279;32.48640371263792;0.8750033974647522;-0.48403051495552063;-0.0015100197633728385;[];
44.4;MPIB3;46.798865808606024;23.229782822158455;-0.4937366843223572;-0.2688373327255249;-0.8269829750061035;[];
44.4;MPIB2;20.631762801735704;40.40041454765577;0.0033984421752393246;-0.4632597863674164;-0.886171281337738;[];
44.4;MPIB1;59.499100932956026;24.30000001192093;0.01159721426665783;-0.5424286723136902;-0.8399698138237;[];
44.45;MPIB4;18.16931904739279;32.48640371263792;0.8750033974647522;-0.48403051495552063;-0.0015100197633728385;[];
44.45;MPIB3;46.78203078969307;23.199045917107014;-0.531313955783844;-0.2739124894142151;-0.8016400933265686;[];
44.45;MPIB2;20.631762801735704;40.40041454765577;0.0033984421752393246;-0.4632597863674164;-0.886171281337738;[];
44.45;MPIB1;59.499100932956026;24.30000001192093;0.01159721426665783;-0.5424286723136902;-0.8399698138237;[];
44.5;MPIB4;18.384246856420877;32.48623459135598;0.8750033974647522;-0.48403051495552063;-0.0015100197633728385;[];
44.5;MPIB3;46.78203078969307;23.199045917107014;-0.5434492826461792;-0.276401162147522;-0.7925996780395508;[];
44.5;MPIB2;20.632533241478768;39.96912885586704;0.0033984421752393246;-0.4632597863674164;-0.886171281337738;[];
44.5;MPIB1;59.499100932956026;24.30000001192093;0.01159721426665783;-0.5424286723136902;-0.8399698138237;[];
44.55;MPIB4;18.5995972947556;32.48606547007404;0.8750033974647522;-0.48403051495552063;-0.0015100197633728385;[];
44.55;MPIB3;46.78203078969307;23.199045917107014;-0.5529648065567017;-0.28146493434906006;-0.7841911315917969;[];
44.55;MPIB2;20.6329184613503;39.7533542225396;0.0033984421752393246;-0.4632597863674164;-0.886171281337738;[];
44.55;MPIB1;59.499100932956026;24.30000001192093;0.01159721426665783;-0.5424286723136902;-0.8399698138237;[];
44.6;MPIB4;19.030885675269147;32.485727227510154;0.8750033974647522;-0.48403051495552063;-0.0015100197633728385;[];
44.6;MPIB3;46.76782007863471;23.168097310841546;-0.5529648065567017;-0.28146493434906006;-0.7841911315917969;[];
44.6;MPIB2;20.633303681221832;39.53754202903133;0.0033984421752393246;-0.4632597863674164;-0.886171281337738;[];
44.6;MPIB1;59.499100932956026;24.30000001192093;0.01159721426665783;-0.5424286723136902;-0.8399698138237;[];
44.65;MPIB4;19.030885675269147;32.485727227510154;0.8750033974647522;-0.48403051495552063;-0.0015100197633728385;[];
44.65;MPIB3;46.76782007863471;23.168097310841546;-0.5529648065567017;-0.28146493434906006;-0.7841911315917969;[];
44.65;MPIB2;20.633688901093365;39.32170932766195;0.0033984421752393246;-0.4632597863674164;-0.886171281337738;[];
44.65;MPIB1;59.499100932956026;24.30000001192093;0.01159721426665783;-0.5424286723136902;-0.8399698138237;[];
44.7;MPIB4;19.24666165378059;32.48555810622821;0.8750033974647522;-0.48403051495552063;-0.0015100197633728385;[];
44.7;MPIB3;46.76782007863471;23.168097310841546;-0.5529648065567017;-0.28146493434906006;-0.7841911315917969;[];
44.7;MPIB2;20.633688901093365;39.32170932766195;0.0033984421752393246;-0.4632597863674164;-0.886171281337738;[];
44.7;MPIB1;59.499100932956026;24.30000001192093;0.01159721426665783;-0.5424286723136902;-0.8399698138237;[];
44.75;MPIB4;19.678309239622404;32.48521986366433;0.8750033974647522;-0.48403051495552063;-0.0015100197633728385;[];
44.75;MPIB3;46.76782007863471;23.168097310841546;-0.5529648065567017;-0.28146493434906006;-0.7841911315917969;[];
44.75;MPIB2;20.633688901093365;39.32170932766195;0.0033984421752393246;-0.4632597863674164;-0.886171281337738;[];
44.75;MPIB1;59.499100932956026;24.30000001192093;0.01159721426665783;-0.5424286723136902;-0.8399698138237;[];
44.8;MPIB4;19.678309239622404;32.48521986366433;0.8750033974647522;-0.48403051495552063;-0.0015100197633728385;[];
44.8;MPIB3;46.76782007863471;23.168097310841546;-0.5529648065567017;-0.28146493434906006;-0.7841911315917969;[];
44.8;MPIB2;20.633688901093365;39.32170932766195;0.0033984421752393246;-0.4632597863674164;-0.886171281337738;[];
44.8;MPIB1;59.499100932956026;24.30000001192093;0.01159721426665783;-0.5424286723136902;-0.8399698138237;[];
44.85;MPIB4;19.678309239622404;32.48521986366433;0.8750033974647522;-0.48403051495552063;-0.0015100197633728385;[];
44.85;MPIB3;46.76782007863471;23.168097310841546;-0.5529648065567017;-0.28146493434906006;-0.7841911315917969;[];
44.85;MPIB2;20.633688901093365;39.32170932766195;0.0033984421752393246;-0.4632597863674164;-0.886171281337738;[];
44.85;MPIB1;59.499100932956026;24.30000001192093;0.01159721426665783;-0.5424286723136902;-0.8399698138237;[];
44.9;MPIB4;19.678309239622404;32.48521986366433;0.8750033974647522;-0.48403051495552063;-0.0015100197633728385;[];
44.9;MPIB3;46.76782007863471;23.168097310841546;-0.5529648065567017;-0.28146493434906006;-0.7841911315917969;[];
44.9;MPIB2;20.633688901093365;39.32170932766195;0.0033984421752393246;-0.4632597863674164;-0.886171281337738;[];
44.9;MPIB1;59.52615949056326;24.30000001192093;0.01159721426665783;-0.5424286723136902;-0.8399698138237;[];
44.95;MPIB4;19.678309239622404;32.48521986366433;0.8750033974647522;-0.48403051495552063;-0.0015100197633728385;[];
44.95;MPIB3;46.76782007863471;23.168097310841546;-0.5529648065567017;-0.28146493434906006;-0.7841911315917969;[];
44.95;MPIB2;20.633688901093365;39.32170932766195;0.0033984421752393246;-0.4632597863674164;-0.886171281337738;[];
44.95;MPIB1;59.52751241844362;24.202009364962578;0.01159721426665783;-0.5424286723136902;-0.8399698138237;[];
45.0;MPIB4;19.678309239622404;32.48521986366433;0.8750033974647522;-0.48403051495552063;-0.0015100197633728385;[];
45.0;MPIB3;46.76782007863471;23.168097310841546;-0.5529648065567017;-0.28146493434906006;-0.7841911315917969;[];
45.0;MPIB2;20.633688901093365;39.32170932766195;0.0033984421752393246;-0.4632597863674164;-0.886171281337738;[];
45.0;MPIB1;59.52886534632398;24.05051581855045;0.01159721426665783;-0.5424286723136902;-0.8399698138237;[];
45.05;MPIB4;19.678309239622404;32.48521986366433;0.8750033974647522;-0.48403051495552063;-0.0015100197633728385;[];
45.05;MPIB3;46.76782007863471;23.168097310841546;-0.5529648065567017;-0.28146493434906006;-0.7841911315917969;[];
45.05;MPIB2;20.633688901093365;39.32170932766195;0.0033984421752393246;-0.4632597863674164;-0.886171281337738;[];
45.05;MPIB1;59.530218274204344;23.869809685643474;0.01159721426665783;-0.5424286723136902;-0.8399698138237;[];
45.1;MPIB4;19.678309239622404;32.48521986366433;0.8750033974647522;-0.48403051495552063;-0.0015100197633728385;[];
45.1;MPIB3;46.76782007863471;23.168097310841546;-0.5529648065567017;-0.28146493434906006;-0.7841911315917969;[];
45.1;MPIB2;20.633688901093365;39.32170932766195;0.0033984421752393246;-0.4632597863674164;-0.886171281337738;[];
45.1;MPIB1;59.531571202084706;23.67315347865764;0.01159721426665783;-0.5424286723136902;-0.8399698138237;[];
45.15;MPIB4;19.678309239622404;32.48521986366433;0.8750033974647522;-0.48403051495552063;-0.0015100197633728385;[];
45.15;MPIB3;46.76782007863471;23.168097310841546;-0.5529648065567017;-0.28146493434906006;-0.7841911315917969;[];
45.15;MPIB2;20.633688901093365;39.32170932766195;0.0033984421752393246;-0.4632597863674164;-0.886171281337738;[];
45.15;MPIB1;59.53292412996507;23.467788530213227;0.01159721426665783;-0.5424286723136902;-0.8399698138237;[];
45.2;MPIB4;19.678309239622404;32.48521986366433;0.8750033974647522;-0.48403051495552063;-0.0015100197633728385;[];
45.2;MPIB3;46.76782007863471;23.168097310841546;-0.5529648065567017;-0.28146493434906006;-0.7841911315917969;[];
45.2;MPIB2;20.633688901093365;39.32170932766195;0.0033984421752393246;-0.4632597863674164;-0.886171281337738;[];
45.2;MPIB1;59.53427705784543;23.2576686083801;0.01159721426665783;-0.5424286723136902;-0.8399698138237;[];
45.25;MPIB4;19.678309239622404;32.48521986366433;0.8750033974647522;-0.48403051495552063;-0.0015100197633728385;[];
45.25;MPIB3;46.76782007863471;23.168097310841546;-0.5529648065567017;-0.28146493434906006;-0.7841911315917969;[];
45.25;MPIB2;20.633688901093365;39.32170932766195;0.0033984421752393246;-0.4632597863674164;-0.886171281337738;[];
45.25;MPIB1;59.53562998572579;23.0449524707752;0.01159721426665783;-0.5424286723136902;-0.8399698138237;[];
45.3;MPIB4;19.678309239622404;32.48521986366433;0.8750033974647522;-0.48403051495552063;-0.0015100197633728385;[];
45.3;MPIB3;46.76782007863471;23.168097310841546;-0.5529648065567017;-0.28146493434906006;-0.7841911315917969;[];
45.3;MPIB2;20.633688901093365;39.32170932766195;0.0033984421752393246;-0.4632597863674164;-0.886171281337738;[];
45.3;MPIB1;59.53698291360615;22.830818799194248;0.01159721426665783;-0.5424286723136902;-0.8399698138237;[];
45.35;MPIB4;19.678309239622404;32.48521986366433;0.8750033974647522;-0.48403051495552063;-0.0015100197633728385;[];
45.35;MPIB3;46.76782007863471;23.168097310841546;-0.5529648065567017;-0.28146493434906006;-0.7841911315917969;[];
45.35;MPIB2;20.633688901093365;39.32170932766195;0.0033984421752393246;-0.4632597863674164;-0.886171281337738;[];
45.35;MPIB1;59.538335841486514;22.61591115397249;0.01159721426665783;-0.5424286723136902;-0.8399698138237;[];
45.4;MPIB4;19.678309239622404;32.48521986366433;0.8750033974647522;-0.48403051495552063;-0.0015100197633728385;[];
45.4;MPIB3;46.76782007863471;23.168097310841546;-0.5529648065567017;-0.28146493434906006;-0.7841911315917969;[];
45.4;MPIB2;20.633688901093365;39.32170932766195;0.0033984421752393246;-0.4632597863674164;-0.886171281337738;[];
45.4;MPIB1;59.539688769366876;22.400580919093755;0.01159721426665783;-0.5424286723136902;-0.8399698138237;[];
45.45;MPIB4;19.678309239622404;32.48521986366433;0.8750033974647522;-0.48403051495552063;-0.0015100197633728385;[];
45.45;MPIB3;46.76782007863471;23.168097310841546;-0.5529648065567017;-0.28146493434906006;-0.7841911315917969;[];
45.45;MPIB2;20.633688901093365;39.32170932766195;0.0033984421752393246;-0.4632597863674164;-0.886171281337738;[];
45.45;MPIB1;59.54104169724724;22.1850199502355;0.01159721426665783;-0.5424286723136902;-0.8399698138237;[];
45.5;MPIB4;19.678309239622404;32.48521986366433;0.8750033974647522;-0.48403051495552063;-0.0015100197633728385;[];
45.5;MPIB3;46.76782007863471;23.168097310841546;-0.5529648065567017;-0.28146493434906006;-0.7841911315917969;[];
45.5;MPIB2;20.633688901093365;39.32170932766195;0.0033984421752393246;-0.4632597863674164;-0.886171281337738;[];
45.5;MPIB1;59.5423946251276;21.969333000609822;0.01159721426665783;-0.5424286723136902;-0.8399698138237;[];
45.55;MPIB4;19.678309239622404;32.48521986366433;0.8750033974647522;-0.48403051495552063;-0.0015100197633728385;[];
45.55;MPIB3;46.76782007863471;23.168097310841546;-0.5529648065567017;-0.28146493434906006;-0.7841911315917969;[];
45.55;MPIB2;20.633688901093365;39.32170932766195;0.0033984421752393246;-0.4632597863674164;-0.886171281337738;[];
45.55;MPIB1;59.54374755300796;21.753577265477134;0.01159721426665783;-0.5424286723136902;-0.8399698138237;[];
45.6;MPIB4;19.678309239622404;32.48521986366433;0.8750033974647522;-0.48403051495552063;-0.0015100197633728385;[];
45.6;MPIB3;46.76782007863471;23.168097310841546;-0.5529648065567017;-0.28146493434906006;-0.7841911315917969;[];
45.6;MPIB2;20.633688901093365;39.32170932766195;0.0033984421752393246;-0.4632597863674164;-0.886171281337738;[];
45.6;MPIB1;59.54510048088832;21.53778397345323;0.01159721426665783;-0.5424286723136902;-0.8399698138237;[];
45.65;MPIB4;19.678309239622404;32.48521986366433;0.8750033974647522;-0.48403051495552063;-0.0015100197633728385;[];
45.65;MPIB3;46.76782007863471;23.168097310841546;-0.5529648065567017;-0.28146493434906006;-0.7841911315917969;[];
45.65;MPIB2;20.641393298524008;39.30000001192093;0.0033984421752393246;-0.4632597863674164;-0.886171281337738;[];
45.65;MPIB1;59.546453408768684;21.321970175364356;0.01159721426665783;-0.5424286723136902;-0.8399698138237;[];
45.7;MPIB4;19.678309239622404;32.48521986366433;0.8750033974647522;-0.48403051495552063;-0.0015100197633728385;[];
45.7;MPIB3;46.76782007863471;23.168097310841546;-0.5529648065567017;-0.28146493434906006;-0.7841911315917969;[];
45.7;MPIB2;20.641393298524008;39.30000001192093;0.0033984421752393246;-0.4632597863674164;-0.886171281337738;[];
45.7;MPIB1;59.546453408768684;21.321970175364356;0.01159721426665783;-0.5424286723136902;-0.8399698138237;[];
45.75;MPIB4;19.678309239622404;32.48521986366433;0.8750033974647522;-0.48403051495552063;-0.0015100197633728385;[];
45.75;MPIB3;46.76782007863471;23.168097310841546;-0.5529648065567017;-0.28146493434906006;-0.7841911315917969;[];
45.75;MPIB2;20.641393298524008;39.30000001192093;0.0033984421752393246;-0.4632597863674164;-0.886171281337738;[];
45.75;MPIB1;59.546453408768684;21.321970175364356;0.01159721426665783;-0.5424286723136902;-0.8399698138237;[];
45.8;MPIB4;19.69999998807907;32.48183743802548;0.8750033974647522;-0.48403051495552063;-0.0015100197633728385;[];
45.8;MPIB3;46.76782007863471;23.168097310841546;-0.5529648065567017;-0.28146493434906006;-0.7841911315917969;[];
45.8;MPIB2;20.641393298524008;39.30000001192093;0.0033984421752393246;-0.4632597863674164;-0.886171281337738;[];
45.8;MPIB1;59.546453408768684;21.321970175364356;0.01159721426665783;-0.5424286723136902;-0.8399698138237;[];
45.85;MPIB4;19.69999998807907;32.48183743802548;0.8750033974647522;-0.48403051495552063;-0.0015100197633728385;[];
45.85;MPIB3;46.76782007863471;23.168097310841546;-0.5529648065567017;-0.28146493434906006;-0.7841911315917969;[];
45.85;MPIB2;20.641393298524008;39.30000001192093;0.0033984421752393246;-0.4632597863674164;-0.886171281337738;[];
45.85;MPIB1;59.546453408768684;21.321970175364356;0.01159721426665783;-0.5424286723136902;-0.8399698138237;[];
45.9;MPIB4;19.69999998807907;32.48183743802548;0.8750033974647522;-0.48403051495552063;-0.0015100197633728385;[];
45.9;MPIB3;46.76782007863471;23.168097310841546;-0.5529648065567017;-0.28146493434906006;-0.7841911315917969;[];
45.9;MPIB2;20.641393298524008;39.30000001192093;0.0033984421752393246;-0.4632597863674164;-0.886171281337738;[];
45.9;MPIB1;59.546453408768684;21.321970175364356;0.01159721426665783;-0.5424286723136902;-0.8399698138237;[];
45.95;MPIB4;19.69999998807907;32.48183743802548;0.8750033974647522;-0.48403051495552063;-0.0015100197633728385;[];
45.95;MPIB3;46.76782007863471;23.168097310841546;-0.5529648065567017;-0.28146493434906006;-0.7841911315917969;[];
45.95;MPIB2;20.641393298524008;39.30000001192093;0.0033984421752393246;-0.4632597863674164;-0.886171281337738;[];
45.95;MPIB1;59.546453408768684;21.321970175364356;0.01159721426665783;-0.5424286723136902;-0.8399698138237;[];
46.0;MPIB4;19.69999998807907;32.48183743802548;0.8750033974647522;-0.48403051495552063;-0.0015100197633728385;[];
46.0;MPIB3;46.76782007863471;23.168097310841546;-0.5529648065567017;-0.28146493434906006;-0.7841911315917969;[];
46.0;MPIB2;20.641393298524008;39.30000001192093;0.0033984421752393246;-0.4632597863674164;-0.886171281337738;[];
46.0;MPIB1;59.546453408768684;21.321970175364356;0.01159721426665783;-0.5424286723136902;-0.8399698138237;[];
46.05;MPIB4;19.69999998807907;32.48183743802548;0.8750033974647522;-0.48403051495552063;-0.0015100197633728385;[];
46.05;MPIB3;46.76782007863471;23.168097310841546;-0.5529648065567017;-0.28146493434906006;-0.7841911315917969;[];
46.05;MPIB2;20.641393298524008;39.30000001192093;0.0033984421752393246;-0.4632597863674164;-0.886171281337738;[];
46.05;MPIB1;59.546453408768684;21.321970175364356;0.01159721426665783;-0.5424286723136902;-0.8399698138237;[];
46.1;MPIB4;19.69999998807907;32.48183743802548;0.8750033974647522;-0.48403051495552063;-0.0015100197633728385;[];
46.1;MPIB3;46.76782007863471;23.168097310841546;-0.5529648065567017;-0.28146493434906006;-0.7841911315917969;[];
46.1;MPIB2;20.641393298524008;39.30000001192093;0.0033984421752393246;-0.4632597863674164;-0.886171281337738;[];
46.1;MPIB1;59.546453408768684;21.321970175364356;0.01159721426665783;-0.5424286723136902;-0.8399698138237;[];
46.15;MPIB4;19.69999998807907;32.48183743802548;0.8750033974647522;-0.48403051495552063;-0.0015100197633728385;[];
46.15;MPIB3;46.76782007863471;23.168097310841546;-0.5529648065567017;-0.28146493434906006;-0.7841911315917969;[];
46.15;MPIB2;20.641393298524008;39.30000001192093;0.0033984421752393246;-0.4632597863674164;-0.886171281337738;[];
46.15;MPIB1;59.546453408768684;21.321970175364356;0.01159721426665783;-0.5424286723136902;-0.8399698138237;[];
46.2;MPIB4;19.69999998807907;32.48183743802548;0.8750033974647522;-0.48403051495552063;-0.0015100197633728385;[];
46.2;MPIB3;46.76782007863471;23.168097310841546;-0.5529648065567017;-0.28146493434906006;-0.7841911315917969;[];
46.2;MPIB2;20.641393298524008;39.30000001192093;0.0033984421752393246;-0.4632597863674164;-0.886171281337738;[];
46.2;MPIB1;59.546453408768684;21.321970175364356;0.01159721426665783;-0.5424286723136902;-0.8399698138237;[];
46.25;MPIB4;19.69999998807907;32.48183743802548;0.8750033974647522;-0.48403051495552063;-0.0015100197633728385;[];
46.25;MPIB3;46.76782007863471;23.168097310841546;-0.5529648065567017;-0.28146493434906006;-0.7841911315917969;[];
46.25;MPIB2;20.641393298524008;39.30000001192093;0.0033984421752393246;-0.4632597863674164;-0.886171281337738;[];
46.25;MPIB1;59.546453408768684;21.321970175364356;0.01159721426665783;-0.5424286723136902;-0.8399698138237;[];
46.3;MPIB4;19.69999998807907;32.48183743802548;0.8750033974647522;-0.48403051495552063;-0.0015100197633728385;[];
46.3;MPIB3;46.76782007863471;23.168097310841546;-0.5545694828033447;-0.2839479446411133;-0.7821598649024963;[];
46.3;MPIB2;20.641393298524008;39.30000001192093;0.0033984421752393246;-0.4632597863674164;-0.886171281337738;[];
46.3;MPIB1;59.546453408768684;21.321970175364356;0.01159721426665783;-0.5424286723136902;-0.8399698138237;[];
46.35;MPIB4;19.69999998807907;32.48183743802548;0.8750033974647522;-0.48403051495552063;-0.0015100197633728385;[];
46.35;MPIB3;46.76782007863471;23.168097310841546;-0.5545694828033447;-0.2839479446411133;-0.7821598649024963;[];
46.35;MPIB2;20.641393298524008;39.30000001192093;0.0033984421752393246;-0.4632597863674164;-0.886171281337738;[];
46.35;MPIB1;59.546453408768684;21.321970175364356;0.01159721426665783;-0.5424286723136902;-0.8399698138237;[];
46.4;MPIB4;19.69999998807907;32.48183743802548;0.8750033974647522;-0.48403051495552063;-0.0015100197633728385;[];
46.4;MPIB3;46.76782007863471;23.168097310841546;-0.5561476349830627;-0.2865208685398102;-0.7800979614257812;[];
46.4;MPIB2;20.641393298524008;39.30000001192093;0.0033984421752393246;-0.4632597863674164;-0.886171281337738;[];
46.4;MPIB1;59.546453408768684;21.321970175364356;0.01159721426665783;-0.5424286723136902;-0.8399698138237;[];
46.45;MPIB4;19.69999998807907;32.48183743802548;0.8750033974647522;-0.48403051495552063;-0.0015100197633728385;[];
46.45;MPIB3;46.76782007863471;23.168097310841546;-0.5561476349830627;-0.2865208685398102;-0.7800979614257812;[];
46.45;MPIB2;20.641393298524008;39.30000001192093;0.0033984421752393246;-0.4632597863674164;-0.886171281337738;[];
46.45;MPIB1;59.56810025485447;21.30000001192093;0.01159721426665783;-0.5424286723136902;-0.8399698138237;[];
46.5;MPIB4;19.69999998807907;32.48183743802548;0.8750033974647522;-0.48403051495552063;-0.0015100197633728385;[];
46.5;MPIB3;46.76782007863471;23.168097310841546;-0.5561476349830627;-0.2865208685398102;-0.7800979614257812;[];
46.5;MPIB2;20.647942036340055;39.20200078189373;0.0033984421752393246;-0.4632597863674164;-0.886171281337738;[];
46.5;MPIB1;59.56810025485447;21.30000001192093;0.01159721426665783;-0.5424286723136902;-0.8399698138237;[];
46.55;MPIB4;19.69999998807907;32.48183743802548;0.8750033974647522;-0.48403051495552063;-0.0015100197633728385;[];
46.55;MPIB3;46.76782007863471;23.168097310841546;-0.5561476349830627;-0.2865208685398102;-0.7800979614257812;[];
46.55;MPIB2;20.648327256211587;39.05049396605662;0.0033984421752393246;-0.4632597863674164;-0.886171281337738;[];
46.55;MPIB1;59.56810025485447;21.30000001192093;0.01159721426665783;-0.5424286723136902;-0.8399698138237;[];
46.6;MPIB4;19.69999998807907;32.48183743802548;0.8750033974647522;-0.48403051495552063;-0.0015100197633728385;[];
46.6;MPIB3;46.76782007863471;23.168097310841546;-0.5561476349830627;-0.2865208685398102;-0.7800979614257812;[];
46.6;MPIB2;20.64871247608312;38.869772004973896;0.0033984421752393246;-0.4632597863674164;-0.886171281337738;[];
46.6;MPIB1;59.56810025485447;21.30000001192093;0.01159721426665783;-0.5424286723136902;-0.8399698138237;[];
46.65;MPIB4;19.949507589416015;32.47879325495052;0.8750033974647522;-0.48403051495552063;-0.0015100197633728385;[];
46.65;MPIB3;46.76782007863471;23.168097310841546;-0.5561476349830627;-0.2865208685398102;-0.7800979614257812;[];
46.65;MPIB2;20.64909769595465;38.67309857273426;0.0033984421752393246;-0.4632597863674164;-0.886171281337738;[];
46.65;MPIB1;59.56810025485447;21.30000001192093;0.01159721426665783;-0.5424286723136902;-0.8399698138237;[];
46.7;MPIB4;20.130230677157073;32.478624133668575;0.8750033974647522;-0.48403051495552063;-0.0015100197633728385;[];
46.7;MPIB3;46.76782007863471;23.168097310841546;-0.5561476349830627;-0.2865208685398102;-0.7800979614257812;[];
46.7;MPIB2;20.649482915826184;38.46771563623133;0.0033984421752393246;-0.4632597863674164;-0.886171281337738;[];
46.7;MPIB1;59.56810025485447;21.30000001192093;0.01159721426665783;-0.5424286723136902;-0.8399698138237;[];
46.75;MPIB4;20.326905335499838;32.47845501238663;0.8750033974647522;-0.48403051495552063;-0.0015100197633728385;[];
46.75;MPIB3;46.76782007863471;23.168097310841546;-0.5561476349830627;-0.2865208685398102;-0.7800979614257812;[];
46.75;MPIB2;20.649868135697716;38.25757730984827;0.0033984421752393246;-0.4632597863674164;-0.886171281337738;[];
46.75;MPIB1;59.56810025485447;21.30000001192093;0.01159721426665783;-0.5424286723136902;-0.8399698138237;[];
46.8;MPIB4;20.532289552402773;32.47828589110469;0.8750033974647522;-0.48403051495552063;-0.0015100197633728385;[];
46.8;MPIB3;46.76782007863471;23.168097310841546;-0.5561476349830627;-0.2865208685398102;-0.7800979614257812;[];
46.8;MPIB2;20.650253355569248;38.044842540289096;0.0033984421752393246;-0.4632597863674164;-0.886171281337738;[];
46.8;MPIB1;59.56810025485447;21.30000001192093;0.01159721426665783;-0.5424286723136902;-0.8399698138237;[];
46.85;MPIB4;20.742429188831913;32.47811676982275;0.8750033974647522;-0.48403051495552063;-0.0015100197633728385;[];
46.85;MPIB3;46.76782007863471;23.168097310841546;-0.5561476349830627;-0.2865208685398102;-0.7800979614257812;[];
46.85;MPIB2;20.65063857544078;37.8306901125911;0.0033984421752393246;-0.4632597863674164;-0.886171281337738;[];
46.85;MPIB1;59.56810025485447;21.30000001192093;0.01159721426665783;-0.5424286723136902;-0.8399698138237;[];
46.9;MPIB4;20.95516528462395;32.477947648540805;0.8750033974647522;-0.48403051495552063;-0.0015100197633728385;[];
46.9;MPIB3;46.76782007863471;23.168097310841546;-0.5561476349830627;-0.2865208685398102;-0.7800979614257812;[];
46.9;MPIB2;20.651023795312312;37.61576364345939;0.0033984421752393246;-0.4632597863674164;-0.886171281337738;[];
46.9;MPIB1;59.56810025485447;21.30000001192093;0.01159721426665783;-0.5424286723136902;-0.8399698138237;[];
46.95;MPIB4;21.16931904739279;32.47777852725886;0.8750033974647522;-0.48403051495552063;-0.0015100197633728385;[];
46.95;MPIB3;46.76782007863471;23.168097310841546;-0.5561476349830627;-0.2865208685398102;-0.7800979614257812;[];
46.95;MPIB2;20.651409015183845;37.40041454765577;0.0033984421752393246;-0.4632597863674164;-0.886171281337738;[];
46.95;MPIB1;59.56810025485447;21.30000001192093;0.01159721426665783;-0.5424286723136902;-0.8399698138237;[];
47.0;MPIB4;21.384246856420877;32.47760940597692;0.8750033974647522;-0.48403051495552063;-0.0015100197633728385;[];
47.0;MPIB3;46.76782007863471;23.168097310841546;-0.557731032371521;-0.2889999747276306;-0.7780501842498779;[];
47.0;MPIB2;20.651794235055377;37.184834697662495;0.0033984421752393246;-0.4632597863674164;-0.886171281337738;[];
47.0;MPIB1;59.56810025485447;21.30000001192093;0.01159721426665783;-0.5424286723136902;-0.8399698138237;[];
47.05;MPIB4;21.5995972947556;32.47744028469498;0.8750033974647522;-0.48403051495552063;-0.0015100197633728385;[];
47.05;MPIB3;46.76782007863471;23.168097310841546;-0.557731032371521;-0.2889999747276306;-0.7780501842498779;[];
47.05;MPIB2;20.65217945492691;36.96912885586704;0.0033984421752393246;-0.4632597863674164;-0.886171281337738;[];
47.05;MPIB1;59.56810025485447;21.30000001192093;0.01159721426665783;-0.5424286723136902;-0.8399698138237;[];
47.1;MPIB4;21.5995972947556;32.47744028469498;0.8750033974647522;-0.48403051495552063;-0.0015100197633728385;[];
47.1;MPIB3;46.76782007863471;23.168097310841546;-0.557731032371521;-0.2889999747276306;-0.7780501842498779;[];
47.1;MPIB2;20.65256467479844;36.7533542225396;0.0033984421752393246;-0.4632597863674164;-0.886171281337738;[];
47.1;MPIB1;59.56810025485447;21.30000001192093;0.01159721426665783;-0.5424286723136902;-0.8399698138237;[];
47.15;MPIB4;22.030885675269147;32.477102042131094;0.8750033974647522;-0.48403051495552063;-0.0015100197633728385;[];
47.15;MPIB3;46.76782007863471;23.168097310841546;-0.557731032371521;-0.2889999747276306;-0.7780501842498779;[];
47.15;MPIB2;20.652949894669973;36.53754202903133;0.0033984421752393246;-0.4632597863674164;-0.886171281337738;[];
47.15;MPIB1;59.56810025485447;21.30000001192093;0.01159721426665783;-0.5424286723136902;-0.8399698138237;[];
47.2;MPIB4;22.24666165378059;32.47693292084915;0.8750033974647522;-0.48403051495552063;-0.0015100197633728385;[];
47.2;MPIB3;46.76782007863471;23.168097310841546;-0.557731032371521;-0.2889999747276306;-0.7780501842498779;[];
47.2;MPIB2;20.653335114541505;36.32170932766195;0.0033984421752393246;-0.4632597863674164;-0.886171281337738;[];
47.2;MPIB1;59.56810025485447;21.30000001192093;0.01159721426665783;-0.5424286723136902;-0.8399698138237;[];
47.25;MPIB4;22.24666165378059;32.47693292084915;0.8750033974647522;-0.48403051495552063;-0.0015100197633728385;[];
47.25;MPIB3;46.76782007863471;23.168097310841546;-0.557731032371521;-0.2889999747276306;-0.7780501842498779;[];
47.25;MPIB2;20.653335114541505;36.32170932766195;0.0033984421752393246;-0.4632597863674164;-0.886171281337738;[];
47.25;MPIB1;59.56810025485447;21.30000001192093;0.01159721426665783;-0.5424286723136902;-0.8399698138237;[];
47.3;MPIB4;22.462475192707014;32.47676379956721;0.8750033974647522;-0.48403051495552063;-0.0015100197633728385;[];
47.3;MPIB3;46.76782007863471;23.168097310841546;-0.557731032371521;-0.2889999747276306;-0.7780501842498779;[];
47.3;MPIB2;20.653335114541505;36.32170932766195;0.0033984421752393246;-0.4632597863674164;-0.886171281337738;[];
47.3;MPIB1;59.56810025485447;21.30000001192093;0.01159721426665783;-0.5424286723136902;-0.8399698138237;[];
47.35;MPIB4;22.678309239622404;32.47659467828527;0.8711636662483215;-0.4908948540687561;-0.0037585028912872076;[];
47.35;MPIB3;46.76782007863471;23.168097310841546;-0.557731032371521;-0.2889999747276306;-0.7780501842498779;[];
47.35;MPIB2;20.653335114541505;36.32170932766195;0.0033984421752393246;-0.4632597863674164;-0.886171281337738;[];
47.35;MPIB1;59.56810025485447;21.30000001192093;0.01159721426665783;-0.5424286723136902;-0.8399698138237;[];
47.4;MPIB4;22.678309239622404;32.47659467828527;0.8711636662483215;-0.4908948540687561;-0.0037585028912872076;[];
47.4;MPIB3;46.76782007863471;23.168097310841546;-0.557731032371521;-0.2889999747276306;-0.7780501842498779;[];
47.4;MPIB2;20.653335114541505;36.32170932766195;0.0033984421752393246;-0.4632597863674164;-0.886171281337738;[];
47.4;MPIB1;59.56810025485447;21.30000001192093;0.01159721426665783;-0.5424286723136902;-0.8399698138237;[];
47.45;MPIB4;22.678309239622404;32.47659467828527;0.8711636662483215;-0.4908948540687561;-0.0037585028912872076;[];
47.45;MPIB3;46.76782007863471;23.168097310841546;-0.557731032371521;-0.2889999747276306;-0.7780501842498779;[];
47.45;MPIB2;20.653335114541505;36.32170932766195;0.0033984421752393246;-0.4632597863674164;-0.886171281337738;[];
47.45;MPIB1;59.595158812461705;21.30000001192093;0.01159721426665783;-0.5424286723136902;-0.8399698138237;[];
47.5;MPIB4;22.678309239622404;32.47659467828527;0.8711636662483215;-0.4908948540687561;-0.0037585028912872076;[];
47.5;MPIB3;46.76782007863471;23.168097310841546;-0.557731032371521;-0.2889999747276306;-0.7780501842498779;[];
47.5;MPIB2;20.653335114541505;36.32170932766195;0.0033984421752393246;-0.4632597863674164;-0.886171281337738;[];
47.5;MPIB1;59.596511740342066;21.202009364962578;0.01159721426665783;-0.5424286723136902;-0.8399698138237;[];
47.55;MPIB4;22.678309239622404;32.47659467828527;0.8711636662483215;-0.4908948540687561;-0.0037585028912872076;[];
47.55;MPIB3;46.76782007863471;23.168097310841546;-0.557731032371521;-0.2889999747276306;-0.7780501842498779;[];
47.55;MPIB2;20.653335114541505;36.32170932766195;0.0033984421752393246;-0.4632597863674164;-0.886171281337738;[];
47.55;MPIB1;59.59786466822243;21.05051581855045;0.01159721426665783;-0.5424286723136902;-0.8399698138237;[];
47.6;MPIB4;22.678309239622404;32.47659467828527;0.8711636662483215;-0.4908948540687561;-0.0037585028912872076;[];
47.6;MPIB3;46.76782007863471;23.168097310841546;-0.557731032371521;-0.2889999747276306;-0.7780501842498779;[];
47.6;MPIB2;20.653335114541505;36.32170932766195;0.0033984421752393246;-0.4632597863674164;-0.886171281337738;[];
47.6;MPIB1;59.59921759610279;20.869809685643474;0.01159721426665783;-0.5424286723136902;-0.8399698138237;[];
47.65;MPIB4;22.678309239622404;32.47659467828527;0.8711636662483215;-0.4908948540687561;-0.0037585028912872076;[];
47.65;MPIB3;46.76782007863471;23.168097310841546;-0.557731032371521;-0.2889999747276306;-0.7780501842498779;[];
47.65;MPIB2;20.653335114541505;36.32170932766195;0.0033984421752393246;-0.4632597863674164;-0.886171281337738;[];
47.65;MPIB1;59.60057052398315;20.67315347865764;0.01159721426665783;-0.5424286723136902;-0.8399698138237;[];
47.7;MPIB4;22.678309239622404;32.47659467828527;0.8711636662483215;-0.4908948540687561;-0.0037585028912872076;[];
47.7;MPIB3;46.76782007863471;23.168097310841546;-0.5433907508850098;-0.2889999747276306;-0.7881322503089905;[];
47.7;MPIB2;20.653335114541505;36.32170932766195;0.0033984421752393246;-0.4632597863674164;-0.886171281337738;[];
47.7;MPIB1;59.60192345186351;20.467788530213227;0.01159721426665783;-0.5424286723136902;-0.8399698138237;[];
47.75;MPIB4;22.678309239622404;32.47659467828527;0.8711636662483215;-0.4908948540687561;-0.0037585028912872076;[];
47.75;MPIB3;46.76782007863471;23.168097310841546;-0.47262221574783325;-0.2939523458480835;-0.8307625651359558;[];
47.75;MPIB2;20.653335114541505;36.32170932766195;0.0033984421752393246;-0.4632597863674164;-0.886171281337738;[];
47.75;MPIB1;59.603276379743875;20.2576686083801;0.01159721426665783;-0.5424286723136902;-0.8399698138237;[];
47.8;MPIB4;22.678309239622404;32.47659467828527;0.8711636662483215;-0.4908948540687561;-0.0037585028912872076;[];
47.8;MPIB3;46.76782007863471;23.168097310841546;-0.4195552170276642;-0.2939523458480835;-0.8587849140167236;[];
47.8;MPIB2;20.653335114541505;36.32170932766195;0.0033984421752393246;-0.4632597863674164;-0.886171281337738;[];
47.8;MPIB1;59.604629307624236;20.0449524707752;0.01159721426665783;-0.5424286723136902;-0.8399698138237;[];
47.85;MPIB4;22.678309239622404;32.47659467828527;0.8711636662483215;-0.4908948540687561;-0.0037585028912872076;[];
47.85;MPIB3;46.76782007863471;23.168097310841546;-0.29793259501457214;-0.28146493434906006;-0.912119448184967;[];
47.85;MPIB2;20.653335114541505;36.32170932766195;0.0033984421752393246;-0.4632597863674164;-0.886171281337738;[];
47.85;MPIB1;59.6059822355046;19.830818799194248;0.01159721426665783;-0.5424286723136902;-0.8399698138237;[];
47.9;MPIB4;22.678309239622404;32.47659467828527;0.8711636662483215;-0.4908948540687561;-0.0037585028912872076;[];
47.9;MPIB3;46.76782007863471;23.168097310841546;-0.22185684740543365;-0.2612568736076355;-0.9394019246101379;[];
47.9;MPIB2;20.653335114541505;36.32170932766195;0.0033984421752393246;-0.4632597863674164;-0.886171281337738;[];
47.9;MPIB1;59.60733516338496;19.61591115397249;0.01159721426665783;-0.5424286723136902;-0.8399698138237;[];
47.95;MPIB4;22.678309239622404;32.47659467828527;0.8711636662483215;-0.4908948540687561;-0.0037585028912872076;[];
47.95;MPIB3;46.76782007863471;23.168097310841546;-0.17510108649730682;-0.25625601410865784;-0.9505919218063354;[];
47.95;MPIB2;20.653335114541505;36.32170932766195;0.0033984421752393246;-0.4632597863674164;-0.886171281337738;[];
47.95;MPIB1;59.60868809126532;19.400580919093755;0.01159721426665783;-0.5424286723136902;-0.8399698138237;[];
48.0;MPIB4;22.678309239622404;32.47659467828527;0.8711636662483215;-0.4908948540687561;-0.0037585028912872076;[];
48.0;MPIB3;46.76782007863471;23.168097310841546;-0.17263980209827423;-0.25625601410865784;-0.9510419964790344;[];
48.0;MPIB2;20.653335114541505;36.32170932766195;0.0033984421752393246;-0.4632597863674164;-0.886171281337738;[];
48.0;MPIB1;59.61004101914568;19.1850199502355;0.01159721426665783;-0.5424286723136902;-0.8399698138237;[];
48.05;MPIB4;22.678309239622404;32.47659467828527;0.8711636662483215;-0.4908948540687561;-0.0037585028912872076;[];
48.05;MPIB3;46.76782007863471;23.168097310841546;-0.17263980209827423;-0.25625601410865784;-0.9510419964790344;[];
48.05;MPIB2;20.653335114541505;36.32170932766195;0.0033984421752393246;-0.4632597863674164;-0.886171281337738;[];
48.05;MPIB1;59.611393947026045;18.969333000609822;0.01159721426665783;-0.5424286723136902;-0.8399698138237;[];
48.1;MPIB4;22.678309239622404;32.47659467828527;0.8711636662483215;-0.4908948540687561;-0.0037585028912872076;[];
48.1;MPIB3;46.76782007863471;23.168097310841546;-0.1503715068101883;-0.2511554956436157;-0.9561708569526672;[];
48.1;MPIB2;20.653335114541505;36.32170932766195;0.0033984421752393246;-0.4632597863674164;-0.886171281337738;[];
48.1;MPIB1;59.612746874906406;18.753577265477134;0.01159721426665783;-0.5424286723136902;-0.8399698138237;[];
48.15;MPIB4;22.678309239622404;32.47659467828527;0.8698897957801819;-0.49314841628074646;-0.0037530071567744017;[];
48.15;MPIB3;46.76782007863471;23.168097310841546;-0.02681531384587288;-0.2511554956436157;-0.9675511717796326;[];
48.15;MPIB2;20.653335114541505;36.32170932766195;0.0033984421752393246;-0.4632597863674164;-0.886171281337738;[];
48.15;MPIB1;59.61409980278677;18.53778397345323;0.01159721426665783;-0.5424286723136902;-0.8399698138237;[];
48.2;MPIB4;22.678309239622404;32.47659467828527;0.8698976039886475;-0.49314841628074646;7.506036781705916E-4;[];
48.2;MPIB3;46.77202802732313;23.070187703848347;0.041445907205343246;-0.2612568736076355;-0.9643540382385254;[];
48.2;MPIB2;20.66103951197215;36.30000001192093;0.0033984421752393246;-0.4632597863674164;-0.886171281337738;[];
48.2;MPIB1;59.61545273066713;18.321970175364356;0.01159721426665783;-0.5424286723136902;-0.8399698138237;[];
48.25;MPIB4;22.678309239622404;32.47659467828527;0.8698976039886475;-0.49314841628074646;7.506036781705916E-4;[];
48.25;MPIB3;46.77777485524962;22.918897706126103;0.05660298839211464;-0.2612568736076355;-0.9635831713676453;[];
48.25;MPIB2;20.66103951197215;36.30000001192093;0.0033984421752393246;-0.4632597863674164;-0.886171281337738;[];
48.25;MPIB1;59.61545273066713;18.321970175364356;0.01159721426665783;-0.5424286723136902;-0.8399698138237;[];
48.3;MPIB4;22.69999998807907;32.471708936353764;0.8698422312736511;-0.49314841628074646;0.009841038845479488;[];
48.3;MPIB3;46.78819690916259;22.738564457163648;0.07169367372989655;-0.26384714245796204;-0.9618710875511169;[];
48.3;MPIB2;20.66103951197215;36.30000001192093;0.0033984421752393246;-0.4632597863674164;-0.886171281337738;[];
48.3;MPIB1;59.61545273066713;18.321970175364356;0.01159721426665783;-0.5424286723136902;-0.8399698138237;[];
48.35;MPIB4;22.69999998807907;32.471708936353764;0.8698422312736511;-0.49314841628074646;0.009841038845479488;[];
48.35;MPIB3;46.80245461276968;22.542477698144808;0.084321029484272;-0.26384714245796204;-0.960846483707428;[];
48.35;MPIB2;20.66103951197215;36.30000001192093;0.0033984421752393246;-0.4632597863674164;-0.886171281337738;[];
48.35;MPIB1;59.61545273066713;18.321970175364356;0.01159721426665783;-0.5424286723136902;-0.8399698138237;[];
48.4;MPIB4;22.69999998807907;32.471708936353764;0.8698422312736511;-0.49314841628074646;0.009841038845479488;[];
48.4;MPIB3;46.81880658135299;22.337789521636097;0.084321029484272;-0.26384714245796204;-0.960846483707428;[];
48.4;MPIB2;20.66103951197215;36.30000001192093;0.0033984421752393246;-0.4632597863674164;-0.886171281337738;[];
48.4;MPIB1;59.61545273066713;18.321970175364356;0.01159721426665783;-0.5424286723136902;-0.8399698138237;[];
48.45;MPIB4;22.69999998807907;32.471708936353764;0.8698422312736511;-0.49314841628074646;0.009841038845479488;[];
48.45;MPIB3;46.836302018746096;22.12840497063243;0.084321029484272;-0.26384714245796204;-0.960846483707428;[];
48.45;MPIB2;20.66103951197215;36.30000001192093;0.0033984421752393246;-0.4632597863674164;-0.886171281337738;[];
48.45;MPIB1;59.61545273066713;18.321970175364356;0.01159721426665783;-0.5424286723136902;-0.8399698138237;[];
48.5;MPIB4;22.69999998807907;32.471708936353764;0.8698422312736511;-0.49314841628074646;0.009841038845479488;[];
48.5;MPIB3;46.854421790181846;21.91645619885668;0.084321029484272;-0.26384714245796204;-0.960846483707428;[];
48.5;MPIB2;20.66103951197215;36.30000001192093;0.0033984421752393246;-0.4632597863674164;-0.886171281337738;[];
48.5;MPIB1;59.61545273066713;18.321970175364356;0.01159721426665783;-0.5424286723136902;-0.8399698138237;[];
48.55;MPIB4;22.69999998807907;32.471708936353764;0.8698422312736511;-0.49314841628074646;0.009841038845479488;[];
48.55;MPIB3;46.87288244804449;21.703107362376755;0.084321029484272;-0.26384714245796204;-0.960846483707428;[];
48.55;MPIB2;20.66103951197215;36.30000001192093;0.0033984421752393246;-0.4632597863674164;-0.886171281337738;[];
48.55;MPIB1;59.61545273066713;18.321970175364356;0.01159721426665783;-0.5424286723136902;-0.8399698138237;[];
48.6;MPIB4;22.69999998807907;32.471708936353764;0.8698422312736511;-0.49314841628074646;0.009841038845479488;[];
48.6;MPIB3;46.89229644879822;21.489064461213303;0.09187217801809311;-0.26384714245796204;-0.9601538777351379;[];
48.6;MPIB2;20.66103951197215;36.30000001192093;0.0033984421752393246;-0.4632597863674164;-0.886171281337738;[];
48.6;MPIB1;59.61545273066713;18.321970175364356;0.01159721426665783;-0.5424286723136902;-0.8399698138237;[];
48.65;MPIB4;22.69999998807907;32.471708936353764;0.8698422312736511;-0.49314841628074646;0.009841038845479488;[];
48.65;MPIB3;46.913754298187996;21.274800381633924;0.10671225190162659;-0.2688373327255249;-0.9572299718856812;[];
48.65;MPIB2;20.66103951197215;36.30000001192093;0.0033984421752393246;-0.4632597863674164;-0.886171281337738;[];
48.65;MPIB1;59.61545273066713;18.321970175364356;0.01159721426665783;-0.5424286723136902;-0.8399698138237;[];
48.7;MPIB4;22.69999998807907;32.471708936353764;0.8698422312736511;-0.49314841628074646;0.009841038845479488;[];
48.7;MPIB3;46.936841514159596;21.060474144892396;0.1117582842707634;-0.2688373327255249;-0.9566540122032166;[];
48.7;MPIB2;20.66103951197215;36.30000001192093;0.0033984421752393246;-0.4632597863674164;-0.886171281337738;[];
48.7;MPIB1;59.61545273066713;18.321970175364356;0.01159721426665783;-0.5424286723136902;-0.8399698138237;[];
48.75;MPIB4;22.69999998807907;32.471708936353764;0.8698422312736511;-0.49314841628074646;0.009841038845479488;[];
48.75;MPIB3;46.96081836438816;20.846113970336376;0.1117582842707634;-0.2688373327255249;-0.9566540122032166;[];
48.75;MPIB2;20.66103951197215;36.30000001192093;0.0033984421752393246;-0.4632597863674164;-0.886171281337738;[];
48.75;MPIB1;59.61545273066713;18.321970175364356;0.01159721426665783;-0.5424286723136902;-0.8399698138237;[];
48.8;MPIB4;22.69999998807907;32.471708936353764;0.8698422312736511;-0.49314841628074646;0.009841038845479488;[];
48.8;MPIB3;46.9852809549775;20.631735265731493;0.1117582842707634;-0.2688373327255249;-0.9566540122032166;[];
48.8;MPIB2;20.66103951197215;36.30000001192093;0.0033984421752393246;-0.4632597863674164;-0.886171281337738;[];
48.8;MPIB1;59.61545273066713;18.321970175364356;0.01159721426665783;-0.5424286723136902;-0.8399698138237;[];
48.85;MPIB4;22.69999998807907;32.471708936353764;0.8698422312736511;-0.49314841628074646;0.009841038845479488;[];
48.85;MPIB3;47.01000875983459;20.41734644371877;0.1117582842707634;-0.2688373327255249;-0.9566540122032166;[];
48.85;MPIB2;20.66103951197215;36.30000001192093;0.0033984421752393246;-0.4632597863674164;-0.886171281337738;[];
48.85;MPIB1;59.61545273066713;18.321970175364356;0.01159721426665783;-0.5424286723136902;-0.8399698138237;[];
48.9;MPIB4;22.69999998807907;32.471708936353764;0.8698422312736511;-0.49314841628074646;0.009841038845479488;[];
48.9;MPIB3;47.023510142854775;20.300290133303434;0.1117582842707634;-0.2688373327255249;-0.9566540122032166;[];
48.9;MPIB2;20.66103951197215;36.30000001192093;0.0033984421752393246;-0.4632597863674164;-0.886171281337738;[];
48.9;MPIB1;59.61545273066713;18.321970175364356;0.01159721426665783;-0.5424286723136902;-0.8399698138237;[];
48.95;MPIB4;22.69999998807907;32.471708936353764;0.8698422312736511;-0.49314841628074646;0.009841038845479488;[];
48.95;MPIB3;47.03088189884011;20.23637738039301;0.1117582842707634;-0.2688373327255249;-0.9566540122032166;[];
48.95;MPIB2;20.66103951197215;36.30000001192093;0.0033984421752393246;-0.4632597863674164;-0.886171281337738;[];
48.95;MPIB1;59.61545273066713;18.321970175364356;0.01159721426665783;-0.5424286723136902;-0.8399698138237;[];
49.0;MPIB4;22.69999998807907;32.471708936353764;0.8698422312736511;-0.49314841628074646;0.009841038845479488;[];
49.0;MPIB3;47.03490687807562;20.20148101325063;0.1117582842707634;-0.2688373327255249;-0.9566540122032166;[];
49.0;MPIB2;20.66103951197215;36.30000001192093;0.0033984421752393246;-0.4632597863674164;-0.886171281337738;[];
49.0;MPIB1;59.63709957675292;18.30000001192093;0.01159721426665783;-0.5424286723136902;-0.8399698138237;[];
49.05;MPIB4;22.69999998807907;32.471708936353764;0.8698422312736511;-0.49314841628074646;0.009841038845479488;[];
49.05;MPIB3;47.03490687807562;20.20148101325063;0.1117582842707634;-0.2688373327255249;-0.9566540122032166;[];
49.05;MPIB2;20.667588249788196;36.20200078189373;0.0033984421752393246;-0.4632597863674164;-0.886171281337738;[];
49.05;MPIB1;59.63709957675292;18.30000001192093;0.01159721426665783;-0.5424286723136902;-0.8399698138237;[];
49.1;MPIB4;22.69999998807907;32.471708936353764;0.8698422312736511;-0.49314841628074646;0.009841038845479488;[];
49.1;MPIB3;47.03490687807562;20.20148101325063;0.1117582842707634;-0.2688373327255249;-0.9566540122032166;[];
49.1;MPIB2;20.667973469659728;36.05049396605662;0.0033984421752393246;-0.4632597863674164;-0.886171281337738;[];
49.1;MPIB1;59.63709957675292;18.30000001192093;0.01159721426665783;-0.5424286723136902;-0.8399698138237;[];
49.15;MPIB4;22.797993704676628;32.49055617043524;0.8698422312736511;-0.49314841628074646;0.009841038845479488;[];
49.15;MPIB3;47.03490687807562;20.166344296493435;0.1117582842707634;-0.2688373327255249;-0.9566540122032166;[];
49.15;MPIB2;20.66835868953126;35.869772004973896;0.0033984421752393246;-0.4632597863674164;-0.886171281337738;[];
49.15;MPIB1;59.63709957675292;18.30000001192093;0.01159721426665783;-0.5424286723136902;-0.8399698138237;[];
49.2;MPIB4;22.94949199675115;32.49166483126356;0.8698422312736511;-0.49314841628074646;0.009841038845479488;[];
49.2;MPIB3;47.03490687807562;20.166344296493435;0.1117582842707634;-0.2688373327255249;-0.9566540122032166;[];
49.2;MPIB2;20.668743909402792;35.67309857273426;0.0033984421752393246;-0.4632597863674164;-0.886171281337738;[];
49.2;MPIB1;59.63709957675292;18.30000001192093;0.01159721426665783;-0.5424286723136902;-0.8399698138237;[];
49.25;MPIB4;23.130203790429317;32.492773492091885;0.8698422312736511;-0.49314841628074646;0.009841038845479488;[];
49.25;MPIB3;47.03490687807562;20.166344296493435;0.1117582842707634;-0.2688373327255249;-0.9566540122032166;[];
49.25;MPIB2;20.669129129274324;35.46771563623133;0.0033984421752393246;-0.4632597863674164;-0.886171281337738;[];
49.25;MPIB1;59.63709957675292;18.30000001192093;0.01159721426665783;-0.5424286723136902;-0.8399698138237;[];
49.3;MPIB4;23.326866157835777;32.49388215292021;0.8698422312736511;-0.49314841628074646;0.009841038845479488;[];
49.3;MPIB3;47.03490687807562;20.166344296493435;0.1117582842707634;-0.2688373327255249;-0.9566540122032166;[];
49.3;MPIB2;20.669514349145857;35.25757730984827;0.0033984421752393246;-0.4632597863674164;-0.886171281337738;[];
49.3;MPIB1;59.63709957675292;18.30000001192093;0.01159721426665783;-0.5424286723136902;-0.8399698138237;[];
49.35;MPIB4;23.326866157835777;32.49388215292021;0.8698422312736511;-0.49314841628074646;0.009841038845479488;[];
49.35;MPIB3;47.03490687807562;20.166344296493435;0.1117582842707634;-0.2688373327255249;-0.9566540122032166;[];
49.35;MPIB2;20.66989956901739;35.044842540289096;0.0033984421752393246;-0.4632597863674164;-0.886171281337738;[];
49.35;MPIB1;59.63709957675292;18.30000001192093;0.01159721426665783;-0.5424286723136902;-0.8399698138237;[];
49.4;MPIB4;23.742364043525363;32.49609947457685;0.8698422312736511;-0.49314841628074646;0.009841038845479488;[];
49.4;MPIB3;47.03490687807562;20.166344296493435;0.1117582842707634;-0.2688373327255249;-0.9566540122032166;[];
49.4;MPIB2;20.67028478888892;34.8306901125911;0.0033984421752393246;-0.4632597863674164;-0.886171281337738;[];
49.4;MPIB1;59.63709957675292;18.30000001192093;0.01159721426665783;-0.5424286723136902;-0.8399698138237;[];
49.45;MPIB4;23.742364043525363;32.49609947457685;0.8698422312736511;-0.49314841628074646;0.009841038845479488;[];
49.45;MPIB3;47.03490687807562;20.166344296493435;0.1117582842707634;-0.2688373327255249;-0.9566540122032166;[];
49.45;MPIB2;20.670670008760453;34.61576364345939;0.0033984421752393246;-0.4632597863674164;-0.886171281337738;[];
49.45;MPIB1;59.63709957675292;18.30000001192093;0.01159721426665783;-0.5424286723136902;-0.8399698138237;[];
49.5;MPIB4;24.169227224139497;32.498316796233496;0.8698422312736511;-0.49314841628074646;0.009841038845479488;[];
49.5;MPIB3;47.03490687807562;20.166344296493435;0.1117582842707634;-0.2688373327255249;-0.9566540122032166;[];
49.5;MPIB2;20.671055228631985;34.40041454765577;0.0033984421752393246;-0.4632597863674164;-0.886171281337738;[];
49.5;MPIB1;59.63709957675292;18.30000001192093;0.01159721426665783;-0.5424286723136902;-0.8399698138237;[];
49.55;MPIB4;24.384141601523503;32.49942545706182;0.8698422312736511;-0.49314841628074646;0.009841038845479488;[];
49.55;MPIB3;47.03490687807562;20.166344296493435;0.1117582842707634;-0.2688373327255249;-0.9566540122032166;[];
49.55;MPIB2;20.671440448503517;34.184834697662495;0.0033984421752393246;-0.4632597863674164;-0.886171281337738;[];
49.55;MPIB1;59.63709957675292;18.30000001192093;0.01159721426665783;-0.5424286723136902;-0.8399698138237;[];
49.6;MPIB4;24.599478581802455;32.50053411789014;0.8698422312736511;-0.49314841628074646;0.009841038845479488;[];
49.6;MPIB3;47.03490687807562;20.166344296493435;0.1117582842707634;-0.2688373327255249;-0.9566540122032166;[];
49.6;MPIB2;20.67182566837505;33.96912885586704;0.0033984421752393246;-0.4632597863674164;-0.886171281337738;[];
49.6;MPIB1;59.63709957675292;18.30000001192093;0.01159721426665783;-0.5424286723136902;-0.8399698138237;[];
49.65;MPIB4;24.81504630328885;32.50164277871846;0.8698422312736511;-0.49314841628074646;0.009841038845479488;[];
49.65;MPIB3;47.03490687807562;20.166344296493435;0.1117582842707634;-0.2688373327255249;-0.9566540122032166;[];
49.65;MPIB2;20.672210888246582;33.7533542225396;0.0033984421752393246;-0.4632597863674164;-0.886171281337738;[];
49.65;MPIB1;59.63709957675292;18.30000001192093;0.01159721426665783;-0.5424286723136902;-0.8399698138237;[];
49.7;MPIB4;25.03074000948914;32.502751439546785;0.8698422312736511;-0.49314841628074646;0.009841038845479488;[];
49.7;MPIB3;47.03490687807562;20.166344296493435;0.1117582842707634;-0.2688373327255249;-0.9566540122032166;[];
49.7;MPIB2;20.672596108118114;33.53754202903133;0.0033984421752393246;-0.4632597863674164;-0.886171281337738;[];
49.7;MPIB1;59.63709957675292;18.30000001192093;0.01159721426665783;-0.5424286723136902;-0.8399698138237;[];
49.75;MPIB4;25.24650250335121;32.50386010037511;0.8698422312736511;-0.49314841628074646;0.009841038845479488;[];
49.75;MPIB3;47.03490687807562;20.166344296493435;0.1117582842707634;-0.2688373327255249;-0.9566540122032166;[];
49.75;MPIB2;20.672981327989646;33.32170932766195;0.0033984421752393246;-0.4632597863674164;-0.886171281337738;[];
49.75;MPIB1;59.63709957675292;18.30000001192093;0.01159721426665783;-0.5424286723136902;-0.8399698138237;[];
49.8;MPIB4;25.46230255528097;32.50496876120343;0.8698422312736511;-0.49314841628074646;0.009841038845479488;[];
49.8;MPIB3;47.03490687807562;20.166344296493435;0.1117582842707634;-0.2688373327255249;-0.9566540122032166;[];
49.8;MPIB2;20.672981327989646;33.32170932766195;0.0033984421752393246;-0.4632597863674164;-0.886171281337738;[];
49.8;MPIB1;59.63709957675292;18.30000001192093;0.01159721426665783;-0.5424286723136902;-0.8399698138237;[];
49.85;MPIB4;25.678123113918076;32.50607742203175;0.8698422312736511;-0.49314841628074646;0.009841038845479488;[];
49.85;MPIB3;47.03490687807562;20.166344296493435;0.1117582842707634;-0.2688373327255249;-0.9566540122032166;[];
49.85;MPIB2;20.672981327989646;33.32170932766195;0.0033984421752393246;-0.4632597863674164;-0.886171281337738;[];
49.85;MPIB1;59.63709957675292;18.30000001192093;0.007236258126795292;-0.5446015000343323;-0.8386114835739136;[];
49.9;MPIB4;25.678123113918076;32.50607742203175;0.8698422312736511;-0.49314841628074646;0.009841038845479488;[];
49.9;MPIB3;47.03490687807562;20.166344296493435;0.1117582842707634;-0.2688373327255249;-0.9566540122032166;[];
49.9;MPIB2;20.672981327989646;33.32170932766195;0.0033984421752393246;-0.4632597863674164;-0.886171281337738;[];
49.9;MPIB1;59.63709957675292;18.30000001192093;6.432308000512421E-4;-0.5446015000343323;-0.8386424779891968;[];
49.95;MPIB4;25.678123113918076;32.50607742203175;0.8698422312736511;-0.49314841628074646;0.009841038845479488;[];
49.95;MPIB3;47.03490687807562;20.166344296493435;0.1117582842707634;-0.2688373327255249;-0.9566540122032166;[];
49.95;MPIB2;20.672981327989646;33.32170932766195;0.0033984421752393246;-0.4632597863674164;-0.886171281337738;[];
49.95;MPIB1;59.63709957675292;18.30000001192093;6.432308000512421E-4;-0.5446015000343323;-0.8386424779891968;[];
50.0;MPIB4;25.678123113918076;32.50607742203175;0.8698422312736511;-0.49314841628074646;0.009841038845479488;[];
50.0;MPIB3;47.03490687807562;20.166344296493435;0.1117582842707634;-0.2688373327255249;-0.9566540122032166;[];
50.0;MPIB2;20.672981327989646;33.32170932766195;0.0033984421752393246;-0.4632597863674164;-0.886171281337738;[];
50.0;MPIB1;59.65955443679104;18.30000001192093;-0.0016080762725323439;-0.5446015000343323;-0.8386411666870117;[];
50.05;MPIB4;25.678123113918076;32.50607742203175;0.8698422312736511;-0.49314841628074646;0.009841038845479488;[];
50.05;MPIB3;47.03490687807562;20.166344296493435;0.1117582842707634;-0.2688373327255249;-0.9566540122032166;[];
50.05;MPIB2;20.672981327989646;33.32170932766195;0.0033984421752393246;-0.4632597863674164;-0.886171281337738;[];
50.05;MPIB1;59.65936652428627;18.202000200748444;-0.0016080762725323439;-0.5446015000343323;-0.8386411666870117;[];
50.1;MPIB4;25.678123113918076;32.50607742203175;0.8698422312736511;-0.49314841628074646;0.009841038845479488;[];
50.1;MPIB3;47.03490687807562;20.166344296493435;0.1117582842707634;-0.2688373327255249;-0.9566540122032166;[];
50.1;MPIB2;20.672981327989646;33.32170932766195;0.0033984421752393246;-0.4632597863674164;-0.886171281337738;[];
50.1;MPIB1;59.6591786117815;18.050492486460712;-0.0016080762725323439;-0.5446015000343323;-0.8386411666870117;[];
50.15;MPIB4;25.678123113918076;32.50607742203175;0.8698422312736511;-0.49314841628074646;0.009841038845479488;[];
50.15;MPIB3;47.03490687807562;20.163242945000007;0.1117582842707634;-0.2688373327255249;-0.9566540122032166;[];
50.15;MPIB2;20.672981327989646;33.32170932766195;0.0033984421752393246;-0.4632597863674164;-0.886171281337738;[];
50.15;MPIB1;59.65899069927673;17.8697694536786;-0.0016080762725323439;-0.5446015000343323;-0.8386411666870117;[];
50.2;MPIB4;25.678123113918076;32.50607742203175;0.8698422312736511;-0.49314841628074646;0.009841038845479488;[];
50.2;MPIB3;47.03490687807562;20.163242945000007;0.1117582842707634;-0.2688373327255249;-0.9566540122032166;[];
50.2;MPIB2;20.672981327989646;33.32170932766195;0.0033984421752393246;-0.4632597863674164;-0.886171281337738;[];
50.2;MPIB1;59.65880278677196;17.673094855145735;-0.0016080762725323439;-0.5446015000343323;-0.8386411666870117;[];
50.25;MPIB4;25.678123113918076;32.50607742203175;0.8698422312736511;-0.49314841628074646;0.009841038845479488;[];
50.25;MPIB3;47.03490687807562;20.163242945000007;0.1117582842707634;-0.2688373327255249;-0.9566540122032166;[];
50.25;MPIB2;20.672981327989646;33.32170932766195;0.0033984421752393246;-0.4632597863674164;-0.886171281337738;[];
50.25;MPIB1;59.65861487426719;17.467710700701332;-0.0016080762725323439;-0.5446015000343323;-0.8386411666870117;[];
50.3;MPIB4;25.678123113918076;32.50607742203175;0.8698422312736511;-0.49314841628074646;0.009841038845479488;[];
50.3;MPIB3;47.03490687807562;20.163242945000007;0.1117582842707634;-0.2688373327255249;-0.9566540122032166;[];
50.3;MPIB2;20.672981327989646;33.32170932766195;0.0033984421752393246;-0.4632597863674164;-0.886171281337738;[];
50.3;MPIB1;59.658426961762416;17.257571128176863;-0.0016080762725323439;-0.5446015000343323;-0.8386411666870117;[];
50.35;MPIB4;25.678123113918076;32.50607742203175;0.8698422312736511;-0.49314841628074646;0.009841038845479488;[];
50.35;MPIB3;47.03490687807562;20.163242945000007;0.1117582842707634;-0.2688373327255249;-0.9566540122032166;[];
50.35;MPIB2;20.672981327989646;33.32170932766195;0.0033984421752393246;-0.4632597863674164;-0.886171281337738;[];
50.35;MPIB1;59.658239049257645;17.0448350970791;-0.0016080762725323439;-0.5446015000343323;-0.8386411666870117;[];
50.4;MPIB4;25.678123113918076;32.50607742203175;0.8698422312736511;-0.49314841628074646;0.009841038845479488;[];
50.4;MPIB3;47.03490687807562;20.163242945000007;0.1117582842707634;-0.2688373327255249;-0.9566540122032166;[];
50.4;MPIB2;20.672981327989646;33.32170932766195;0.0033984421752393246;-0.4632597863674164;-0.886171281337738;[];
50.4;MPIB1;59.658051136752874;16.83068139943566;-0.0016080762725323439;-0.5446015000343323;-0.8386411666870117;[];
50.45;MPIB4;25.678123113918076;32.50607742203175;0.8698422312736511;-0.49314841628074646;0.009841038845479488;[];
50.45;MPIB3;47.03490687807562;20.163242945000007;0.1117582842707634;-0.2688373327255249;-0.9566540122032166;[];
50.45;MPIB2;20.672981327989646;33.32170932766195;0.0033984421752393246;-0.4632597863674164;-0.886171281337738;[];
50.45;MPIB1;59.6578632242481;16.615753655768373;-0.0016080762725323439;-0.5446015000343323;-0.8386411666870117;[];
50.5;MPIB4;25.678123113918076;32.50607742203175;0.8698422312736511;-0.49314841628074646;0.009841038845479488;[];
50.5;MPIB3;47.03490687807562;20.163242945000007;0.1117582842707634;-0.2688373327255249;-0.9566540122032166;[];
50.5;MPIB2;20.672981327989646;33.32170932766195;0.0033984421752393246;-0.4632597863674164;-0.886171281337738;[];
50.5;MPIB1;59.65767531174333;16.40040328292298;-0.0016080762725323439;-0.5446015000343323;-0.8386411666870117;[];
50.55;MPIB4;25.678123113918076;32.50607742203175;0.8698422312736511;-0.49314841628074646;0.009841038845479488;[];
50.55;MPIB3;47.03490687807562;20.163242945000007;0.1117582842707634;-0.2688373327255249;-0.9566540122032166;[];
50.55;MPIB2;20.672981327989646;33.32170932766195;0.0033984421752393246;-0.4632597863674164;-0.886171281337738;[];
50.55;MPIB1;59.65748739923856;16.184822154519537;-0.0016080762725323439;-0.5446015000343323;-0.8386411666870117;[];
50.6;MPIB4;25.678123113918076;32.50607742203175;0.8698422312736511;-0.49314841628074646;0.009841038845479488;[];
50.6;MPIB3;47.03490687807562;20.163242945000007;0.1117582842707634;-0.2688373327255249;-0.9566540122032166;[];
50.6;MPIB2;20.672981327989646;33.32170932766195;0.0033984421752393246;-0.4632597863674164;-0.886171281337738;[];
50.6;MPIB1;59.65729948673379;15.969115033566766;-0.0016080762725323439;-0.5446015000343323;-0.8386411666870117;[];
50.65;MPIB4;25.678123113918076;32.50607742203175;0.8698422312736511;-0.49314841628074646;0.009841038845479488;[];
50.65;MPIB3;47.03490687807562;20.163242945000007;0.1117582842707634;-0.2688373327255249;-0.9566540122032166;[];
50.65;MPIB2;20.672981327989646;33.32170932766195;0.0033984421752393246;-0.4632597863674164;-0.886171281337738;[];
50.65;MPIB1;59.65711157422902;15.75333912067407;-0.0016080762725323439;-0.5446015000343323;-0.8386411666870117;[];
50.7;MPIB4;25.678123113918076;32.50607742203175;0.8698422312736511;-0.49314841628074646;0.009841038845479488;[];
50.7;MPIB3;47.03490687807562;20.163242945000007;0.1117582842707634;-0.2688373327255249;-0.9566540122032166;[];
50.7;MPIB2;20.672981327989646;33.32170932766195;0.0033984421752393246;-0.4632597863674164;-0.886171281337738;[];
50.7;MPIB1;59.65692366172425;15.537525647377805;-0.0016080762725323439;-0.5446015000343323;-0.8386411666870117;[];
50.75;MPIB4;25.678123113918076;32.50607742203175;0.8698422312736511;-0.49314841628074646;0.009841038845479488;[];
50.75;MPIB3;47.03490687807562;20.163242945000007;0.1117582842707634;-0.2688373327255249;-0.9566540122032166;[];
50.75;MPIB2;20.68068572542029;33.30000001192093;0.0033984421752393246;-0.4632597863674164;-0.886171281337738;[];
50.75;MPIB1;59.65673574921948;15.321691666098815;-0.0016080762725323439;-0.5446015000343323;-0.8386411666870117;[];
50.8;MPIB4;25.69999998807907;32.52714197776987;0.8698422312736511;-0.49314841628074646;0.009841038845479488;[];
50.8;MPIB3;47.03490687807562;20.163242945000007;0.1117582842707634;-0.2688373327255249;-0.9566540122032166;[];
50.8;MPIB2;20.68068572542029;33.30000001192093;0.0033984421752393246;-0.4632597863674164;-0.886171281337738;[];
50.8;MPIB1;59.65673574921948;15.321691666098815;-0.0016080762725323439;-0.5446015000343323;-0.8386411666870117;[];
50.85;MPIB4;25.69999998807907;32.52714197776987;0.8698422312736511;-0.49314841628074646;0.009841038845479488;[];
50.85;MPIB3;47.03490687807562;20.163242945000007;0.1117582842707634;-0.2688373327255249;-0.9566540122032166;[];
50.85;MPIB2;20.68068572542029;33.30000001192093;0.0033984421752393246;-0.4632597863674164;-0.886171281337738;[];
50.85;MPIB1;59.65673574921948;15.321691666098815;-0.0016080762725323439;-0.5446015000343323;-0.8386411666870117;[];
50.9;MPIB4;25.69999998807907;32.52714197776987;0.8698422312736511;-0.49314841628074646;0.009841038845479488;[];
50.9;MPIB3;47.03490687807562;20.163242945000007;0.1117582842707634;-0.2688373327255249;-0.9566540122032166;[];
50.9;MPIB2;20.68068572542029;33.30000001192093;0.0033984421752393246;-0.4632597863674164;-0.886171281337738;[];
50.9;MPIB1;59.65673574921948;15.321691666098815;-0.0016080762725323439;-0.5446015000343323;-0.8386411666870117;[];
50.95;MPIB4;25.69999998807907;32.52714197776987;0.8698422312736511;-0.49314841628074646;0.009841038845479488;[];
50.95;MPIB3;47.03490687807562;20.163242945000007;0.1117582842707634;-0.2688373327255249;-0.9566540122032166;[];
50.95;MPIB2;20.68068572542029;33.30000001192093;0.0033984421752393246;-0.4632597863674164;-0.886171281337738;[];
50.95;MPIB1;59.65673574921948;15.321691666098815;-0.0016080762725323439;-0.5446015000343323;-0.8386411666870117;[];
51.0;MPIB4;25.69999998807907;32.52714197776987;0.8698422312736511;-0.49314841628074646;0.009841038845479488;[];
51.0;MPIB3;47.03490687807562;20.163242945000007;0.1117582842707634;-0.2688373327255249;-0.9566540122032166;[];
51.0;MPIB2;20.68068572542029;33.30000001192093;0.0033984421752393246;-0.4632597863674164;-0.886171281337738;[];
51.0;MPIB1;59.65673574921948;15.321691666098815;-0.0016080762725323439;-0.5446015000343323;-0.8386411666870117;[];
51.05;MPIB4;25.69999998807907;32.52714197776987;0.8698422312736511;-0.49314841628074646;0.009841038845479488;[];
51.05;MPIB3;47.03490687807562;20.163242945000007;0.1117582842707634;-0.2688373327255249;-0.9566540122032166;[];
51.05;MPIB2;20.68068572542029;33.30000001192093;0.0033984421752393246;-0.4632597863674164;-0.886171281337738;[];
51.05;MPIB1;59.65673574921948;15.321691666098815;-0.0016080762725323439;-0.5446015000343323;-0.8386411666870117;[];
51.1;MPIB4;25.69999998807907;32.52714197776987;0.8698422312736511;-0.49314841628074646;0.009841038845479488;[];
51.1;MPIB3;47.03490687807562;20.163242945000007;0.1117582842707634;-0.2688373327255249;-0.9566540122032166;[];
51.1;MPIB2;20.68068572542029;33.30000001192093;0.0033984421752393246;-0.4632597863674164;-0.886171281337738;[];
51.1;MPIB1;59.65673574921948;15.321691666098815;-0.0016080762725323439;-0.5446015000343323;-0.8386411666870117;[];
51.15;MPIB4;25.69999998807907;32.52714197776987;0.8698422312736511;-0.49314841628074646;0.009841038845479488;[];
51.15;MPIB3;47.03490687807562;20.163242945000007;0.1117582842707634;-0.2688373327255249;-0.9566540122032166;[];
51.15;MPIB2;20.68068572542029;33.30000001192093;0.0033984421752393246;-0.4632597863674164;-0.886171281337738;[];
51.15;MPIB1;59.65673574921948;15.321691666098815;-0.0016080762725323439;-0.5446015000343323;-0.8386411666870117;[];
51.2;MPIB4;25.69999998807907;32.52714197776987;0.8698422312736511;-0.49314841628074646;0.009841038845479488;[];
51.2;MPIB3;47.03490687807562;20.163242945000007;0.1117582842707634;-0.2688373327255249;-0.9566540122032166;[];
51.2;MPIB2;20.68068572542029;33.30000001192093;0.0033984421752393246;-0.4632597863674164;-0.886171281337738;[];
51.2;MPIB1;59.65673574921948;15.321691666098815;-0.0016080762725323439;-0.5446015000343323;-0.8386411666870117;[];
51.25;MPIB4;25.69999998807907;32.52714197776987;0.8698422312736511;-0.49314841628074646;0.009841038845479488;[];
51.25;MPIB3;47.03490687807562;20.163242945000007;0.1117582842707634;-0.2688373327255249;-0.9566540122032166;[];
51.25;MPIB2;20.68068572542029;33.30000001192093;0.0033984421752393246;-0.4632597863674164;-0.886171281337738;[];
51.25;MPIB1;59.65673574921948;15.321691666098815;-0.0016080762725323439;-0.5446015000343323;-0.8386411666870117;[];
51.3;MPIB4;25.69999998807907;32.52714197776987;0.8698422312736511;-0.49314841628074646;0.009841038845479488;[];
51.3;MPIB3;47.03490687807562;20.163242945000007;0.1117582842707634;-0.2688373327255249;-0.9566540122032166;[];
51.3;MPIB2;20.68068572542029;33.30000001192093;0.0033984421752393246;-0.4632597863674164;-0.886171281337738;[];
51.3;MPIB1;59.65673574921948;15.321691666098815;-0.0016080762725323439;-0.5446015000343323;-0.8386411666870117;[];
51.35;MPIB4;25.69999998807907;32.52714197776987;0.8698422312736511;-0.49314841628074646;0.009841038845479488;[];
51.35;MPIB3;47.03490687807562;20.163242945000007;0.1117582842707634;-0.2688373327255249;-0.9566540122032166;[];
51.35;MPIB2;20.68068572542029;33.30000001192093;0.0033984421752393246;-0.4632597863674164;-0.886171281337738;[];
51.35;MPIB1;59.65673574921948;15.321691666098815;-0.0016080762725323439;-0.5446015000343323;-0.8386411666870117;[];
51.4;MPIB4;25.69999998807907;32.52714197776987;0.8698422312736511;-0.49314841628074646;0.009841038845479488;[];
51.4;MPIB3;47.03490687807562;20.163242945000007;0.1117582842707634;-0.2688373327255249;-0.9566540122032166;[];
51.4;MPIB2;20.68068572542029;33.30000001192093;0.0033984421752393246;-0.4632597863674164;-0.886171281337738;[];
51.4;MPIB1;59.65673574921948;15.321691666098815;-0.0016080762725323439;-0.5446015000343323;-0.8386411666870117;[];
51.45;MPIB4;25.69999998807907;32.52714197776987;0.8698422312736511;-0.49314841628074646;0.009841038845479488;[];
51.45;MPIB3;47.03490687807562;20.163242945000007;0.1117582842707634;-0.2688373327255249;-0.9566540122032166;[];
51.45;MPIB2;20.68068572542029;33.30000001192093;0.0033984421752393246;-0.4632597863674164;-0.886171281337738;[];
51.45;MPIB1;59.65673574921948;15.321691666098815;-0.0016080762725323439;-0.5446015000343323;-0.8386411666870117;[];
51.5;MPIB4;25.69999998807907;32.52714197776987;0.8698422312736511;-0.49314841628074646;0.009841038845479488;[];
51.5;MPIB3;47.03490687807562;20.163242945000007;0.1117582842707634;-0.2688373327255249;-0.9566540122032166;[];
51.5;MPIB2;20.68068572542029;33.30000001192093;0.0033984421752393246;-0.4632597863674164;-0.886171281337738;[];
51.5;MPIB1;59.65673574921948;15.321691666098815;-0.0016080762725323439;-0.5446015000343323;-0.8386411666870117;[];
51.55;MPIB4;25.69999998807907;32.52714197776987;0.8698422312736511;-0.49314841628074646;0.009841038845479488;[];
51.55;MPIB3;47.03490687807562;20.163242945000007;0.1117582842707634;-0.2688373327255249;-0.9566540122032166;[];
51.55;MPIB2;20.68068572542029;33.30000001192093;0.0033984421752393246;-0.4632597863674164;-0.886171281337738;[];
51.55;MPIB1;59.65673574921948;15.321691666098815;-0.0016080762725323439;-0.5446015000343323;-0.8386411666870117;[];
51.6;MPIB4;25.69999998807907;32.52714197776987;0.8698422312736511;-0.49314841628074646;0.009841038845479488;[];
51.6;MPIB3;47.03490687807562;20.163242945000007;0.1117582842707634;-0.2688373327255249;-0.9566540122032166;[];
51.6;MPIB2;20.687234463236337;33.20200078189373;0.0033984421752393246;-0.4632597863674164;-0.886171281337738;[];
51.6;MPIB1;59.65673574921948;15.321691666098815;-0.0016080762725323439;-0.5446015000343323;-0.8386411666870117;[];
51.65;MPIB4;25.69999998807907;32.52714197776987;0.8698422312736511;-0.49314841628074646;0.009841038845479488;[];
51.65;MPIB3;47.03490687807562;20.163242945000007;0.1265033781528473;-0.276401162147522;-0.9526532888412476;[];
51.65;MPIB2;20.68761968310787;33.05049396605662;0.0033984421752393246;-0.4632597863674164;-0.886171281337738;[];
51.65;MPIB1;59.65673574921948;15.321691666098815;-0.0016080762725323439;-0.5446015000343323;-0.8386411666870117;[];
51.7;MPIB4;25.797993704676628;32.54709787267967;0.8698422312736511;-0.49314841628074646;0.009841038845479488;[];
51.7;MPIB3;47.03490687807562;20.163242945000007;0.2095046043395996;-0.2939523458480835;-0.9325481057167053;[];
51.7;MPIB2;20.6880049029794;32.869772004973896;0.0033984421752393246;-0.4632597863674164;-0.886171281337738;[];
51.7;MPIB1;59.65673574921948;15.321691666098815;-0.0016080762725323439;-0.5446015000343323;-0.8386411666870117;[];
51.75;MPIB4;25.94949199675115;32.548206533507994;0.8698422312736511;-0.49314841628074646;0.009841038845479488;[];
51.75;MPIB3;47.03490687807562;20.163242945000007;0.43038952350616455;-0.2939523458480835;-0.8534066677093506;[];
51.75;MPIB2;20.688390122850933;32.67309857273426;0.0033984421752393246;-0.4632597863674164;-0.886171281337738;[];
51.75;MPIB1;59.65297749912406;15.300000011920929;-0.0016080762725323439;-0.5446015000343323;-0.8386411666870117;[];
51.8;MPIB4;25.94949199675115;32.548206533507994;0.8698422312736511;-0.49314841628074646;0.009841038845479488;[];
51.8;MPIB3;47.03490687807562;20.163242945000007;0.6733302474021912;-0.2663431465625763;-0.6896654963493347;[];
51.8;MPIB2;20.688775342722465;32.46771563623133;0.0033984421752393246;-0.4632597863674164;-0.886171281337738;[];
51.8;MPIB1;59.65297749912406;15.300000011920929;-0.0016080762725323439;-0.5446015000343323;-0.8386411666870117;[];
51.85;MPIB4;26.326866157835777;32.55042385516464;0.8698422312736511;-0.49314841628074646;0.009841038845479488;[];
51.85;MPIB3;47.03490687807562;20.163242945000007;0.7456973195075989;-0.23851358890533447;-0.6220951676368713;[];
51.85;MPIB2;20.689160562593997;32.25757730984827;0.0033984421752393246;-0.4632597863674164;-0.886171281337738;[];
51.85;MPIB1;59.65297749912406;15.300000011920929;-0.0016080762725323439;-0.5446015000343323;-0.8386411666870117;[];
51.9;MPIB4;26.53223753950946;32.55153251599296;0.8698422312736511;-0.49314841628074646;0.009841038845479488;[];
51.9;MPIB3;47.03490687807562;20.163242945000007;0.7573014497756958;-0.22825877368450165;-0.6118413209915161;[];
51.9;MPIB2;20.68954578246553;32.044842540289096;0.0033984421752393246;-0.4632597863674164;-0.886171281337738;[];
51.9;MPIB1;59.65297749912406;15.300000011920929;-0.0016080762725323439;-0.5446015000343323;-0.8386411666870117;[];
51.95;MPIB4;26.53223753950946;32.55153251599296;0.8698422312736511;-0.49314841628074646;0.009841038845479488;[];
51.95;MPIB3;47.03490687807562;20.163242945000007;0.7702192068099976;-0.21807213127613068;-0.5993046760559082;[];
51.95;MPIB2;20.68993100233706;31.8306901125911;0.0033984421752393246;-0.4632597863674164;-0.886171281337738;[];
51.95;MPIB1;59.65297749912406;15.300000011920929;-0.0016080762725323439;-0.5446015000343323;-0.8386411666870117;[];
52.0;MPIB4;26.742364043525363;32.55264117682128;0.8698422312736511;-0.49314841628074646;0.009841038845479488;[];
52.0;MPIB3;47.03490687807562;20.163242945000007;0.778914213180542;-0.21301664412021637;-0.5898106098175049;[];
52.0;MPIB2;20.690316222208594;31.61576364345939;0.0033984421752393246;-0.4632597863674164;-0.886171281337738;[];
52.0;MPIB1;59.65297749912406;15.300000011920929;-0.0016080762725323439;-0.5446015000343323;-0.8386411666870117;[];
52.05;MPIB4;27.169227224139497;32.55485849847793;0.8698422312736511;-0.49314841628074646;0.009841038845479488;[];
52.05;MPIB3;47.03490687807562;20.163242945000007;0.7839269638061523;-0.210393026471138;-0.5840837359428406;[];
52.05;MPIB2;20.690701442080126;31.40041454765577;0.0033984421752393246;-0.4632597863674164;-0.886171281337738;[];
52.05;MPIB1;59.65297749912406;15.300000011920929;-0.0016080762725323439;-0.5446015000343323;-0.8386411666870117;[];
52.1;MPIB4;27.384141601523503;32.55596715930625;0.8698422312736511;-0.49314841628074646;0.009841038845479488;[];
52.1;MPIB3;47.03490687807562;20.163242945000007;0.7839269638061523;-0.210393026471138;-0.5840837359428406;[];
52.1;MPIB2;20.69108666195166;31.184834697662495;0.0033984421752393246;-0.4632597863674164;-0.886171281337738;[];
52.1;MPIB1;59.65297749912406;15.300000011920929;-0.0016080762725323439;-0.5446015000343323;-0.8386411666870117;[];
52.15;MPIB4;27.599478581802455;32.55707582013457;0.8698422312736511;-0.49314841628074646;0.009841038845479488;[];
52.15;MPIB3;47.03490687807562;20.163242945000007;0.7839269638061523;-0.210393026471138;-0.5840837359428406;[];
52.15;MPIB2;20.69147188182319;30.96912885586704;0.0033984421752393246;-0.4632597863674164;-0.886171281337738;[];
52.15;MPIB1;59.65297749912406;15.300000011920929;-0.0016080762725323439;-0.5446015000343323;-0.8386411666870117;[];
52.2;MPIB4;27.81504630328885;32.55818448096289;0.8698422312736511;-0.49314841628074646;0.009841038845479488;[];
52.2;MPIB3;47.03490687807562;20.163242945000007;0.7839269638061523;-0.210393026471138;-0.5840837359428406;[];
52.2;MPIB2;20.691857101694723;30.7533542225396;0.0033984421752393246;-0.4632597863674164;-0.886171281337738;[];
52.2;MPIB1;59.65297749912406;15.300000011920929;-0.0016080762725323439;-0.5446015000343323;-0.8386411666870117;[];
52.25;MPIB4;28.03074000948914;32.559293141791215;0.8698422312736511;-0.49314841628074646;0.009841038845479488;[];
52.25;MPIB3;47.03490687807562;20.163242945000007;0.7839269638061523;-0.210393026471138;-0.5840837359428406;[];
52.25;MPIB2;20.692242321566255;30.53754202903133;0.0033984421752393246;-0.4632597863674164;-0.886171281337738;[];
52.25;MPIB1;59.65297749912406;15.300000011920929;-0.0016080762725323439;-0.5446015000343323;-0.8386411666870117;[];
52.3;MPIB4;28.24650250335121;32.56040180261954;0.8698422312736511;-0.49314841628074646;0.009841038845479488;[];
52.3;MPIB3;47.03490687807562;20.163242945000007;0.7839269638061523;-0.210393026471138;-0.5840837359428406;[];
52.3;MPIB2;20.692627541437787;30.32170932766195;0.0033984421752393246;-0.4632597863674164;-0.886171281337738;[];
52.3;MPIB1;59.65297749912406;15.300000011920929;-0.0016080762725323439;-0.5446015000343323;-0.8386411666870117;[];
52.35;MPIB4;28.46230255528097;32.56151046344786;0.8698422312736511;-0.49314841628074646;0.009841038845479488;[];
52.35;MPIB3;47.03490687807562;20.163242945000007;0.7839269638061523;-0.210393026471138;-0.5840837359428406;[];
52.35;MPIB2;20.692627541437787;30.32170932766195;0.0033984421752393246;-0.4632597863674164;-0.886171281337738;[];
52.35;MPIB1;59.65297749912406;15.300000011920929;-0.0016080762725323439;-0.5446015000343323;-0.8386411666870117;[];
52.4;MPIB4;28.46230255528097;32.56151046344786;0.8698422312736511;-0.49314841628074646;0.009841038845479488;[];
52.4;MPIB3;47.03490687807562;20.163242945000007;0.7824124097824097;-0.210393026471138;-0.5861110687255859;[];
52.4;MPIB2;20.692627541437787;30.32170932766195;0.0033984421752393246;-0.4632597863674164;-0.886171281337738;[];
52.4;MPIB1;59.65297749912406;15.300000011920929;-0.0016080762725323439;-0.5446015000343323;-0.8386411666870117;[];
52.45;MPIB4;28.678123113918076;32.56261912427618;0.8698422312736511;-0.49314841628074646;0.009841038845479488;[];
52.45;MPIB3;47.03490687807562;20.163242945000007;0.7808926105499268;-0.210393026471138;-0.5881344079971313;[];
52.45;MPIB2;20.692627541437787;30.32170932766195;0.0033984421752393246;-0.4632597863674164;-0.886171281337738;[];
52.45;MPIB1;59.65297749912406;15.300000011920929;-0.0016080762725323439;-0.5446015000343323;-0.8386411666870117;[];
52.5;MPIB4;28.678123113918076;32.56261912427618;0.8698422312736511;-0.49314841628074646;0.009841038845479488;[];
52.5;MPIB3;47.03490687807562;20.163242945000007;0.7808926105499268;-0.210393026471138;-0.5881344079971313;[];
52.5;MPIB2;20.692627541437787;30.32170932766195;0.0033984421752393246;-0.4632597863674164;-0.886171281337738;[];
52.5;MPIB1;59.65297749912406;15.300000011920929;-0.0016080762725323439;-0.5446015000343323;-0.8386411666870117;[];
52.55;MPIB4;28.678123113918076;32.56261912427618;0.8698422312736511;-0.49314841628074646;0.009841038845479488;[];
52.55;MPIB3;47.03490687807562;20.163242945000007;0.7808926105499268;-0.210393026471138;-0.5881344079971313;[];
52.55;MPIB2;20.692627541437787;30.32170932766195;0.0033984421752393246;-0.4632597863674164;-0.886171281337738;[];
52.55;MPIB1;59.65297749912406;15.300000011920929;-0.0016080762725323439;-0.5446015000343323;-0.8386411666870117;[];
52.6;MPIB4;28.678123113918076;32.56261912427618;0.8698422312736511;-0.49314841628074646;0.009841038845479488;[];
52.6;MPIB3;47.03490687807562;20.163242945000007;0.7808926105499268;-0.210393026471138;-0.5881344079971313;[];
52.6;MPIB2;20.692627541437787;30.32170932766195;0.0033984421752393246;-0.4632597863674164;-0.886171281337738;[];
52.6;MPIB1;59.64978298654296;15.202000200748444;-0.0016080762725323439;-0.5446015000343323;-0.8386411666870117;[];
52.65;MPIB4;28.678123113918076;32.56261912427618;0.8698422312736511;-0.49314841628074646;0.009841038845479488;[];
52.65;MPIB3;47.03490687807562;20.163242945000007;0.7808926105499268;-0.210393026471138;-0.5881344079971313;[];
52.65;MPIB2;20.692627541437787;30.32170932766195;0.0033984421752393246;-0.4632597863674164;-0.886171281337738;[];
52.65;MPIB1;59.64959507403819;15.050492486460712;-0.0016080762725323439;-0.5446015000343323;-0.8386411666870117;[];
52.7;MPIB4;28.678123113918076;32.56261912427618;0.8698422312736511;-0.49314841628074646;0.009841038845479488;[];
52.7;MPIB3;47.03490687807562;20.163242945000007;0.7808926105499268;-0.210393026471138;-0.5881344079971313;[];
52.7;MPIB2;20.692627541437787;30.32170932766195;0.0033984421752393246;-0.4632597863674164;-0.886171281337738;[];
52.7;MPIB1;59.64940716153342;14.8697694536786;-0.0016080762725323439;-0.5446015000343323;-0.8386411666870117;[];
52.75;MPIB4;28.678123113918076;32.56261912427618;0.8698422312736511;-0.49314841628074646;0.009841038845479488;[];
52.75;MPIB3;47.03490687807562;20.163242945000007;0.7808926105499268;-0.210393026471138;-0.5881344079971313;[];
52.75;MPIB2;20.692627541437787;30.32170932766195;0.0033984421752393246;-0.4632597863674164;-0.886171281337738;[];
52.75;MPIB1;59.64921924902865;14.673094855145735;-0.0016080762725323439;-0.5446015000343323;-0.8386411666870117;[];
52.8;MPIB4;28.678123113918076;32.56261912427618;0.8698422312736511;-0.49314841628074646;0.009841038845479488;[];
52.8;MPIB3;47.03490687807562;20.163242945000007;0.7808926105499268;-0.210393026471138;-0.5881344079971313;[];
52.8;MPIB2;20.692627541437787;30.32170932766195;0.0033984421752393246;-0.4632597863674164;-0.886171281337738;[];
52.8;MPIB1;59.649031336523876;14.467710700701332;-0.0016080762725323439;-0.5446015000343323;-0.8386411666870117;[];
52.85;MPIB4;28.678123113918076;32.56261912427618;0.8698422312736511;-0.49314841628074646;0.009841038845479488;[];
52.85;MPIB3;47.03490687807562;20.163242945000007;0.7808926105499268;-0.210393026471138;-0.5881344079971313;[];
52.85;MPIB2;20.692627541437787;30.32170932766195;0.0033984421752393246;-0.4632597863674164;-0.886171281337738;[];
52.85;MPIB1;59.648843424019105;14.257571128176863;-0.0016080762725323439;-0.5446015000343323;-0.8386411666870117;[];
52.9;MPIB4;28.678123113918076;32.56261912427618;0.8698422312736511;-0.49314841628074646;0.009841038845479488;[];
52.9;MPIB3;47.03490687807562;20.163242945000007;0.7808926105499268;-0.210393026471138;-0.5881344079971313;[];
52.9;MPIB2;20.692627541437787;30.32170932766195;0.0033984421752393246;-0.4632597863674164;-0.886171281337738;[];
52.9;MPIB1;59.648655511514335;14.044835097079101;-0.0016080762725323439;-0.5446015000343323;-0.8386411666870117;[];
52.95;MPIB4;28.678123113918076;32.56261912427618;0.8698422312736511;-0.49314841628074646;0.009841038845479488;[];
52.95;MPIB3;47.03490687807562;20.163242945000007;0.7808926105499268;-0.210393026471138;-0.5881344079971313;[];
52.95;MPIB2;20.692627541437787;30.32170932766195;0.0033984421752393246;-0.4632597863674164;-0.886171281337738;[];
52.95;MPIB1;59.648467599009564;13.830681399435662;-0.0016080762725323439;-0.5446015000343323;-0.8386411666870117;[];
53.0;MPIB4;28.678123113918076;32.56261912427618;0.8698422312736511;-0.49314841628074646;0.009841038845479488;[];
53.0;MPIB3;47.03490687807562;20.163242945000007;0.7808926105499268;-0.210393026471138;-0.5881344079971313;[];
53.0;MPIB2;20.692627541437787;30.32170932766195;0.0033984421752393246;-0.4632597863674164;-0.886171281337738;[];
53.0;MPIB1;59.64827968650479;13.615753655768373;-0.0016080762725323439;-0.5446015000343323;-0.8386411666870117;[];
53.05;MPIB4;28.678123113918076;32.56261912427618;0.8698422312736511;-0.49314841628074646;0.009841038845479488;[];
53.05;MPIB3;47.03490687807562;20.163242945000007;0.7808926105499268;-0.210393026471138;-0.5881344079971313;[];
53.05;MPIB2;20.692627541437787;30.32170932766195;0.0033984421752393246;-0.4632597863674164;-0.886171281337738;[];
53.05;MPIB1;59.64809177400002;13.40040328292298;-0.0016080762725323439;-0.5446015000343323;-0.8386411666870117;[];
53.1;MPIB4;28.678123113918076;32.56261912427618;0.8698422312736511;-0.49314841628074646;0.009841038845479488;[];
53.1;MPIB3;47.03490687807562;20.163242945000007;0.7808926105499268;-0.210393026471138;-0.5881344079971313;[];
53.1;MPIB2;20.692627541437787;30.32170932766195;0.0033984421752393246;-0.4632597863674164;-0.886171281337738;[];
53.1;MPIB1;59.64790386149525;13.184822154519537;-0.0016080762725323439;-0.5446015000343323;-0.8386411666870117;[];
53.15;MPIB4;28.678123113918076;32.56261912427618;0.8698422312736511;-0.49314841628074646;0.009841038845479488;[];
53.15;MPIB3;47.03490687807562;20.163242945000007;0.7808926105499268;-0.210393026471138;-0.5881344079971313;[];
53.15;MPIB2;20.692627541437787;30.32170932766195;0.0033984421752393246;-0.4632597863674164;-0.886171281337738;[];
53.15;MPIB1;59.64771594899048;12.969115033566766;-0.0016080762725323439;-0.5446015000343323;-0.8386411666870117;[];
53.2;MPIB4;28.678123113918076;32.56261912427618;0.8698422312736511;-0.49314841628074646;0.009841038845479488;[];
53.2;MPIB3;47.03490687807562;20.163242945000007;0.7808926105499268;-0.210393026471138;-0.5881344079971313;[];
53.2;MPIB2;20.692627541437787;30.32170932766195;0.0033984421752393246;-0.4632597863674164;-0.886171281337738;[];
53.2;MPIB1;59.64752803648571;12.75333912067407;-0.0016080762725323439;-0.5446015000343323;-0.8386411666870117;[];
53.25;MPIB4;28.678123113918076;32.56261912427618;0.8698422312736511;-0.49314841628074646;0.009841038845479488;[];
53.25;MPIB3;47.03490687807562;20.163242945000007;0.7808926105499268;-0.210393026471138;-0.5881344079971313;[];
53.25;MPIB2;20.692627541437787;30.32170932766195;0.0033984421752393246;-0.4632597863674164;-0.886171281337738;[];
53.25;MPIB1;59.64734012398094;12.537525647377805;-0.0016080762725323439;-0.5446015000343323;-0.8386411666870117;[];
53.3;MPIB4;28.678123113918076;32.56261912427618;0.8698422312736511;-0.49314841628074646;0.009841038845479488;[];
53.3;MPIB3;47.03490687807562;20.163242945000007;0.7808926105499268;-0.210393026471138;-0.5881344079971313;[];
53.3;MPIB2;20.70033193886843;30.30000001192093;0.0033984421752393246;-0.4632597863674164;-0.886171281337738;[];
53.3;MPIB1;59.64715221147617;12.321691666098815;-0.0016080762725323439;-0.5446015000343323;-0.8386411666870117;[];
53.35;MPIB4;28.678123113918076;32.56261912427618;0.8698422312736511;-0.49314841628074646;0.009841038845479488;[];
53.35;MPIB3;47.03490687807562;20.163242945000007;0.7808926105499268;-0.210393026471138;-0.5881344079971313;[];
53.35;MPIB2;20.70033193886843;30.30000001192093;0.0033984421752393246;-0.4632597863674164;-0.886171281337738;[];
53.35;MPIB1;59.64715221147617;12.321691666098815;-0.0016080762725323439;-0.5446015000343323;-0.8386411666870117;[];
53.4;MPIB4;28.69999998807907;32.5836836800143;0.8698422312736511;-0.49314841628074646;0.009841038845479488;[];
53.4;MPIB3;47.03490687807562;20.163242945000007;0.7808926105499268;-0.210393026471138;-0.5881344079971313;[];
53.4;MPIB2;20.70033193886843;30.30000001192093;0.0033984421752393246;-0.4632597863674164;-0.886171281337738;[];
53.4;MPIB1;59.64715221147617;12.321691666098815;-0.0016080762725323439;-0.5446015000343323;-0.8386411666870117;[];
53.45;MPIB4;28.69999998807907;32.5836836800143;0.8698422312736511;-0.49314841628074646;0.009841038845479488;[];
53.45;MPIB3;47.03490687807562;20.163242945000007;0.7808926105499268;-0.210393026471138;-0.5881344079971313;[];
53.45;MPIB2;20.70033193886843;30.30000001192093;0.0033984421752393246;-0.4632597863674164;-0.886171281337738;[];
53.45;MPIB1;59.64715221147617;12.321691666098815;-0.0016080762725323439;-0.5446015000343323;-0.8386411666870117;[];
53.5;MPIB4;28.69999998807907;32.5836836800143;0.8698422312736511;-0.49314841628074646;0.009841038845479488;[];
53.5;MPIB3;47.03490687807562;20.163242945000007;0.7808926105499268;-0.210393026471138;-0.5881344079971313;[];
53.5;MPIB2;20.70033193886843;30.30000001192093;0.0033984421752393246;-0.4632597863674164;-0.886171281337738;[];
53.5;MPIB1;59.64715221147617;12.321691666098815;-0.0016080762725323439;-0.5446015000343323;-0.8386411666870117;[];
53.55;MPIB4;28.69999998807907;32.5836836800143;0.8698422312736511;-0.49314841628074646;0.009841038845479488;[];
53.55;MPIB3;47.03490687807562;20.163242945000007;0.7808926105499268;-0.210393026471138;-0.5881344079971313;[];
53.55;MPIB2;20.70033193886843;30.30000001192093;0.0033984421752393246;-0.4632597863674164;-0.886171281337738;[];
53.55;MPIB1;59.64715221147617;12.321691666098815;-0.0016080762725323439;-0.5446015000343323;-0.8386411666870117;[];
53.6;MPIB4;28.69999998807907;32.5836836800143;0.8698422312736511;-0.49314841628074646;0.009841038845479488;[];
53.6;MPIB3;47.03490687807562;20.163242945000007;0.7808926105499268;-0.210393026471138;-0.5881344079971313;[];
53.6;MPIB2;20.70033193886843;30.30000001192093;0.0033984421752393246;-0.4632597863674164;-0.886171281337738;[];
53.6;MPIB1;59.64715221147617;12.321691666098815;-0.0016080762725323439;-0.5446015000343323;-0.8386411666870117;[];
53.65;MPIB4;28.69999998807907;32.5836836800143;0.8698422312736511;-0.49314841628074646;0.009841038845479488;[];
53.65;MPIB3;47.03490687807562;20.163242945000007;0.7808926105499268;-0.210393026471138;-0.5881344079971313;[];
53.65;MPIB2;20.70033193886843;30.30000001192093;0.0033984421752393246;-0.4632597863674164;-0.886171281337738;[];
53.65;MPIB1;59.64715221147617;12.321691666098815;-0.0016080762725323439;-0.5446015000343323;-0.8386411666870117;[];
53.7;MPIB4;28.69999998807907;32.5836836800143;0.8698422312736511;-0.49314841628074646;0.009841038845479488;[];
53.7;MPIB3;47.03490687807562;20.163242945000007;0.7808926105499268;-0.210393026471138;-0.5881344079971313;[];
53.7;MPIB2;20.70033193886843;30.30000001192093;0.0033984421752393246;-0.4632597863674164;-0.886171281337738;[];
53.7;MPIB1;59.64715221147617;12.321691666098815;-0.0016080762725323439;-0.5446015000343323;-0.8386411666870117;[];
53.75;MPIB4;28.69999998807907;32.5836836800143;0.8698422312736511;-0.49314841628074646;0.009841038845479488;[];
53.75;MPIB3;47.03490687807562;20.163242945000007;0.7808926105499268;-0.210393026471138;-0.5881344079971313;[];
53.75;MPIB2;20.70033193886843;30.30000001192093;0.0033984421752393246;-0.4632597863674164;-0.886171281337738;[];
53.75;MPIB1;59.64715221147617;12.321691666098815;-0.0016080762725323439;-0.5446015000343323;-0.8386411666870117;[];
53.8;MPIB4;28.69999998807907;32.5836836800143;0.8698422312736511;-0.49314841628074646;0.009841038845479488;[];
53.8;MPIB3;47.03490687807562;20.163242945000007;0.7808926105499268;-0.210393026471138;-0.5881344079971313;[];
53.8;MPIB2;20.70033193886843;30.30000001192093;0.0033984421752393246;-0.4632597863674164;-0.886171281337738;[];
53.8;MPIB1;59.64715221147617;12.321691666098815;-0.0016080762725323439;-0.5446015000343323;-0.8386411666870117;[];
53.85;MPIB4;28.69999998807907;32.5836836800143;0.8698422312736511;-0.49314841628074646;0.009841038845479488;[];
53.85;MPIB3;47.03490687807562;20.163242945000007;0.7808926105499268;-0.210393026471138;-0.5881344079971313;[];
53.85;MPIB2;20.70033193886843;30.30000001192093;0.0033984421752393246;-0.4632597863674164;-0.886171281337738;[];
53.85;MPIB1;59.64715221147617;12.321691666098815;-0.0016080762725323439;-0.5446015000343323;-0.8386411666870117;[];
53.9;MPIB4;28.69999998807907;32.5836836800143;0.8698422312736511;-0.49314841628074646;0.009841038845479488;[];
53.9;MPIB3;47.03490687807562;20.163242945000007;0.7808926105499268;-0.210393026471138;-0.5881344079971313;[];
53.9;MPIB2;20.70033193886843;30.30000001192093;0.0033984421752393246;-0.4632597863674164;-0.886171281337738;[];
53.9;MPIB1;59.64715221147617;12.321691666098815;-0.0016080762725323439;-0.5446015000343323;-0.8386411666870117;[];
53.95;MPIB4;28.69999998807907;32.5836836800143;0.8698422312736511;-0.49314841628074646;0.009841038845479488;[];
53.95;MPIB3;47.03490687807562;20.163242945000007;0.7808926105499268;-0.210393026471138;-0.5881344079971313;[];
53.95;MPIB2;20.70033193886843;30.30000001192093;0.0033984421752393246;-0.4632597863674164;-0.886171281337738;[];
53.95;MPIB1;59.64715221147617;12.321691666098815;-0.0016080762725323439;-0.5446015000343323;-0.8386411666870117;[];
54.0;MPIB4;28.69999998807907;32.5836836800143;0.8698422312736511;-0.49314841628074646;0.009841038845479488;[];
54.0;MPIB3;47.03490687807562;20.163242945000007;0.7808926105499268;-0.210393026471138;-0.5881344079971313;[];
54.0;MPIB2;20.70033193886843;30.30000001192093;0.0033984421752393246;-0.4632597863674164;-0.886171281337738;[];
54.0;MPIB1;59.64715221147617;12.321691666098815;-0.0016080762725323439;-0.5446015000343323;-0.8386411666870117;[];
54.05;MPIB4;28.69999998807907;32.5836836800143;0.8698422312736511;-0.49314841628074646;0.009841038845479488;[];
54.05;MPIB3;47.03490687807562;20.163242945000007;0.7808926105499268;-0.210393026471138;-0.5881344079971313;[];
54.05;MPIB2;20.70033193886843;30.30000001192093;0.0033984421752393246;-0.4632597863674164;-0.886171281337738;[];
54.05;MPIB1;59.64715221147617;12.321691666098815;-0.0016080762725323439;-0.5446015000343323;-0.8386411666870117;[];
54.1;MPIB4;28.69999998807907;32.5836836800143;0.8698422312736511;-0.49314841628074646;0.009841038845479488;[];
54.1;MPIB3;47.03490687807562;20.163242945000007;0.7808926105499268;-0.210393026471138;-0.5881344079971313;[];
54.1;MPIB2;20.70033193886843;30.30000001192093;0.0033984421752393246;-0.4632597863674164;-0.886171281337738;[];
54.1;MPIB1;59.64715221147617;12.321691666098815;-0.0016080762725323439;-0.5446015000343323;-0.8386411666870117;[];
54.15;MPIB4;28.69999998807907;32.5836836800143;0.8698422312736511;-0.49314841628074646;0.009841038845479488;[];
54.15;MPIB3;47.03490687807562;20.163242945000007;0.7808926105499268;-0.210393026471138;-0.5881344079971313;[];
54.15;MPIB2;20.706880676684477;30.20200078189373;0.0033984421752393246;-0.4632597863674164;-0.886171281337738;[];
54.15;MPIB1;59.64715221147617;12.321691666098815;-0.0016080762725323439;-0.5446015000343323;-0.8386411666870117;[];
54.2;MPIB4;28.69999998807907;32.5836836800143;0.8698422312736511;-0.49314841628074646;0.009841038845479488;[];
54.2;MPIB3;47.03490687807562;20.163242945000007;0.7808926105499268;-0.210393026471138;-0.5881344079971313;[];
54.2;MPIB2;20.70726589655601;30.05049396605662;0.0033984421752393246;-0.4632597863674164;-0.886171281337738;[];
54.2;MPIB1;59.64715221147617;12.321691666098815;-0.0016080762725323439;-0.5446015000343323;-0.8386411666870117;[];
54.25;MPIB4;28.69999998807907;32.5836836800143;0.8698422312736511;-0.49314841628074646;0.009841038845479488;[];
54.25;MPIB3;47.03490687807562;20.163242945000007;0.7808926105499268;-0.210393026471138;-0.5881344079971313;[];
54.25;MPIB2;20.70765111642754;29.869772004973896;0.0033984421752393246;-0.4632597863674164;-0.886171281337738;[];
54.25;MPIB1;59.64715221147617;12.321691666098815;-0.0016080762725323439;-0.5446015000343323;-0.8386411666870117;[];
54.3;MPIB4;28.94949199675115;32.604748235752425;0.8698422312736511;-0.49314841628074646;0.009841038845479488;[];
54.3;MPIB3;47.03490687807562;20.163242945000007;0.7808926105499268;-0.210393026471138;-0.5881344079971313;[];
54.3;MPIB2;20.708036336299074;29.67309857273426;0.0033984421752393246;-0.4632597863674164;-0.886171281337738;[];
54.3;MPIB1;59.64339396138075;12.300000011920929;-0.0016080762725323439;-0.5446015000343323;-0.8386411666870117;[];
54.35;MPIB4;29.130203790429317;32.60585689658075;0.8698422312736511;-0.49314841628074646;0.009841038845479488;[];
54.35;MPIB3;47.03490687807562;20.163242945000007;0.7808926105499268;-0.210393026471138;-0.5881344079971313;[];
54.35;MPIB2;20.708421556170606;29.467715636231333;0.0033984421752393246;-0.4632597863674164;-0.886171281337738;[];
54.35;MPIB1;59.64339396138075;12.300000011920929;-0.0016080762725323439;-0.5446015000343323;-0.8386411666870117;[];
54.4;MPIB4;29.326866157835777;32.60696555740907;0.8698422312736511;-0.49314841628074646;0.009841038845479488;[];
54.4;MPIB3;47.03490687807562;20.163242945000007;0.7808926105499268;-0.210393026471138;-0.5881344079971313;[];
54.4;MPIB2;20.708806776042138;29.257577309848273;0.0033984421752393246;-0.4632597863674164;-0.886171281337738;[];
54.4;MPIB1;59.64339396138075;12.300000011920929;-0.0016080762725323439;-0.5446015000343323;-0.8386411666870117;[];
54.45;MPIB4;29.53223753950946;32.60807421823739;0.8698422312736511;-0.49314841628074646;0.009841038845479488;[];
54.45;MPIB3;47.03490687807562;20.163242945000007;0.7808926105499268;-0.210393026471138;-0.5881344079971313;[];
54.45;MPIB2;20.70919199591367;29.044842540289096;0.0033984421752393246;-0.4632597863674164;-0.886171281337738;[];
54.45;MPIB1;59.64339396138075;12.300000011920929;-0.0016080762725323439;-0.5446015000343323;-0.8386411666870117;[];
54.5;MPIB4;29.742364043525363;32.60918287906571;0.8698422312736511;-0.49314841628074646;0.009841038845479488;[];
54.5;MPIB3;47.03490687807562;20.163242945000007;0.7808926105499268;-0.210393026471138;-0.5881344079971313;[];
54.5;MPIB2;20.709577215785202;28.8306901125911;0.0033984421752393246;-0.4632597863674164;-0.886171281337738;[];
54.5;MPIB1;59.64339396138075;12.300000011920929;-0.0016080762725323439;-0.5446015000343323;-0.8386411666870117;[];
54.55;MPIB4;29.955086844641688;32.610291539894035;0.8698422312736511;-0.49314841628074646;0.009841038845479488;[];
54.55;MPIB3;47.03490687807562;20.163242945000007;0.7808926105499268;-0.210393026471138;-0.5881344079971313;[];
54.55;MPIB2;20.709962435656735;28.61576364345939;0.0033984421752393246;-0.4632597863674164;-0.886171281337738;[];
54.55;MPIB1;59.64339396138075;12.300000011920929;-0.0016080762725323439;-0.5446015000343323;-0.8386411666870117;[];
54.6;MPIB4;30.169227224139497;32.61140020072236;0.8698422312736511;-0.49314841628074646;0.009841038845479488;[];
54.6;MPIB3;47.03490687807562;20.163242945000007;0.7808926105499268;-0.210393026471138;-0.5881344079971313;[];
54.6;MPIB2;20.710347655528267;28.40041454765577;0.0033984421752393246;-0.4632597863674164;-0.886171281337738;[];
54.6;MPIB1;59.64339396138075;12.300000011920929;-0.0016080762725323439;-0.5446015000343323;-0.8386411666870117;[];
54.65;MPIB4;30.384141601523503;32.61250886155068;0.8698422312736511;-0.49314841628074646;0.009841038845479488;[];
54.65;MPIB3;47.03490687807562;20.163242945000007;0.7808926105499268;-0.210393026471138;-0.5881344079971313;[];
54.65;MPIB2;20.7107328753998;28.184834697662495;0.0033984421752393246;-0.4632597863674164;-0.886171281337738;[];
54.65;MPIB1;59.64339396138075;12.300000011920929;-0.0016080762725323439;-0.5446015000343323;-0.8386411666870117;[];
54.7;MPIB4;30.599478581802455;32.613617522379;0.8698422312736511;-0.49314841628074646;0.009841038845479488;[];
54.7;MPIB3;47.03490687807562;20.163242945000007;0.7808926105499268;-0.210393026471138;-0.5881344079971313;[];
54.7;MPIB2;20.71111809527133;27.96912885586704;0.0033984421752393246;-0.4632597863674164;-0.886171281337738;[];
54.7;MPIB1;59.64339396138075;12.300000011920929;-0.0016080762725323439;-0.5446015000343323;-0.8386411666870117;[];
54.75;MPIB4;30.81504630328885;32.614726183207324;0.8698422312736511;-0.49314841628074646;0.009841038845479488;[];
54.75;MPIB3;47.03490687807562;20.163242945000007;0.7808926105499268;-0.210393026471138;-0.5881344079971313;[];
54.75;MPIB2;20.711503315142863;27.7533542225396;0.0033984421752393246;-0.4632597863674164;-0.886171281337738;[];
54.75;MPIB1;59.64339396138075;12.300000011920929;-0.0016080762725323439;-0.5446015000343323;-0.8386411666870117;[];
54.8;MPIB4;30.81504630328885;32.614726183207324;0.8698422312736511;-0.49314841628074646;0.009841038845479488;[];
54.8;MPIB3;47.03490687807562;20.163242945000007;0.7808926105499268;-0.210393026471138;-0.5881344079971313;[];
54.8;MPIB2;20.711888535014396;27.53754202903133;0.0033984421752393246;-0.4632597863674164;-0.886171281337738;[];
54.8;MPIB1;59.64339396138075;12.300000011920929;-0.0016080762725323439;-0.5446015000343323;-0.8386411666870117;[];
54.85;MPIB4;31.24650250335121;32.61694350486397;0.8698422312736511;-0.49314841628074646;0.009841038845479488;[];
54.85;MPIB3;47.03490687807562;20.163242945000007;0.7808926105499268;-0.210393026471138;-0.5881344079971313;[];
54.85;MPIB2;20.712273754885928;27.32170932766195;0.0033984421752393246;-0.4632597863674164;-0.886171281337738;[];
54.85;MPIB1;59.64339396138075;12.300000011920929;-0.0016080762725323439;-0.5446015000343323;-0.8386411666870117;[];
54.9;MPIB4;31.46230255528097;32.61805216569229;0.8698422312736511;-0.49314841628074646;0.009841038845479488;[];
54.9;MPIB3;47.03490687807562;20.163242945000007;0.7808926105499268;-0.210393026471138;-0.5881344079971313;[];
54.9;MPIB2;20.712273754885928;27.32170932766195;0.0033984421752393246;-0.4632597863674164;-0.886171281337738;[];
54.9;MPIB1;59.64339396138075;12.300000011920929;-0.0016080762725323439;-0.5446015000343323;-0.8386411666870117;[];
54.95;MPIB4;31.46230255528097;32.61805216569229;0.8698422312736511;-0.49314841628074646;0.009841038845479488;[];
54.95;MPIB3;47.03490687807562;20.163242945000007;0.7808926105499268;-0.210393026471138;-0.5881344079971313;[];
54.95;MPIB2;20.712273754885928;27.32170932766195;0.0033984421752393246;-0.4632597863674164;-0.886171281337738;[];
54.95;MPIB1;59.64339396138075;12.300000011920929;-0.0016080762725323439;-0.5446015000343323;-0.8386411666870117;[];
55.0;MPIB4;31.678123113918076;32.61916082652061;0.8698422312736511;-0.49314841628074646;0.009841038845479488;[];
55.0;MPIB3;47.03490687807562;20.163242945000007;0.7808926105499268;-0.210393026471138;-0.5881344079971313;[];
55.0;MPIB2;20.712273754885928;27.32170932766195;0.0033984421752393246;-0.4632597863674164;-0.886171281337738;[];
55.0;MPIB1;59.64339396138075;12.300000011920929;-0.0016080762725323439;-0.5446015000343323;-0.8386411666870117;[];
55.05;MPIB4;31.678123113918076;32.61916082652061;0.8698422312736511;-0.49314841628074646;0.009841038845479488;[];
55.05;MPIB3;47.03490687807562;20.163242945000007;0.7808926105499268;-0.210393026471138;-0.5881344079971313;[];
55.05;MPIB2;20.712273754885928;27.32170932766195;0.0033984421752393246;-0.4632597863674164;-0.886171281337738;[];
55.05;MPIB1;59.64339396138075;12.300000011920929;-0.0016080762725323439;-0.5446015000343323;-0.8386411666870117;[];
55.1;MPIB4;31.678123113918076;32.61916082652061;0.8698422312736511;-0.49314841628074646;0.009841038845479488;[];
55.1;MPIB3;47.03490687807562;20.163242945000007;0.7808926105499268;-0.210393026471138;-0.5881344079971313;[];
55.1;MPIB2;20.712273754885928;27.32170932766195;0.0033984421752393246;-0.4632597863674164;-0.886171281337738;[];
55.1;MPIB1;59.64339396138075;12.300000011920929;-0.0016080762725323439;-0.5446015000343323;-0.8386411666870117;[];
55.15;MPIB4;31.678123113918076;32.61916082652061;0.8685625791549683;-0.49539870023727417;0.00982656143605709;[];
55.15;MPIB3;47.03490687807562;20.163242945000007;0.7808926105499268;-0.210393026471138;-0.5881344079971313;[];
55.15;MPIB2;20.712273754885928;27.32170932766195;0.0033984421752393246;-0.4632597863674164;-0.886171281337738;[];
55.15;MPIB1;59.64019944879965;12.202000200748444;-0.0016080762725323439;-0.5446015000343323;-0.8386411666870117;[];
55.2;MPIB4;31.678123113918076;32.61916082652061;0.8672519326210022;-0.4977288246154785;0.007566545624285936;[];
55.2;MPIB3;47.03490687807562;20.163242945000007;0.7808926105499268;-0.210393026471138;-0.5881344079971313;[];
55.2;MPIB2;20.712273754885928;27.32170932766195;0.0033984421752393246;-0.4632597863674164;-0.886171281337738;[];
55.2;MPIB1;59.64001153629488;12.050492486460712;-0.0016080762725323439;-0.5446015000343323;-0.8386411666870117;[];
55.25;MPIB4;31.678123113918076;32.61916082652061;0.8672519326210022;-0.4977288246154785;0.007566545624285936;[];
55.25;MPIB3;47.03490687807562;20.163242945000007;0.8602912425994873;-0.27142199873924255;-0.4314846694469452;[];
55.25;MPIB2;20.712273754885928;27.32170932766195;0.0033984421752393246;-0.4632597863674164;-0.886171281337738;[];
55.25;MPIB1;59.63982362379011;11.8697694536786;-0.0016080762725323439;-0.5446015000343323;-0.8386411666870117;[];
55.3;MPIB4;31.678123113918076;32.61916082652061;0.8672519326210022;-0.4977288246154785;0.007566545624285936;[];
55.3;MPIB3;47.03490687807562;20.163242945000007;0.9323826432228088;-0.34365129470825195;-0.11182344704866409;[];
55.3;MPIB2;20.712273754885928;27.32170932766195;0.0033984421752393246;-0.4632597863674164;-0.886171281337738;[];
55.3;MPIB1;59.63963571128534;11.673094855145735;-0.0016080762725323439;-0.5446015000343323;-0.8386411666870117;[];
55.35;MPIB4;31.678123113918076;32.61916082652061;0.8672519326210022;-0.4977288246154785;0.007566545624285936;[];
55.35;MPIB3;47.03490687807562;20.163242945000007;0.9354203939437866;-0.3534461557865143;0.0010761881712824106;[];
55.35;MPIB2;20.712273754885928;27.32170932766195;0.0033984421752393246;-0.4632597863674164;-0.886171281337738;[];
55.35;MPIB1;59.639447798780566;11.467710700701332;-0.0016080762725323439;-0.5446015000343323;-0.8386411666870117;[];
55.4;MPIB4;31.678123113918076;32.61916082652061;0.8672519326210022;-0.4977288246154785;0.007566545624285936;[];
55.4;MPIB3;47.03490687807562;20.163242945000007;0.937177836894989;-0.3485085368156433;0.01329881139099598;[];
55.4;MPIB2;20.712273754885928;27.32170932766195;0.0033984421752393246;-0.4632597863674164;-0.886171281337738;[];
55.4;MPIB1;59.639259886275795;11.257571128176863;-0.0016080762725323439;-0.5446015000343323;-0.8386411666870117;[];
55.45;MPIB4;31.678123113918076;32.61916082652061;0.8672519326210022;-0.4977288246154785;0.007566545624285936;[];
55.45;MPIB3;47.03490687807562;20.163242945000007;0.937886655330658;-0.34608107805252075;0.02311379835009575;[];
55.45;MPIB2;20.712273754885928;27.32170932766195;0.0033984421752393246;-0.4632597863674164;-0.886171281337738;[];
55.45;MPIB1;59.639071973771024;11.044835097079101;-0.0016080762725323439;-0.5446015000343323;-0.8386411666870117;[];
55.5;MPIB4;31.678123113918076;32.61916082652061;0.8672519326210022;-0.4977288246154785;0.007566545624285936;[];
55.5;MPIB3;47.03490687807562;20.163242945000007;0.9394873380661011;-0.3411290943622589;0.03054523654282093;[];
55.5;MPIB2;20.712273754885928;27.32170932766195;0.0033984421752393246;-0.4632597863674164;-0.886171281337738;[];
55.5;MPIB1;59.63888406126625;10.830681399435662;-0.0016080762725323439;-0.5446015000343323;-0.8386411666870117;[];
55.55;MPIB4;31.678123113918076;32.61916082652061;0.8672519326210022;-0.4977288246154785;0.007566545624285936;[];
55.55;MPIB3;47.03490687807562;20.163242945000007;0.9446474313735962;-0.32630735635757446;0.03325178846716881;[];
55.55;MPIB2;20.712273754885928;27.32170932766195;0.0033984421752393246;-0.4632597863674164;-0.886171281337738;[];
55.55;MPIB1;59.63869614876148;10.615753655768373;-0.0016080762725323439;-0.5446015000343323;-0.8386411666870117;[];
55.6;MPIB4;31.678123113918076;32.61916082652061;0.8672519326210022;-0.4977288246154785;0.007566545624285936;[];
55.6;MPIB3;47.03490687807562;20.163242945000007;0.9480907320976257;-0.31641149520874023;0.03082495741546154;[];
55.6;MPIB2;20.712273754885928;27.32170932766195;0.0033984421752393246;-0.4632597863674164;-0.886171281337738;[];
55.6;MPIB1;59.63850823625671;10.40040328292298;-0.0016080762725323439;-0.5446015000343323;-0.8386411666870117;[];
55.65;MPIB4;31.678123113918076;32.61916082652061;0.8672519326210022;-0.4977288246154785;0.007566545624285936;[];
55.65;MPIB3;47.03490687807562;20.163242945000007;0.9489831328392029;-0.31395483016967773;0.028395045548677444;[];
55.65;MPIB2;20.712273754885928;27.32170932766195;0.0033984421752393246;-0.4632597863674164;-0.886171281337738;[];
55.65;MPIB1;59.63832032375194;10.184822154519537;-0.0016080762725323439;-0.5446015000343323;-0.8386411666870117;[];
55.7;MPIB4;31.678123113918076;32.61916082652061;0.8672519326210022;-0.4977288246154785;0.007566545624285936;[];
55.7;MPIB3;47.03490687807562;20.163242945000007;0.9489831328392029;-0.31395483016967773;0.028395045548677444;[];
55.7;MPIB2;20.712273754885928;27.32170932766195;0.0033984421752393246;-0.4632597863674164;-0.886171281337738;[];
55.7;MPIB1;59.63813241124717;9.969115033566766;-0.0016080762725323439;-0.5446015000343323;-0.8386411666870117;[];
55.75;MPIB4;31.678123113918076;32.61916082652061;0.8672519326210022;-0.4977288246154785;0.007566545624285936;[];
55.75;MPIB3;47.03490687807562;20.163242945000007;0.9489831328392029;-0.31395483016967773;0.028395045548677444;[];
55.75;MPIB2;20.712273754885928;27.32170932766195;0.0033984421752393246;-0.4632597863674164;-0.886171281337738;[];
55.75;MPIB1;59.6379444987424;9.75333912067407;-0.0016080762725323439;-0.5446015000343323;-0.8386411666870117;[];
55.8;MPIB4;31.678123113918076;32.61916082652061;0.8672519326210022;-0.4977288246154785;0.007566545624285936;[];
55.8;MPIB3;47.03490687807562;20.163242945000007;0.9489831328392029;-0.31395483016967773;0.028395045548677444;[];
55.8;MPIB2;20.712273754885928;27.32170932766195;0.0033984421752393246;-0.4632597863674164;-0.886171281337738;[];
55.8;MPIB1;59.63775658623763;9.537525647377805;-0.0016080762725323439;-0.5446015000343323;-0.8386411666870117;[];
55.85;MPIB4;31.678123113918076;32.61916082652061;0.8672519326210022;-0.4977288246154785;0.007566545624285936;[];
55.85;MPIB3;47.03490687807562;20.163242945000007;0.9489831328392029;-0.31395483016967773;0.028395045548677444;[];
55.85;MPIB2;20.71997815231657;27.30000001192093;0.0033984421752393246;-0.4632597863674164;-0.886171281337738;[];
55.85;MPIB1;59.63756867373286;9.321691666098815;-0.0016080762725323439;-0.5446015000343323;-0.8386411666870117;[];
55.9;MPIB4;31.678123113918076;32.61916082652061;0.8672519326210022;-0.4977288246154785;0.007566545624285936;[];
55.9;MPIB3;47.03490687807562;20.163242945000007;0.9489831328392029;-0.31395483016967773;0.028395045548677444;[];
55.9;MPIB2;20.71997815231657;27.30000001192093;0.0033984421752393246;-0.4632597863674164;-0.886171281337738;[];
55.9;MPIB1;59.63756867373286;9.321691666098815;-0.0016080762725323439;-0.5446015000343323;-0.8386411666870117;[];
55.95;MPIB4;31.69999998807907;32.63702166735203;0.8672519326210022;-0.4977288246154785;0.007566545624285936;[];
55.95;MPIB3;47.03490687807562;20.163242945000007;0.9489831328392029;-0.31395483016967773;0.028395045548677444;[];
55.95;MPIB2;20.71997815231657;27.30000001192093;0.0033984421752393246;-0.4632597863674164;-0.886171281337738;[];
55.95;MPIB1;59.63756867373286;9.321691666098815;-0.0016080762725323439;-0.5446015000343323;-0.8386411666870117;[];
56.0;MPIB4;31.69999998807907;32.63702166735203;0.8672519326210022;-0.4977288246154785;0.007566545624285936;[];
56.0;MPIB3;47.03490687807562;20.163242945000007;0.9489831328392029;-0.31395483016967773;0.028395045548677444;[];
56.0;MPIB2;20.71997815231657;27.30000001192093;0.0033984421752393246;-0.4632597863674164;-0.886171281337738;[];
56.0;MPIB1;59.63756867373286;9.321691666098815;-0.0016080762725323439;-0.5446015000343323;-0.8386411666870117;[];
56.05;MPIB4;31.69999998807907;32.63702166735203;0.8672519326210022;-0.4977288246154785;0.007566545624285936;[];
56.05;MPIB3;47.03490687807562;20.163242945000007;0.9489831328392029;-0.31395483016967773;0.028395045548677444;[];
56.05;MPIB2;20.71997815231657;27.30000001192093;0.0033984421752393246;-0.4632597863674164;-0.886171281337738;[];
56.05;MPIB1;59.63756867373286;9.321691666098815;-0.0016080762725323439;-0.5446015000343323;-0.8386411666870117;[];
56.1;MPIB4;31.69999998807907;32.63702166735203;0.8672519326210022;-0.4977288246154785;0.007566545624285936;[];
56.1;MPIB3;47.03490687807562;20.163242945000007;0.9489831328392029;-0.31395483016967773;0.028395045548677444;[];
56.1;MPIB2;20.71997815231657;27.30000001192093;0.0033984421752393246;-0.4632597863674164;-0.886171281337738;[];
56.1;MPIB1;59.63756867373286;9.321691666098815;-0.0016080762725323439;-0.5446015000343323;-0.8386411666870117;[];
56.15;MPIB4;31.69999998807907;32.63702166735203;0.8672519326210022;-0.4977288246154785;0.007566545624285936;[];
56.15;MPIB3;47.03490687807562;20.163242945000007;0.9489831328392029;-0.31395483016967773;0.028395045548677444;[];
56.15;MPIB2;20.71997815231657;27.30000001192093;0.0033984421752393246;-0.4632597863674164;-0.886171281337738;[];
56.15;MPIB1;59.63756867373286;9.321691666098815;-0.0016080762725323439;-0.5446015000343323;-0.8386411666870117;[];
56.2;MPIB4;31.69999998807907;32.63702166735203;0.8672519326210022;-0.4977288246154785;0.007566545624285936;[];
56.2;MPIB3;47.03490687807562;20.163242945000007;0.9489831328392029;-0.31395483016967773;0.028395045548677444;[];
56.2;MPIB2;20.71997815231657;27.30000001192093;0.0033984421752393246;-0.4632597863674164;-0.886171281337738;[];
56.2;MPIB1;59.63756867373286;9.321691666098815;-0.0016080762725323439;-0.5446015000343323;-0.8386411666870117;[];
56.25;MPIB4;31.69999998807907;32.63702166735203;0.8672519326210022;-0.4977288246154785;0.007566545624285936;[];
56.25;MPIB3;47.03490687807562;20.163242945000007;0.9489831328392029;-0.31395483016967773;0.028395045548677444;[];
56.25;MPIB2;20.71997815231657;27.30000001192093;0.0033984421752393246;-0.4632597863674164;-0.886171281337738;[];
56.25;MPIB1;59.63756867373286;9.321691666098815;-0.0016080762725323439;-0.5446015000343323;-0.8386411666870117;[];
56.3;MPIB4;31.69999998807907;32.63702166735203;0.8672519326210022;-0.4977288246154785;0.007566545624285936;[];
56.3;MPIB3;47.03490687807562;20.163242945000007;0.9489831328392029;-0.31395483016967773;0.028395045548677444;[];
56.3;MPIB2;20.71997815231657;27.30000001192093;0.0033984421752393246;-0.4632597863674164;-0.886171281337738;[];
56.3;MPIB1;59.63756867373286;9.321691666098815;-0.0016080762725323439;-0.5446015000343323;-0.8386411666870117;[];
56.35;MPIB4;31.69999998807907;32.63702166735203;0.8672519326210022;-0.4977288246154785;0.007566545624285936;[];
56.35;MPIB3;47.03490687807562;20.163242945000007;0.9489831328392029;-0.31395483016967773;0.028395045548677444;[];
56.35;MPIB2;20.71997815231657;27.30000001192093;0.0033984421752393246;-0.4632597863674164;-0.886171281337738;[];
56.35;MPIB1;59.63756867373286;9.321691666098815;-0.0016080762725323439;-0.5446015000343323;-0.8386411666870117;[];
56.4;MPIB4;31.69999998807907;32.63702166735203;0.8672519326210022;-0.4977288246154785;0.007566545624285936;[];
56.4;MPIB3;47.03490687807562;20.163242945000007;0.9489831328392029;-0.31395483016967773;0.028395045548677444;[];
56.4;MPIB2;20.71997815231657;27.30000001192093;0.0033984421752393246;-0.4632597863674164;-0.886171281337738;[];
56.4;MPIB1;59.63756867373286;9.321691666098815;-0.0016080762725323439;-0.5446015000343323;-0.8386411666870117;[];
56.45;MPIB4;31.69999998807907;32.63702166735203;0.8672519326210022;-0.4977288246154785;0.007566545624285936;[];
56.45;MPIB3;47.03490687807562;20.163242945000007;0.9489831328392029;-0.31395483016967773;0.028395045548677444;[];
56.45;MPIB2;20.71997815231657;27.30000001192093;0.0033984421752393246;-0.4632597863674164;-0.886171281337738;[];
56.45;MPIB1;59.63756867373286;9.321691666098815;-0.0016080762725323439;-0.5446015000343323;-0.8386411666870117;[];
56.5;MPIB4;31.69999998807907;32.63702166735203;0.8672519326210022;-0.4977288246154785;0.007566545624285936;[];
56.5;MPIB3;47.03490687807562;20.163242945000007;0.9489831328392029;-0.31395483016967773;0.028395045548677444;[];
56.5;MPIB2;20.71997815231657;27.30000001192093;0.0033984421752393246;-0.4632597863674164;-0.886171281337738;[];
56.5;MPIB1;59.63756867373286;9.321691666098815;-0.0016080762725323439;-0.5446015000343323;-0.8386411666870117;[];
56.55;MPIB4;31.69999998807907;32.63702166735203;0.8672519326210022;-0.4977288246154785;0.007566545624285936;[];
56.55;MPIB3;47.03490687807562;20.163242945000007;0.9489831328392029;-0.31395483016967773;0.028395045548677444;[];
56.55;MPIB2;20.71997815231657;27.30000001192093;0.0033984421752393246;-0.4632597863674164;-0.886171281337738;[];
56.55;MPIB1;59.63756867373286;9.321691666098815;-0.0016080762725323439;-0.5446015000343323;-0.8386411666870117;[];
56.6;MPIB4;31.69999998807907;32.63702166735203;0.8672519326210022;-0.4977288246154785;0.007566545624285936;[];
56.6;MPIB3;47.03490687807562;20.163242945000007;0.9489831328392029;-0.31395483016967773;0.028395045548677444;[];
56.6;MPIB2;20.71997815231657;27.30000001192093;0.0033984421752393246;-0.4632597863674164;-0.886171281337738;[];
56.6;MPIB1;59.63756867373286;9.321691666098815;-0.0016080762725323439;-0.5446015000343323;-0.8386411666870117;[];
56.65;MPIB4;31.69999998807907;32.63702166735203;0.8672519326210022;-0.4977288246154785;0.007566545624285936;[];
56.65;MPIB3;47.03490687807562;20.163242945000007;0.9489831328392029;-0.31395483016967773;0.028395045548677444;[];
56.65;MPIB2;20.71997815231657;27.30000001192093;0.0033984421752393246;-0.4632597863674164;-0.886171281337738;[];
56.65;MPIB1;59.63756867373286;9.321691666098815;-0.0016080762725323439;-0.5446015000343323;-0.8386411666870117;[];
56.7;MPIB4;31.69999998807907;32.63702166735203;0.8672519326210022;-0.4977288246154785;0.007566545624285936;[];
56.7;MPIB3;47.03490687807562;20.163242945000007;0.9489831328392029;-0.31395483016967773;0.028395045548677444;[];
56.7;MPIB2;20.726526890132618;27.20200078189373;0.0033984421752393246;-0.4632597863674164;-0.886171281337738;[];
56.7;MPIB1;59.63756867373286;9.321691666098815;-0.0016080762725323439;-0.5446015000343323;-0.8386411666870117;[];
56.75;MPIB4;31.69999998807907;32.63702166735203;0.8672519326210022;-0.4977288246154785;0.007566545624285936;[];
56.75;MPIB3;47.03490687807562;20.163242945000007;0.9489831328392029;-0.31395483016967773;0.028395045548677444;[];
56.75;MPIB2;20.72691211000415;27.05049396605662;0.0033984421752393246;-0.4632597863674164;-0.886171281337738;[];
56.75;MPIB1;59.63756867373286;9.321691666098815;-0.0016080762725323439;-0.5446015000343323;-0.8386411666870117;[];
56.8;MPIB4;31.79799624532461;32.65155652569848;0.8672519326210022;-0.4977288246154785;0.007566545624285936;[];
56.8;MPIB3;47.03490687807562;20.163242945000007;0.9489831328392029;-0.31395483016967773;0.028395045548677444;[];
56.8;MPIB2;20.727297329875682;26.869772004973896;0.0033984421752393246;-0.4632597863674164;-0.886171281337738;[];
56.8;MPIB1;59.63756867373286;9.321691666098815;-0.0016080762725323439;-0.5446015000343323;-0.8386411666870117;[];
56.85;MPIB4;31.79799624532461;32.65155652569848;0.8672519326210022;-0.4977288246154785;0.007566545624285936;[];
56.85;MPIB3;47.03490687807562;20.163242945000007;0.9489831328392029;-0.31395483016967773;0.028395045548677444;[];
56.85;MPIB2;20.727682549747215;26.67309857273426;0.0033984421752393246;-0.4632597863674164;-0.886171281337738;[];
56.85;MPIB1;59.63381042363744;9.300000011920929;-0.0016080762725323439;-0.5446015000343323;-0.8386411666870117;[];
56.9;MPIB4;32.13021494416918;32.65326650903336;0.8672519326210022;-0.4977288246154785;0.007566545624285936;[];
56.9;MPIB3;47.03490687807562;20.163242945000007;0.9489831328392029;-0.31395483016967773;0.028395045548677444;[];
56.9;MPIB2;20.728067769618747;26.467715636231333;0.0033984421752393246;-0.4632597863674164;-0.886171281337738;[];
56.9;MPIB1;59.63381042363744;9.300000011920929;-0.0016080762725323439;-0.5446015000343323;-0.8386411666870117;[];
56.95;MPIB4;32.32688241037039;32.654121500700796;0.8672519326210022;-0.4977288246154785;0.007566545624285936;[];
56.95;MPIB3;47.03490687807562;20.163242945000007;0.9489831328392029;-0.31395483016967773;0.028395045548677444;[];
56.95;MPIB2;20.72845298949028;26.257577309848273;0.0033984421752393246;-0.4632597863674164;-0.886171281337738;[];
56.95;MPIB1;59.63381042363744;9.300000011920929;-0.0016080762725323439;-0.5446015000343323;-0.8386411666870117;[];
57.0;MPIB4;32.53225911663431;32.654976492368235;0.8672519326210022;-0.4977288246154785;0.007566545624285936;[];
57.0;MPIB3;47.03490687807562;20.163242945000007;0.9489831328392029;-0.31395483016967773;0.028395045548677444;[];
57.0;MPIB2;20.72883820936181;26.044842540289096;0.0033984421752393246;-0.4632597863674164;-0.886171281337738;[];
57.0;MPIB1;59.63381042363744;9.300000011920929;-0.0016080762725323439;-0.5446015000343323;-0.8386411666870117;[];
57.05;MPIB4;32.53225911663431;32.654976492368235;0.8672519326210022;-0.4977288246154785;0.007566545624285936;[];
57.05;MPIB3;47.03490687807562;20.163242945000007;0.9489831328392029;-0.31395483016967773;0.028395045548677444;[];
57.05;MPIB2;20.729223429233343;25.8306901125911;0.0033984421752393246;-0.4632597863674164;-0.886171281337738;[];
57.05;MPIB1;59.63381042363744;9.300000011920929;-0.0016080762725323439;-0.5446015000343323;-0.8386411666870117;[];
57.1;MPIB4;32.742391068524796;32.65583148403567;0.8672519326210022;-0.4977288246154785;0.007566545624285936;[];
57.1;MPIB3;47.03490687807562;20.163242945000007;0.9489831328392029;-0.31395483016967773;0.028395045548677444;[];
57.1;MPIB2;20.729608649104875;25.61576364345939;0.0033984421752393246;-0.4632597863674164;-0.886171281337738;[];
57.1;MPIB1;59.63381042363744;9.300000011920929;-0.0016080762725323439;-0.5446015000343323;-0.8386411666870117;[];
57.15;MPIB4;33.1692653162677;32.65754146737055;0.8672519326210022;-0.4977288246154785;0.007566545624285936;[];
57.15;MPIB3;47.03490687807562;20.163242945000007;0.9489831328392029;-0.31395483016967773;0.028395045548677444;[];
57.15;MPIB2;20.729993868976408;25.40041454765577;0.0033984421752393246;-0.4632597863674164;-0.886171281337738;[];
57.15;MPIB1;59.63381042363744;9.300000011920929;-0.0016080762725323439;-0.5446015000343323;-0.8386411666870117;[];
57.2;MPIB4;33.38418526565977;32.65839645903799;0.8672519326210022;-0.4977288246154785;0.007566545624285936;[];
57.2;MPIB3;47.03490687807562;20.163242945000007;0.9489831328392029;-0.31395483016967773;0.028395045548677444;[];
57.2;MPIB2;20.73037908884794;25.184834697662495;0.0033984421752393246;-0.4632597863674164;-0.886171281337738;[];
57.2;MPIB1;59.63381042363744;9.300000011920929;-0.0016080762725323439;-0.5446015000343323;-0.8386411666870117;[];
57.25;MPIB4;33.59952782890346;32.659251450705426;0.8672519326210022;-0.4977288246154785;0.007566545624285936;[];
57.25;MPIB3;47.03490687807562;20.163242945000007;0.9489831328392029;-0.31395483016967773;0.028395045548677444;[];
57.25;MPIB2;20.730764308719472;24.96912885586704;0.0033984421752393246;-0.4632597863674164;-0.886171281337738;[];
57.25;MPIB1;59.63381042363744;9.300000011920929;-0.0016080762725323439;-0.5446015000343323;-0.8386411666870117;[];
57.3;MPIB4;33.815101139336946;32.660106442372864;0.8672519326210022;-0.4977288246154785;0.007566545624285936;[];
57.3;MPIB3;47.03490687807562;20.163242945000007;0.9489831328392029;-0.31395483016967773;0.028395045548677444;[];
57.3;MPIB2;20.731149528591004;24.7533542225396;0.0033984421752393246;-0.4632597863674164;-0.886171281337738;[];
57.3;MPIB1;59.63381042363744;9.300000011920929;-0.0016080762725323439;-0.5446015000343323;-0.8386411666870117;[];
57.35;MPIB4;34.030800437750685;32.6609614340403;0.8672519326210022;-0.4977288246154785;0.007566545624285936;[];
57.35;MPIB3;47.03490687807562;20.163242945000007;0.9489831328392029;-0.31395483016967773;0.028395045548677444;[];
57.35;MPIB2;20.731534748462536;24.53754202903133;0.0033984421752393246;-0.4632597863674164;-0.886171281337738;[];
57.35;MPIB1;59.63381042363744;9.300000011920929;-0.0016080762725323439;-0.5446015000343323;-0.8386411666870117;[];
57.4;MPIB4;34.24656852560963;32.66181642570774;0.8672519326210022;-0.4977288246154785;0.007566545624285936;[];
57.4;MPIB3;47.03490687807562;20.163242945000007;0.9489831328392029;-0.31395483016967773;0.028395045548677444;[];
57.4;MPIB2;20.73191996833407;24.32170932766195;0.0033984421752393246;-0.4632597863674164;-0.886171281337738;[];
57.4;MPIB1;59.63381042363744;9.300000011920929;-0.0016080762725323439;-0.5446015000343323;-0.8386411666870117;[];
57.45;MPIB4;34.462376057506916;32.66241774233532;0.8672686219215393;-0.4977288246154785;0.005321560427546501;[];
57.45;MPIB3;47.03490687807562;20.163242945000007;0.9489831328392029;-0.31395483016967773;0.028395045548677444;[];
57.45;MPIB2;20.73191996833407;24.32170932766195;0.0033984421752393246;-0.4632597863674164;-0.886171281337738;[];
57.45;MPIB1;59.63381042363744;9.300000011920929;-0.0016080762725323439;-0.5446015000343323;-0.8386411666870117;[];
57.5;MPIB4;34.67820512585165;32.6630190589629;0.8672686219215393;-0.4977288246154785;0.005321560427546501;[];
57.5;MPIB3;47.03490687807562;20.163242945000007;0.9489831328392029;-0.31395483016967773;0.028395045548677444;[];
57.5;MPIB2;20.73191996833407;24.32170932766195;0.0033984421752393246;-0.4632597863674164;-0.886171281337738;[];
57.5;MPIB1;59.63381042363744;9.300000011920929;-0.0016080762725323439;-0.5446015000343323;-0.8386411666870117;[];
57.55;MPIB4;34.67820512585165;32.6630190589629;0.8672686219215393;-0.4977288246154785;0.005321560427546501;[];
57.55;MPIB3;47.03490687807562;20.163242945000007;0.9489831328392029;-0.31395483016967773;0.028395045548677444;[];
57.55;MPIB2;20.73191996833407;24.32170932766195;0.0033984421752393246;-0.4632597863674164;-0.886171281337738;[];
57.55;MPIB1;59.63381042363744;9.300000011920929;-0.0016080762725323439;-0.5446015000343323;-0.8386411666870117;[];
57.6;MPIB4;34.67820512585165;32.6630190589629;0.8672686219215393;-0.4977288246154785;0.005321560427546501;[];
57.6;MPIB3;47.03490687807562;20.163242945000007;0.9489831328392029;-0.31395483016967773;0.028395045548677444;[];
57.6;MPIB2;20.73191996833407;24.32170932766195;0.0033984421752393246;-0.4632597863674164;-0.886171281337738;[];
57.6;MPIB1;59.63381042363744;9.300000011920929;-0.0016080762725323439;-0.5446015000343323;-0.8386411666870117;[];
57.65;MPIB4;34.67820512585165;32.6630190589629;0.8672686219215393;-0.4977288246154785;0.005321560427546501;[];
57.65;MPIB3;47.03490687807562;20.163242945000007;0.9489831328392029;-0.31395483016967773;0.028395045548677444;[];
57.65;MPIB2;20.73191996833407;24.32170932766195;0.0033984421752393246;-0.4632597863674164;-0.886171281337738;[];
57.65;MPIB1;59.63381042363744;9.300000011920929;-0.0016080762725323439;-0.5446015000343323;-0.8386411666870117;[];
57.7;MPIB4;34.67820512585165;32.6630190589629;0.8672686219215393;-0.4977288246154785;0.005321560427546501;[];
57.7;MPIB3;47.03490687807562;20.163242945000007;0.9489831328392029;-0.31395483016967773;0.028395045548677444;[];
57.7;MPIB2;20.73191996833407;24.32170932766195;0.0033984421752393246;-0.4632597863674164;-0.886171281337738;[];
57.7;MPIB1;59.63381042363744;9.300000011920929;-0.0016080762725323439;-0.5446015000343323;-0.8386411666870117;[];
57.75;MPIB4;34.67820512585165;32.6630190589629;0.8672686219215393;-0.4977288246154785;0.005321560427546501;[];
57.75;MPIB3;47.03490687807562;20.163242945000007;0.9489831328392029;-0.31395483016967773;0.028395045548677444;[];
57.75;MPIB2;20.73191996833407;24.32170932766195;0.0033984421752393246;-0.4632597863674164;-0.886171281337738;[];
57.75;MPIB1;59.63042799855157;9.050492486460712;-0.0016080762725323439;-0.5446015000343323;-0.8386411666870117;[];
57.8;MPIB4;34.67820512585165;32.6630190589629;0.8672686219215393;-0.4977288246154785;0.005321560427546501;[];
57.8;MPIB3;47.03490687807562;20.163242945000007;0.9489831328392029;-0.31395483016967773;0.028395045548677444;[];
57.8;MPIB2;20.73191996833407;24.32170932766195;0.0033984421752393246;-0.4632597863674164;-0.886171281337738;[];
57.8;MPIB1;59.6302400860468;8.8697694536786;-0.0016080762725323439;-0.5446015000343323;-0.8386411666870117;[];
57.85;MPIB4;34.67820512585165;32.6630190589629;0.8672686219215393;-0.4977288246154785;0.005321560427546501;[];
57.85;MPIB3;47.03490687807562;20.163242945000007;0.9489831328392029;-0.31395483016967773;0.028395045548677444;[];
57.85;MPIB2;20.73191996833407;24.32170932766195;0.0033984421752393246;-0.4632597863674164;-0.886171281337738;[];
57.85;MPIB1;59.630052173542026;8.673094855145735;-0.0016080762725323439;-0.5446015000343323;-0.8386411666870117;[];
57.9;MPIB4;34.67820512585165;32.6630190589629;0.8672686219215393;-0.4977288246154785;0.005321560427546501;[];
57.9;MPIB3;47.03490687807562;20.163242945000007;0.9489831328392029;-0.31395483016967773;0.028395045548677444;[];
57.9;MPIB2;20.73191996833407;24.32170932766195;0.0033984421752393246;-0.4632597863674164;-0.886171281337738;[];
57.9;MPIB1;59.629864261037255;8.467710700701332;-0.0016080762725323439;-0.5446015000343323;-0.8386411666870117;[];
57.95;MPIB4;34.67820512585165;32.6630190589629;0.8672686219215393;-0.4977288246154785;0.005321560427546501;[];
57.95;MPIB3;47.03490687807562;20.163242945000007;0.9489831328392029;-0.31395483016967773;0.028395045548677444;[];
57.95;MPIB2;20.73191996833407;24.32170932766195;0.0033984421752393246;-0.4632597863674164;-0.886171281337738;[];
57.95;MPIB1;59.629676348532485;8.257571128176863;-0.0016080762725323439;-0.5446015000343323;-0.8386411666870117;[];
58.0;MPIB4;34.67820512585165;32.6630190589629;0.8672686219215393;-0.4977288246154785;0.005321560427546501;[];
58.0;MPIB3;47.03490687807562;20.163242945000007;0.9489831328392029;-0.31395483016967773;0.028395045548677444;[];
58.0;MPIB2;20.73191996833407;24.32170932766195;0.0033984421752393246;-0.4632597863674164;-0.886171281337738;[];
58.0;MPIB1;59.629488436027714;8.044835097079101;-0.0016080762725323439;-0.5446015000343323;-0.8386411666870117;[];
58.05;MPIB4;34.67820512585165;32.6630190589629;0.8672686219215393;-0.4977288246154785;0.005321560427546501;[];
58.05;MPIB3;47.03490687807562;20.163242945000007;0.9489831328392029;-0.31395483016967773;0.028395045548677444;[];
58.05;MPIB2;20.73191996833407;24.32170932766195;0.0033984421752393246;-0.4632597863674164;-0.886171281337738;[];
58.05;MPIB1;59.62930052352294;7.830681399435662;-0.0016080762725323439;-0.5446015000343323;-0.8386411666870117;[];
58.1;MPIB4;34.67820512585165;32.6630190589629;0.8672686219215393;-0.4977288246154785;0.005321560427546501;[];
58.1;MPIB3;47.03490687807562;20.163242945000007;0.9489831328392029;-0.31395483016967773;0.028395045548677444;[];
58.1;MPIB2;20.73191996833407;24.32170932766195;0.0033984421752393246;-0.4632597863674164;-0.886171281337738;[];
58.1;MPIB1;59.62911261101817;7.615753655768373;-0.0016080762725323439;-0.5446015000343323;-0.8386411666870117;[];
58.15;MPIB4;34.67820512585165;32.6630190589629;0.8672686219215393;-0.4977288246154785;0.005321560427546501;[];
58.15;MPIB3;47.03490687807562;20.163242945000007;0.9489831328392029;-0.31395483016967773;0.028395045548677444;[];
58.15;MPIB2;20.73191996833407;24.32170932766195;0.0033984421752393246;-0.4632597863674164;-0.886171281337738;[];
58.15;MPIB1;59.6289246985134;7.40040328292298;-0.0016080762725323439;-0.5446015000343323;-0.8386411666870117;[];
58.2;MPIB4;34.67820512585165;32.6630190589629;0.8672686219215393;-0.4977288246154785;0.005321560427546501;[];
58.2;MPIB3;47.03490687807562;20.163242945000007;0.9489831328392029;-0.31395483016967773;0.028395045548677444;[];
58.2;MPIB2;20.73191996833407;24.32170932766195;0.0033984421752393246;-0.4632597863674164;-0.886171281337738;[];
58.2;MPIB1;59.62873678600863;7.184822154519537;-0.0016080762725323439;-0.5446015000343323;-0.8386411666870117;[];
58.25;MPIB4;34.67820512585165;32.6630190589629;0.8672686219215393;-0.4977288246154785;0.005321560427546501;[];
58.25;MPIB3;47.03490687807562;20.163242945000007;0.9489831328392029;-0.31395483016967773;0.028395045548677444;[];
58.25;MPIB2;20.73191996833407;24.32170932766195;0.0033984421752393246;-0.4632597863674164;-0.886171281337738;[];
58.25;MPIB1;59.62854887350386;6.969115033566766;-0.0016080762725323439;-0.5446015000343323;-0.8386411666870117;[];
58.3;MPIB4;34.67820512585165;32.6630190589629;0.8672686219215393;-0.4977288246154785;0.005321560427546501;[];
58.3;MPIB3;47.03490687807562;20.163242945000007;0.9489831328392029;-0.31395483016967773;0.028395045548677444;[];
58.3;MPIB2;20.73191996833407;24.32170932766195;0.0033984421752393246;-0.4632597863674164;-0.886171281337738;[];
58.3;MPIB1;59.62836096099909;6.75333912067407;-0.0016080762725323439;-0.5446015000343323;-0.8386411666870117;[];
58.35;MPIB4;34.67820512585165;32.6630190589629;0.8672686219215393;-0.4977288246154785;0.005321560427546501;[];
58.35;MPIB3;47.03490687807562;20.163242945000007;0.9489831328392029;-0.31395483016967773;0.028395045548677444;[];
58.35;MPIB2;20.73191996833407;24.32170932766195;0.0033984421752393246;-0.4632597863674164;-0.886171281337738;[];
58.35;MPIB1;59.62817304849432;6.537525647377805;-0.0016080762725323439;-0.5446015000343323;-0.8386411666870117;[];
58.4;MPIB4;34.67820512585165;32.6630190589629;0.8672686219215393;-0.4977288246154785;0.005321560427546501;[];
58.4;MPIB3;47.03490687807562;20.163242945000007;0.9489831328392029;-0.31395483016967773;0.028395045548677444;[];
58.4;MPIB2;20.739624365764712;24.30000001192093;0.0033984421752393246;-0.4632597863674164;-0.886171281337738;[];
58.4;MPIB1;59.62798513598955;6.321691666098815;-0.0016080762725323439;-0.5446015000343323;-0.8386411666870117;[];
58.45;MPIB4;34.67820512585165;32.6630190589629;0.8672686219215393;-0.4977288246154785;0.005321560427546501;[];
58.45;MPIB3;47.03490687807562;20.163242945000007;0.9489831328392029;-0.31395483016967773;0.028395045548677444;[];
58.45;MPIB2;20.739624365764712;24.30000001192093;0.0033984421752393246;-0.4632597863674164;-0.886171281337738;[];
58.45;MPIB1;59.62798513598955;6.321691666098815;-0.0016080762725323439;-0.5446015000343323;-0.8386411666870117;[];
58.5;MPIB4;34.69999998807907;32.675045391514516;0.8672686219215393;-0.4977288246154785;0.005321560427546501;[];
58.5;MPIB3;47.03490687807562;20.163242945000007;0.9489831328392029;-0.31395483016967773;0.028395045548677444;[];
58.5;MPIB2;20.739624365764712;24.30000001192093;0.0033984421752393246;-0.4632597863674164;-0.886171281337738;[];
58.5;MPIB1;59.62798513598955;6.321691666098815;-0.0016080762725323439;-0.5446015000343323;-0.8386411666870117;[];
58.55;MPIB4;34.69999998807907;32.675045391514516;0.8672686219215393;-0.4977288246154785;0.005321560427546501;[];
58.55;MPIB3;47.03490687807562;20.163242945000007;0.9489831328392029;-0.31395483016967773;0.028395045548677444;[];
58.55;MPIB2;20.739624365764712;24.30000001192093;0.0033984421752393246;-0.4632597863674164;-0.886171281337738;[];
58.55;MPIB1;59.62798513598955;6.321691666098815;-0.0016080762725323439;-0.5446015000343323;-0.8386411666870117;[];
58.6;MPIB4;34.69999998807907;32.675045391514516;0.8672686219215393;-0.4977288246154785;0.005321560427546501;[];
58.6;MPIB3;47.03490687807562;20.163242945000007;0.9525736570358276;-0.30401602387428284;0.01105104573071003;[];
58.6;MPIB2;20.739624365764712;24.30000001192093;0.0033984421752393246;-0.4632597863674164;-0.886171281337738;[];
58.6;MPIB1;59.62798513598955;6.321691666098815;-0.0016080762725323439;-0.5446015000343323;-0.8386411666870117;[];
58.65;MPIB4;34.69999998807907;32.675045391514516;0.8672686219215393;-0.4977288246154785;0.005321560427546501;[];
58.65;MPIB3;47.03490687807562;20.163242945000007;0.9525736570358276;-0.30401602387428284;0.01105104573071003;[];
58.65;MPIB2;20.739624365764712;24.30000001192093;0.0033984421752393246;-0.4632597863674164;-0.886171281337738;[];
58.65;MPIB1;59.62798513598955;6.321691666098815;-0.0016080762725323439;-0.5446015000343323;-0.8386411666870117;[];
58.7;MPIB4;34.69999998807907;32.675045391514516;0.8672686219215393;-0.4977288246154785;0.005321560427546501;[];
58.7;MPIB3;47.03490687807562;20.163242945000007;0.9525736570358276;-0.30401602387428284;0.01105104573071003;[];
58.7;MPIB2;20.739624365764712;24.30000001192093;0.0033984421752393246;-0.4632597863674164;-0.886171281337738;[];
58.7;MPIB1;59.62798513598955;6.321691666098815;-0.0016080762725323439;-0.5446015000343323;-0.8386411666870117;[];
58.75;MPIB4;34.69999998807907;32.675045391514516;0.8672686219215393;-0.4977288246154785;0.005321560427546501;[];
58.75;MPIB3;47.03490687807562;20.163242945000007;0.9525736570358276;-0.30401602387428284;0.01105104573071003;[];
58.75;MPIB2;20.739624365764712;24.30000001192093;0.0033984421752393246;-0.4632597863674164;-0.886171281337738;[];
58.75;MPIB1;59.62798513598955;6.321691666098815;-0.0016080762725323439;-0.5446015000343323;-0.8386411666870117;[];
58.8;MPIB4;34.69999998807907;32.675045391514516;0.8672686219215393;-0.4977288246154785;0.005321560427546501;[];
58.8;MPIB3;47.03490687807562;20.163242945000007;0.9525736570358276;-0.30401602387428284;0.01105104573071003;[];
58.8;MPIB2;20.739624365764712;24.30000001192093;0.0033984421752393246;-0.4632597863674164;-0.886171281337738;[];
58.8;MPIB1;59.62798513598955;6.321691666098815;-0.0016080762725323439;-0.5446015000343323;-0.8386411666870117;[];
58.85;MPIB4;34.69999998807907;32.675045391514516;0.8672686219215393;-0.4977288246154785;0.005321560427546501;[];
58.85;MPIB3;47.03490687807562;20.163242945000007;0.9525736570358276;-0.30401602387428284;0.01105104573071003;[];
58.85;MPIB2;20.739624365764712;24.30000001192093;0.0033984421752393246;-0.4632597863674164;-0.886171281337738;[];
58.85;MPIB1;59.62798513598955;6.321691666098815;-0.0016080762725323439;-0.5446015000343323;-0.8386411666870117;[];
58.9;MPIB4;34.69999998807907;32.675045391514516;0.8672686219215393;-0.4977288246154785;0.005321560427546501;[];
58.9;MPIB3;47.03490687807562;20.163242945000007;0.9525736570358276;-0.30401602387428284;0.01105104573071003;[];
58.9;MPIB2;20.739624365764712;24.30000001192093;0.0033984421752393246;-0.4632597863674164;-0.886171281337738;[];
58.9;MPIB1;59.62798513598955;6.321691666098815;-0.0016080762725323439;-0.5446015000343323;-0.8386411666870117;[];
58.95;MPIB4;34.69999998807907;32.675045391514516;0.8672686219215393;-0.4977288246154785;0.005321560427546501;[];
58.95;MPIB3;47.03490687807562;20.163242945000007;0.9502759575843811;-0.30894404649734497;0.038376711308956146;[];
58.95;MPIB2;20.739624365764712;24.30000001192093;0.0033984421752393246;-0.4632597863674164;-0.886171281337738;[];
58.95;MPIB1;59.62798513598955;6.321691666098815;-0.0016080762725323439;-0.5446015000343323;-0.8386411666870117;[];
59.0;MPIB4;34.69999998807907;32.675045391514516;0.8672686219215393;-0.4977288246154785;0.005321560427546501;[];
59.0;MPIB3;47.03490687807562;20.163242945000007;0.9360380172729492;-0.30401602387428284;0.1770636886358261;[];
59.0;MPIB2;20.739624365764712;24.30000001192093;0.0033984421752393246;-0.4632597863674164;-0.886171281337738;[];
59.0;MPIB1;59.62798513598955;6.321691666098815;-0.0016080762725323439;-0.5446015000343323;-0.8386411666870117;[];
59.05;MPIB4;34.69999998807907;32.675045391514516;0.8672686219215393;-0.4977288246154785;0.005321560427546501;[];
59.05;MPIB3;47.03490687807562;20.163242945000007;0.876581609249115;-0.3014575242996216;0.37506377696990967;[];
59.05;MPIB2;20.739624365764712;24.30000001192093;0.0033984421752393246;-0.4632597863674164;-0.886171281337738;[];
59.05;MPIB1;59.62798513598955;6.321691666098815;-0.0016080762725323439;-0.5446015000343323;-0.8386411666870117;[];
59.1;MPIB4;34.69999998807907;32.675045391514516;0.8672686219215393;-0.4977288246154785;0.005321560427546501;[];
59.1;MPIB3;47.03490687807562;20.163242945000007;0.677497148513794;-0.2739124894142151;0.6825826168060303;[];
59.1;MPIB2;20.739624365764712;24.30000001192093;0.0033984421752393246;-0.4632597863674164;-0.886171281337738;[];
59.1;MPIB1;59.62798513598955;6.321691666098815;-0.0016080762725323439;-0.5446015000343323;-0.8386411666870117;[];
59.15;MPIB4;34.69999998807907;32.675045391514516;0.8672686219215393;-0.4977288246154785;0.005321560427546501;[];
59.15;MPIB3;47.03490687807562;20.163242945000007;0.24445442855358124;-0.25375300645828247;0.9358442425727844;[];
59.15;MPIB2;20.739624365764712;24.30000001192093;0.0033984421752393246;-0.4632597863674164;-0.886171281337738;[];
59.15;MPIB1;59.62798513598955;6.321691666098815;-0.0016080762725323439;-0.5446015000343323;-0.8386411666870117;[];
59.2;MPIB4;34.69999998807907;32.675045391514516;0.8672686219215393;-0.4977288246154785;0.005321560427546501;[];
59.2;MPIB3;47.03490687807562;20.163242945000007;0.06727012246847153;-0.25375300645828247;0.9649026989936829;[];
59.2;MPIB2;20.739624365764712;24.30000001192093;0.0033984421752393246;-0.4632597863674164;-0.886171281337738;[];
59.2;MPIB1;59.62798513598955;6.321691666098815;-0.0016080762725323439;-0.5446015000343323;-0.8386411666870117;[];
59.25;MPIB4;34.69999998807907;32.675045391514516;0.8672686219215393;-0.4977288246154785;0.005321560427546501;[];
59.25;MPIB3;47.03490687807562;20.163242945000007;0.0571831613779068;-0.25375300645828247;0.9655529260635376;[];
59.25;MPIB2;20.74617310358076;24.20200078189373;0.0033984421752393246;-0.4632597863674164;-0.886171281337738;[];
59.25;MPIB1;59.62798513598955;6.321691666098815;-0.0016080762725323439;-0.5446015000343323;-0.8386411666870117;[];
59.3;MPIB4;34.69999998807907;32.675045391514516;0.8672686219215393;-0.4977288246154785;0.005321560427546501;[];
59.3;MPIB3;47.03490687807562;20.163242945000007;0.054590966552495956;-0.25375300645828247;0.9657029509544373;[];
59.3;MPIB2;20.74655832345229;24.05049396605662;0.0033984421752393246;-0.4632597863674164;-0.886171281337738;[];
59.3;MPIB1;59.62798513598955;6.321691666098815;-0.0016080762725323439;-0.5446015000343323;-0.8386411666870117;[];
59.35;MPIB4;34.7979981303215;32.68526777418339;0.8672686219215393;-0.4977288246154785;0.005321560427546501;[];
59.35;MPIB3;47.03490687807562;20.163242945000007;0.05729937553405762;-0.24614089727401733;0.967515230178833;[];
59.35;MPIB2;20.746943543323823;23.869772004973896;0.0033984421752393246;-0.4632597863674164;-0.886171281337738;[];
59.35;MPIB1;59.62798513598955;6.321691666098815;-0.0016080762725323439;-0.5446015000343323;-0.8386411666870117;[];
59.4;MPIB4;34.94950326444328;32.68586909081097;0.8672686219215393;-0.4977288246154785;0.005321560427546501;[];
59.4;MPIB3;47.03490687807562;20.163242945000007;0.09036675095558167;-0.23851358890533447;0.9669026732444763;[];
59.4;MPIB2;20.747328763195355;23.67309857273426;0.0033984421752393246;-0.4632597863674164;-0.886171281337738;[];
59.4;MPIB1;59.62422688589413;6.300000011920929;-0.0016080762725323439;-0.5446015000343323;-0.8386411666870117;[];
59.45;MPIB4;35.13022321952455;32.68647040743855;0.8672686219215393;-0.4977288246154785;0.005321560427546501;[];
59.45;MPIB3;47.03490687807562;20.163242945000007;0.17356301844120026;-0.2359057515859604;0.9561277627944946;[];
59.45;MPIB2;20.747713983066888;23.467715636231333;0.0033984421752393246;-0.4632597863674164;-0.886171281337738;[];
59.45;MPIB1;59.62422688589413;6.300000011920929;-0.0016080762725323439;-0.5446015000343323;-0.8386411666870117;[];
59.5;MPIB4;35.326894468702505;32.68707172406613;0.8672686219215393;-0.4977288246154785;0.005321560427546501;[];
59.5;MPIB3;47.03490687807562;20.163242945000007;0.2895647883415222;-0.2359057515859604;0.927608072757721;[];
59.5;MPIB2;20.74809920293842;23.257577309848273;0.0033984421752393246;-0.4632597863674164;-0.886171281337738;[];
59.5;MPIB1;59.62422688589413;6.300000011920929;-0.0016080762725323439;-0.5446015000343323;-0.8386411666870117;[];
59.55;MPIB4;35.53227512546886;32.68767304069371;0.8672686219215393;-0.4977288246154785;0.005321560427546501;[];
59.55;MPIB3;47.03490687807562;20.163242945000007;0.35675933957099915;-0.2359057515859604;0.9038956165313721;[];
59.55;MPIB2;20.748484422809952;23.044842540289096;0.0033984421752393246;-0.4632597863674164;-0.886171281337738;[];
59.55;MPIB1;59.62422688589413;6.300000011920929;-0.0016080762725323439;-0.5446015000343323;-0.8386411666870117;[];
59.6;MPIB4;35.742411119330825;32.68827435732129;0.8672686219215393;-0.4977288246154785;0.005321560427546501;[];
59.6;MPIB3;47.03490687807562;20.163242945000007;0.3638543486595154;-0.2359057515859604;0.9010629653930664;[];
59.6;MPIB2;20.748869642681484;22.8306901125911;0.0033984421752393246;-0.4632597863674164;-0.886171281337738;[];
59.6;MPIB1;59.62422688589413;6.300000011920929;-0.0016080762725323439;-0.5446015000343323;-0.8386411666870117;[];
59.65;MPIB4;35.742411119330825;32.68827435732129;0.8672686219215393;-0.4977288246154785;0.005321560427546501;[];
59.65;MPIB3;47.03490687807562;20.163242945000007;0.36618560552597046;-0.2359057515859604;0.9001181125640869;[];
59.65;MPIB2;20.749254862553016;22.61576364345939;0.0033984421752393246;-0.4632597863674164;-0.886171281337738;[];
59.65;MPIB1;59.62422688589413;6.300000011920929;-0.0016080762725323439;-0.5446015000343323;-0.8386411666870117;[];
59.7;MPIB4;36.16929357816926;32.68947699057645;0.8672686219215393;-0.4977288246154785;0.005321560427546501;[];
59.7;MPIB3;47.07278279115917;20.253627748712375;0.3755719065666199;-0.2359057515859604;0.8962422609329224;[];
59.7;MPIB2;20.74964008242455;22.40041454765577;0.0033984421752393246;-0.4632597863674164;-0.886171281337738;[];
59.7;MPIB1;59.62422688589413;6.300000011920929;-0.0016080762725323439;-0.5446015000343323;-0.8386411666870117;[];
59.75;MPIB4;36.38421766163184;32.69007830720403;0.8672686219215393;-0.4977288246154785;0.005321560427546501;[];
59.75;MPIB3;47.13298762711349;20.392653969208055;0.3916630148887634;-0.23851358890533447;0.8886321187019348;[];
59.75;MPIB2;20.75002530229608;22.184834697662495;0.0033984421752393246;-0.4632597863674164;-0.886171281337738;[];
59.75;MPIB1;59.62422688589413;6.300000011920929;-0.0016080762725323439;-0.5446015000343323;-0.8386411666870117;[];
59.8;MPIB4;36.38421766163184;32.69007830720403;0.8672686219215393;-0.4977288246154785;0.005321560427546501;[];
59.8;MPIB3;47.20956854085318;20.556274984649832;0.4328515827655792;-0.24102666974067688;0.8686200976371765;[];
59.8;MPIB2;20.750410522167613;21.96912885586704;0.0033984421752393246;-0.4632597863674164;-0.886171281337738;[];
59.8;MPIB1;59.62422688589413;6.300000011920929;-0.0016080762725323439;-0.5446015000343323;-0.8386411666870117;[];
59.85;MPIB4;36.599564367075175;32.69067962383161;0.8672686219215393;-0.4977288246154785;0.005321560427546501;[];
59.85;MPIB3;47.304231516555774;20.7281402284801;0.5209035277366638;-0.2587572932243347;0.8134225010871887;[];
59.85;MPIB2;20.750795742039145;21.7533542225396;0.0033984421752393246;-0.4632597863674164;-0.886171281337738;[];
59.85;MPIB1;59.62422688589413;6.300000011920929;-0.0016080762725323439;-0.5446015000343323;-0.8386411666870117;[];
59.9;MPIB4;37.03084527162214;32.691882257086775;0.8672686219215393;-0.4977288246154785;0.005321560427546501;[];
59.9;MPIB3;47.41548911991913;20.899793964227342;0.5850385427474976;-0.27142199873924255;0.7642053961753845;[];
59.9;MPIB2;20.751180961910677;21.53754202903133;0.0033984421752393246;-0.4632597863674164;-0.886171281337738;[];
59.9;MPIB1;59.62422688589413;6.300000011920929;-0.0016080762725323439;-0.5446015000343323;-0.8386411666870117;[];
59.95;MPIB4;37.24661750986587;32.692483573714355;0.8672686219215393;-0.4977288246154785;0.005321560427546501;[];
59.95;MPIB3;47.54018977411613;21.06777244834791;0.6266645193099976;-0.2789800465106964;0.727605938911438;[];
59.95;MPIB2;20.75156618178221;21.32170932766195;0.0033984421752393246;-0.4632597863674164;-0.886171281337738;[];
59.95;MPIB1;59.62422688589413;6.300000011920929;-0.0016080762725323439;-0.5446015000343323;-0.8386411666870117;[];
60.0;MPIB4;37.46242730787351;32.693084890341936;0.8672686219215393;-0.4977288246154785;0.005321560427546501;[];
60.0;MPIB3;47.674339340968004;21.231874335381917;0.6468408107757568;-0.28146493434906006;0.7087472677230835;[];
60.0;MPIB2;20.75156618178221;21.32170932766195;0.0033984421752393246;-0.4632597863674164;-0.886171281337738;[];
60.0;MPIB1;59.62422688589413;6.300000011920929;-0.0016080762725323439;-0.5446015000343323;-0.8386411666870117;[];
60.05;MPIB4;37.67825761351463;32.69368620696952;0.8672686219215393;-0.4977288246154785;0.005321560427546501;[];
60.05;MPIB3;47.81421503371439;21.393337999914394;0.6518949270248413;-0.2839479446411133;0.7031033635139465;[];
60.05;MPIB2;20.75156618178221;21.32170932766195;0.0033984421752393246;-0.4632597863674164;-0.886171281337738;[];
60.05;MPIB1;59.62422688589413;6.300000011920929;-0.0016080762725323439;-0.5446015000343323;-0.8386411666870117;[];
60.1;MPIB4;37.67825761351463;32.69368620696952;0.8672686219215393;-0.4977288246154785;0.005321560427546501;[];
60.1;MPIB3;47.957403001591956;21.553188475434297;0.653190553188324;-0.2865208685398102;0.700853168964386;[];
60.1;MPIB2;20.75156618178221;21.32170932766195;0.0033984421752393246;-0.4632597863674164;-0.886171281337738;[];
60.1;MPIB1;59.62422688589413;6.300000011920929;-0.0016080762725323439;-0.5446015000343323;-0.8386411666870117;[];
60.15;MPIB4;37.67825761351463;32.69368620696952;0.8672686219215393;-0.4977288246154785;0.005321560427546501;[];
60.15;MPIB3;48.03558364113394;21.640466845205793;0.653190553188324;-0.2865208685398102;0.700853168964386;[];
60.15;MPIB2;20.75156618178221;21.32170932766195;0.0033984421752393246;-0.4632597863674164;-0.886171281337738;[];
60.15;MPIB1;59.62422688589413;6.300000011920929;-0.0016080762725323439;-0.5446015000343323;-0.8386411666870117;[];
60.2;MPIB4;37.67825761351463;32.69368620696952;0.8672686219215393;-0.4977288246154785;0.005321560427546501;[];
60.2;MPIB3;48.07827027528208;21.688120840636174;0.6586801409721375;-0.2865208685398102;0.6956964135169983;[];
60.2;MPIB2;20.75156618178221;21.32170932766195;0.0033984421752393246;-0.4632597863674164;-0.886171281337738;[];
60.2;MPIB1;59.62422688589413;6.300000011920929;-0.0016080762725323439;-0.5446015000343323;-0.8386411666870117;[];
60.25;MPIB4;37.67825761351463;32.69368620696952;0.8672686219215393;-0.4977288246154785;0.005321560427546501;[];
60.25;MPIB3;48.10157718023413;21.71413992516335;0.6943112015724182;-0.2939523458480835;0.6568638682365417;[];
60.25;MPIB2;20.75156618178221;21.32170932766195;0.0033984421752393246;-0.4632597863674164;-0.886171281337738;[];
60.25;MPIB1;59.62103237331303;6.202000200748444;-0.0016080762725323439;-0.5446015000343323;-0.8386411666870117;[];
60.3;MPIB4;37.67825761351463;32.69368620696952;0.8672686219215393;-0.4977288246154785;0.005321560427546501;[];
60.3;MPIB3;48.10157718023413;21.71413992516335;0.7210649251937866;-0.3014575242996216;0.6238057017326355;[];
60.3;MPIB2;20.75156618178221;21.32170932766195;0.0033984421752393246;-0.4632597863674164;-0.886171281337738;[];
60.3;MPIB1;59.62084446080826;6.050492486460712;-0.0016080762725323439;-0.5446015000343323;-0.8386411666870117;[];
60.35;MPIB4;37.67825761351463;32.69368620696952;0.8672686219215393;-0.4977288246154785;0.005321560427546501;[];
60.35;MPIB3;48.10157718023413;21.71413992516335;0.7368466854095459;-0.30894404649734497;0.6012937426567078;[];
60.35;MPIB2;20.75156618178221;21.32170932766195;0.0033984421752393246;-0.4632597863674164;-0.886171281337738;[];
60.35;MPIB1;59.62065654830349;5.8697694536786;-0.0016080762725323439;-0.5446015000343323;-0.8386411666870117;[];
60.4;MPIB4;37.67825761351463;32.69368620696952;0.8672686219215393;-0.4977288246154785;0.005321560427546501;[];
60.4;MPIB3;48.125044612085844;21.74033821679589;0.7368466854095459;-0.30894404649734497;0.6012937426567078;[];
60.4;MPIB2;20.75156618178221;21.32170932766195;0.0033984421752393246;-0.4632597863674164;-0.886171281337738;[];
60.4;MPIB1;59.620468635798716;5.6730948551457345;-0.0016080762725323439;-0.5446015000343323;-0.8386411666870117;[];
60.45;MPIB4;37.67825761351463;32.69368620696952;0.8672686219215393;-0.4977288246154785;0.005321560427546501;[];
60.45;MPIB3;48.125044612085844;21.74033821679589;0.7368466854095459;-0.30894404649734497;0.6012937426567078;[];
60.45;MPIB2;20.75156618178221;21.32170932766195;0.0033984421752393246;-0.4632597863674164;-0.886171281337738;[];
60.45;MPIB1;59.620280723293945;5.467710700701332;-0.0016080762725323439;-0.5446015000343323;-0.8386411666870117;[];
60.5;MPIB4;37.67825761351463;32.69368620696952;0.8672686219215393;-0.4977288246154785;0.005321560427546501;[];
60.5;MPIB3;48.125044612085844;21.74033821679589;0.7368466854095459;-0.30894404649734497;0.6012937426567078;[];
60.5;MPIB2;20.75156618178221;21.32170932766195;0.0033984421752393246;-0.4632597863674164;-0.886171281337738;[];
60.5;MPIB1;59.620092810789174;5.257571128176863;-0.0016080762725323439;-0.5446015000343323;-0.8386411666870117;[];
60.55;MPIB4;37.67825761351463;32.69368620696952;0.8672686219215393;-0.4977288246154785;0.005321560427546501;[];
60.55;MPIB3;48.125044612085844;21.74033821679589;0.7368466854095459;-0.30894404649734497;0.6012937426567078;[];
60.55;MPIB2;20.75156618178221;21.32170932766195;0.0033984421752393246;-0.4632597863674164;-0.886171281337738;[];
60.55;MPIB1;59.6199048982844;5.044835097079101;-0.0016080762725323439;-0.5446015000343323;-0.8386411666870117;[];
60.6;MPIB4;37.67825761351463;32.69368620696952;0.8672686219215393;-0.4977288246154785;0.005321560427546501;[];
60.6;MPIB3;48.125044612085844;21.74033821679589;0.7368466854095459;-0.30894404649734497;0.6012937426567078;[];
60.6;MPIB2;20.75156618178221;21.32170932766195;0.0033984421752393246;-0.4632597863674164;-0.886171281337738;[];
60.6;MPIB1;59.61971698577963;4.830681399435662;-0.0016080762725323439;-0.5446015000343323;-0.8386411666870117;[];
60.65;MPIB4;37.67825761351463;32.69368620696952;0.8672686219215393;-0.4977288246154785;0.005321560427546501;[];
60.65;MPIB3;48.125044612085844;21.74033821679589;0.7368466854095459;-0.30894404649734497;0.6012937426567078;[];
60.65;MPIB2;20.75156618178221;21.32170932766195;0.0033984421752393246;-0.4632597863674164;-0.886171281337738;[];
60.65;MPIB1;59.61952907327486;4.615753655768373;-0.0016080762725323439;-0.5446015000343323;-0.8386411666870117;[];
60.7;MPIB4;37.67825761351463;32.69368620696952;0.8672686219215393;-0.4977288246154785;0.005321560427546501;[];
60.7;MPIB3;48.125044612085844;21.74033821679589;0.7368466854095459;-0.30894404649734497;0.6012937426567078;[];
60.7;MPIB2;20.75156618178221;21.32170932766195;0.0033984421752393246;-0.4632597863674164;-0.886171281337738;[];
60.7;MPIB1;59.61934116077009;4.40040328292298;-0.0016080762725323439;-0.5446015000343323;-0.8386411666870117;[];
60.75;MPIB4;37.67825761351463;32.69368620696952;0.8671529293060303;-0.4977288246154785;-0.015132514759898186;[];
60.75;MPIB3;48.125044612085844;21.74033821679589;0.7368466854095459;-0.30894404649734497;0.6012937426567078;[];
60.75;MPIB2;20.75156618178221;21.32170932766195;0.0033984421752393246;-0.4632597863674164;-0.886171281337738;[];
60.75;MPIB1;59.61915324826532;4.184822154519537;-0.0016080762725323439;-0.5446015000343323;-0.8386411666870117;[];
60.8;MPIB4;37.67825761351463;32.69368620696952;0.8671529293060303;-0.4977288246154785;-0.015132514759898186;[];
60.8;MPIB3;48.125044612085844;21.74033821679589;0.7368466854095459;-0.30894404649734497;0.6012937426567078;[];
60.8;MPIB2;20.75156618178221;21.32170932766195;0.0033984421752393246;-0.4632597863674164;-0.886171281337738;[];
60.8;MPIB1;59.61896533576055;3.9691150335667658;-0.0016080762725323439;-0.5446015000343323;-0.8386411666870117;[];
60.85;MPIB4;37.67825761351463;32.69368620696952;0.8671529293060303;-0.4977288246154785;-0.015132514759898186;[];
60.85;MPIB3;48.125044612085844;21.74033821679589;0.7368466854095459;-0.30894404649734497;0.6012937426567078;[];
60.85;MPIB2;20.75156618178221;21.32170932766195;0.0033984421752393246;-0.4632597863674164;-0.886171281337738;[];
60.85;MPIB1;59.61877742325578;3.7533391206740703;-0.0016080762725323439;-0.5446015000343323;-0.8386411666870117;[];
60.9;MPIB4;37.67825761351463;32.69368620696952;0.8671529293060303;-0.4977288246154785;-0.015132514759898186;[];
60.9;MPIB3;48.125044612085844;21.74033821679589;0.7368466854095459;-0.30894404649734497;0.6012937426567078;[];
60.9;MPIB2;20.75156618178221;21.32170932766195;0.0033984421752393246;-0.4632597863674164;-0.886171281337738;[];
60.9;MPIB1;59.61858951075101;3.537525647377805;-0.0016080762725323439;-0.5446015000343323;-0.8386411666870117;[];
60.95;MPIB4;37.67825761351463;32.69368620696952;0.8671529293060303;-0.4977288246154785;-0.015132514759898186;[];
60.95;MPIB3;48.125044612085844;21.74033821679589;0.7368466854095459;-0.30894404649734497;0.6012937426567078;[];
60.95;MPIB2;20.759270579212853;21.30000001192093;0.0033984421752393246;-0.4632597863674164;-0.886171281337738;[];
60.95;MPIB1;59.61840159824624;3.3216916660988147;-0.0016080762725323439;-0.5446015000343323;-0.8386411666870117;[];
61.0;MPIB4;37.67825761351463;32.69368620696952;0.8671529293060303;-0.4977288246154785;-0.015132514759898186;[];
61.0;MPIB3;48.125044612085844;21.74033821679589;0.7368466854095459;-0.30894404649734497;0.6012937426567078;[];
61.0;MPIB2;20.759270579212853;21.30000001192093;0.0033984421752393246;-0.4632597863674164;-0.886171281337738;[];
61.0;MPIB1;59.61840159824624;3.3216916660988147;-0.0016080762725323439;-0.5446015000343323;-0.8386411666870117;[];
61.05;MPIB4;37.69999998807907;32.688246704025744;0.8671529293060303;-0.4977288246154785;-0.015132514759898186;[];
61.05;MPIB3;48.125044612085844;21.74033821679589;0.7368466854095459;-0.30894404649734497;0.6012937426567078;[];
61.05;MPIB2;20.759270579212853;21.30000001192093;0.0033984421752393246;-0.4632597863674164;-0.886171281337738;[];
61.05;MPIB1;59.61840159824624;3.3216916660988147;-0.0016080762725323439;-0.5446015000343323;-0.8386411666870117;[];
61.1;MPIB4;37.69999998807907;32.688246704025744;0.8671529293060303;-0.4977288246154785;-0.015132514759898186;[];
61.1;MPIB3;48.125044612085844;21.74033821679589;0.7368466854095459;-0.30894404649734497;0.6012937426567078;[];
61.1;MPIB2;20.759270579212853;21.30000001192093;0.0033984421752393246;-0.4632597863674164;-0.886171281337738;[];
61.1;MPIB1;59.61840159824624;3.3216916660988147;-0.0016080762725323439;-0.5446015000343323;-0.8386411666870117;[];
61.15;MPIB4;37.69999998807907;32.688246704025744;0.8671529293060303;-0.4977288246154785;-0.015132514759898186;[];
61.15;MPIB3;48.125044612085844;21.74033821679589;0.7368466854095459;-0.30894404649734497;0.6012937426567078;[];
61.15;MPIB2;20.759270579212853;21.30000001192093;0.0033984421752393246;-0.4632597863674164;-0.886171281337738;[];
61.15;MPIB1;59.61840159824624;3.3216916660988147;-0.0016080762725323439;-0.5446015000343323;-0.8386411666870117;[];
61.2;MPIB4;37.69999998807907;32.688246704025744;0.8671529293060303;-0.4977288246154785;-0.015132514759898186;[];
61.2;MPIB3;48.125044612085844;21.74033821679589;0.7368466854095459;-0.30894404649734497;0.6012937426567078;[];
61.2;MPIB2;20.759270579212853;21.30000001192093;0.0033984421752393246;-0.4632597863674164;-0.886171281337738;[];
61.2;MPIB1;59.61840159824624;3.3216916660988147;-0.0016080762725323439;-0.5446015000343323;-0.8386411666870117;[];
61.25;MPIB4;37.69999998807907;32.688246704025744;0.8671529293060303;-0.4977288246154785;-0.015132514759898186;[];
61.25;MPIB3;48.125044612085844;21.74033821679589;0.7368466854095459;-0.30894404649734497;0.6012937426567078;[];
61.25;MPIB2;20.759270579212853;21.30000001192093;0.0033984421752393246;-0.4632597863674164;-0.886171281337738;[];
61.25;MPIB1;59.61840159824624;3.3216916660988147;-0.0016080762725323439;-0.5446015000343323;-0.8386411666870117;[];
61.3;MPIB4;37.69999998807907;32.688246704025744;0.8671529293060303;-0.4977288246154785;-0.015132514759898186;[];
61.3;MPIB3;48.125044612085844;21.74033821679589;0.7368466854095459;-0.30894404649734497;0.6012937426567078;[];
61.3;MPIB2;20.759270579212853;21.30000001192093;0.0033984421752393246;-0.4632597863674164;-0.886171281337738;[];
61.3;MPIB1;59.61840159824624;3.3216916660988147;-0.0016080762725323439;-0.5446015000343323;-0.8386411666870117;[];
61.35;MPIB4;37.69999998807907;32.688246704025744;0.8671529293060303;-0.4977288246154785;-0.015132514759898186;[];
61.35;MPIB3;48.125044612085844;21.74033821679589;0.7368466854095459;-0.30894404649734497;0.6012937426567078;[];
61.35;MPIB2;20.759270579212853;21.30000001192093;0.0033984421752393246;-0.4632597863674164;-0.886171281337738;[];
61.35;MPIB1;59.61840159824624;3.3216916660988147;-0.0016080762725323439;-0.5446015000343323;-0.8386411666870117;[];
61.4;MPIB4;37.69999998807907;32.688246704025744;0.8671529293060303;-0.4977288246154785;-0.015132514759898186;[];
61.4;MPIB3;48.125044612085844;21.74033821679589;0.7368466854095459;-0.30894404649734497;0.6012937426567078;[];
61.4;MPIB2;20.759270579212853;21.30000001192093;0.0033984421752393246;-0.4632597863674164;-0.886171281337738;[];
61.4;MPIB1;59.61840159824624;3.3216916660988147;-0.0016080762725323439;-0.5446015000343323;-0.8386411666870117;[];
61.45;MPIB4;37.69999998807907;32.688246704025744;0.8671529293060303;-0.4977288246154785;-0.015132514759898186;[];
61.45;MPIB3;48.125044612085844;21.74033821679589;0.7368466854095459;-0.30894404649734497;0.6012937426567078;[];
61.45;MPIB2;20.759270579212853;21.30000001192093;0.0033984421752393246;-0.4632597863674164;-0.886171281337738;[];
61.45;MPIB1;59.61840159824624;3.3216916660988147;-0.012669063173234463;-0.5313476920127869;-0.8470081686973572;[];
61.5;MPIB4;37.69999998807907;32.688246704025744;0.8671529293060303;-0.4977288246154785;-0.015132514759898186;[];
61.5;MPIB3;48.125044612085844;21.74033821679589;0.7368466854095459;-0.30894404649734497;0.6012937426567078;[];
61.5;MPIB2;20.759270579212853;21.30000001192093;0.0033984421752393246;-0.4632597863674164;-0.886171281337738;[];
61.5;MPIB1;59.61840159824624;3.3216916660988147;-0.012669063173234463;-0.5313476920127869;-0.8470081686973572;[];
61.55;MPIB4;37.69999998807907;32.688246704025744;0.8671529293060303;-0.4977288246154785;-0.015132514759898186;[];
61.55;MPIB3;48.125044612085844;21.74033821679589;0.7368466854095459;-0.30894404649734497;0.6012937426567078;[];
61.55;MPIB2;20.759270579212853;21.30000001192093;0.0033984421752393246;-0.4632597863674164;-0.886171281337738;[];
61.55;MPIB1;59.61840159824624;3.3216916660988147;-0.012669063173234463;-0.5313476920127869;-0.8470081686973572;[];
61.6;MPIB4;37.69999998807907;32.688246704025744;0.8671529293060303;-0.4977288246154785;-0.015132514759898186;[];
61.6;MPIB3;48.125044612085844;21.74033821679589;0.7422668933868408;-0.2865208685398102;0.6057168841362;[];
61.6;MPIB2;20.759270579212853;21.30000001192093;0.0033984421752393246;-0.4632597863674164;-0.886171281337738;[];
61.6;MPIB1;59.61840159824624;3.3216916660988147;-0.012669063173234463;-0.5313476920127869;-0.8470081686973572;[];
61.65;MPIB4;37.69999998807907;32.688246704025744;0.8671529293060303;-0.4977288246154785;-0.015132514759898186;[];
61.65;MPIB3;48.125044612085844;21.74033821679589;0.7422668933868408;-0.2865208685398102;0.6057168841362;[];
61.65;MPIB2;20.759270579212853;21.30000001192093;0.0033984421752393246;-0.4632597863674164;-0.886171281337738;[];
61.65;MPIB1;59.61840159824624;3.3216916660988147;-0.012669063173234463;-0.5313476920127869;-0.8470081686973572;[];
61.7;MPIB4;37.69999998807907;32.688246704025744;0.8671529293060303;-0.4977288246154785;-0.015132514759898186;[];
61.7;MPIB3;48.125044612085844;21.74033821679589;0.7422668933868408;-0.2865208685398102;0.6057168841362;[];
61.7;MPIB2;20.759270579212853;21.30000001192093;0.0033984421752393246;-0.4632597863674164;-0.886171281337738;[];
61.7;MPIB1;59.61840159824624;3.3216916660988147;-0.012669063173234463;-0.5313476920127869;-0.8470081686973572;[];
61.75;MPIB4;37.69999998807907;32.688246704025744;0.8671529293060303;-0.4977288246154785;-0.015132514759898186;[];
61.75;MPIB3;48.125044612085844;21.74033821679589;0.7422668933868408;-0.2865208685398102;0.6057168841362;[];
61.75;MPIB2;20.759270579212853;21.30000001192093;0.0033984421752393246;-0.4632597863674164;-0.886171281337738;[];
61.75;MPIB1;59.61840159824624;3.3216916660988147;-0.012669063173234463;-0.5313476920127869;-0.8470081686973572;[];
61.8;MPIB4;37.69999998807907;32.688246704025744;0.8671529293060303;-0.4977288246154785;-0.015132514759898186;[];
61.8;MPIB3;48.125044612085844;21.74033821679589;0.7422668933868408;-0.2865208685398102;0.6057168841362;[];
61.8;MPIB2;20.7658193170289;21.20200078189373;0.0033984421752393246;-0.4632597863674164;-0.886171281337738;[];
61.8;MPIB1;59.61840159824624;3.3216916660988147;-0.012669063173234463;-0.5313476920127869;-0.8470081686973572;[];
61.85;MPIB4;37.69999998807907;32.688246704025744;0.8671529293060303;-0.4977288246154785;-0.015132514759898186;[];
61.85;MPIB3;48.125044612085844;21.74033821679589;0.7422668933868408;-0.2865208685398102;0.6057168841362;[];
61.85;MPIB2;20.76620453690043;21.05049396605662;0.0033984421752393246;-0.4632597863674164;-0.886171281337738;[];
61.85;MPIB1;59.61840159824624;3.3216916660988147;-0.012669063173234463;-0.5313476920127869;-0.8470081686973572;[];
61.9;MPIB4;37.797985062003136;32.659178095606705;0.8671529293060303;-0.4977288246154785;-0.015132514759898186;[];
61.9;MPIB3;48.125044612085844;21.74033821679589;0.7422668933868408;-0.2865208685398102;0.6057168841362;[];
61.9;MPIB2;20.766589756771964;20.869772004973896;0.0033984421752393246;-0.4632597863674164;-0.886171281337738;[];
61.9;MPIB1;59.61840159824624;3.3216916660988147;-0.012669063173234463;-0.5313476920127869;-0.8470081686973572;[];
61.95;MPIB4;37.94946999250388;32.65746817746441;0.8671529293060303;-0.4977288246154785;-0.015132514759898186;[];
61.95;MPIB3;48.125044612085844;21.74033821679589;0.7422668933868408;-0.2865208685398102;0.6057168841362;[];
61.95;MPIB2;20.766974976643496;20.67309857273426;0.0033984421752393246;-0.4632597863674164;-0.886171281337738;[];
61.95;MPIB1;59.600588082847935;3.300000011920929;-0.012669063173234463;-0.5313476920127869;-0.8470081686973572;[];
62.0;MPIB4;38.13016584808844;32.65575825932211;0.8671529293060303;-0.4977288246154785;-0.015132514759898186;[];
62.0;MPIB3;48.125044612085844;21.74033821679589;0.7391210794448853;-0.2865208685398102;0.6095515489578247;[];
62.0;MPIB2;20.76736019651503;20.467715636231333;0.0033984421752393246;-0.4632597863674164;-0.886171281337738;[];
62.0;MPIB1;59.600588082847935;3.300000011920929;-0.012669063173234463;-0.5313476920127869;-0.8470081686973572;[];
62.05;MPIB4;38.32681087062127;32.654048341179816;0.8671529293060303;-0.4977288246154785;-0.015132514759898186;[];
62.05;MPIB3;48.125044612085844;21.74033821679589;0.7391210794448853;-0.2865208685398102;0.6095515489578247;[];
62.05;MPIB2;20.76774541638656;20.257577309848273;0.0033984421752393246;-0.4632597863674164;-0.886171281337738;[];
62.05;MPIB1;59.600588082847935;3.300000011920929;-0.012669063173234463;-0.5313476920127869;-0.8470081686973572;[];
62.1;MPIB4;38.53216413931938;32.65233842303752;0.8671529293060303;-0.4977288246154785;-0.015132514759898186;[];
62.1;MPIB3;48.125044612085844;21.74033821679589;0.7379664182662964;-0.29147714376449585;0.6085993051528931;[];
62.1;MPIB2;20.768130636258093;20.044842540289096;0.0033984421752393246;-0.4632597863674164;-0.886171281337738;[];
62.1;MPIB1;59.600588082847935;3.300000011920929;-0.012669063173234463;-0.5313476920127869;-0.8470081686973572;[];
62.15;MPIB4;38.74227211097596;32.650628504895224;0.8671529293060303;-0.4977288246154785;-0.015132514759898186;[];
62.15;MPIB3;48.125044612085844;21.74033821679589;0.7379664182662964;-0.29147714376449585;0.6085993051528931;[];
62.15;MPIB2;20.768515856129625;19.8306901125911;0.0033984421752393246;-0.4632597863674164;-0.886171281337738;[];
62.15;MPIB1;59.600588082847935;3.300000011920929;-0.012669063173234463;-0.5313476920127869;-0.8470081686973572;[];
62.2;MPIB4;38.95497615074943;32.64891858675293;0.8671529293060303;-0.4977288246154785;-0.015132514759898186;[];
62.2;MPIB3;48.125044612085844;21.74033821679589;0.7379664182662964;-0.29147714376449585;0.6085993051528931;[];
62.2;MPIB2;20.768901076001157;19.61576364345939;0.0033984421752393246;-0.4632597863674164;-0.886171281337738;[];
62.2;MPIB1;59.600588082847935;3.300000011920929;-0.012669063173234463;-0.5313476920127869;-0.8470081686973572;[];
62.25;MPIB4;39.16909764387937;32.64720866861063;0.8671529293060303;-0.4977288246154785;-0.015132514759898186;[];
62.25;MPIB3;48.125044612085844;21.74033821679589;0.7379664182662964;-0.29147714376449585;0.6085993051528931;[];
62.25;MPIB2;20.76928629587269;19.40041454765577;0.0033984421752393246;-0.4632597863674164;-0.886171281337738;[];
62.25;MPIB1;59.600588082847935;3.300000011920929;-0.023869816213846207;-0.526954710483551;-0.8495075702667236;[];
62.3;MPIB4;39.38399306663182;32.645498750468334;0.8671529293060303;-0.4977288246154785;-0.015132514759898186;[];
62.3;MPIB3;48.125044612085844;21.74033821679589;0.7379664182662964;-0.29147714376449585;0.6085993051528931;[];
62.3;MPIB2;20.76967151574422;19.184834697662495;0.0033984421752393246;-0.4632597863674164;-0.886171281337738;[];
62.3;MPIB1;59.600588082847935;3.300000011920929;-0.05414337292313576;-0.5467707514762878;-0.8354774117469788;[];
62.35;MPIB4;39.59931105500725;32.64378883232604;0.8671529293060303;-0.4977288246154785;-0.015132514759898186;[];
62.35;MPIB3;48.125044612085844;21.74033821679589;0.7379664182662964;-0.29147714376449585;0.6085993051528931;[];
62.35;MPIB2;20.770056735615753;18.96912885586704;0.0033984421752393246;-0.4632597863674164;-0.886171281337738;[];
62.35;MPIB1;59.600588082847935;3.300000011920929;-0.06680547446012497;-0.5555702447891235;-0.8287280797958374;[];
62.4;MPIB4;39.814859764239614;32.64207891418374;0.8671529293060303;-0.4977288246154785;-0.015132514759898186;[];
62.4;MPIB3;48.125044612085844;21.74033821679589;0.7379664182662964;-0.29147714376449585;0.6085993051528931;[];
62.4;MPIB2;20.770441955487286;18.7533542225396;0.0033984421752393246;-0.4632597863674164;-0.886171281337738;[];
62.4;MPIB1;59.55877157191071;3.300000011920929;-0.06680547446012497;-0.5555702447891235;-0.8287280797958374;[];
62.45;MPIB4;40.030534447074515;32.640368996041445;0.8671529293060303;-0.4977288246154785;-0.015132514759898186;[];
62.45;MPIB3;48.125044612085844;21.74033821679589;0.7379664182662964;-0.29147714376449585;0.6085993051528931;[];
62.45;MPIB2;20.770564098661225;18.537541343577914;0.0010195350041612983;-0.4632597863674164;-0.8861774206161499;[];
62.45;MPIB1;59.55877157191071;3.300000011920929;-0.06680547446012497;-0.5555702447891235;-0.8287280797958374;[];
62.5;MPIB4;40.030534447074515;32.640368996041445;0.8671529293060303;-0.4977288246154785;-0.015132514759898186;[];
62.5;MPIB3;48.125044612085844;21.74033821679589;0.7379664182662964;-0.29147714376449585;0.6085993051528931;[];
62.5;MPIB2;20.768638118221816;18.32172643246642;-0.017319828271865845;-0.47249555587768555;-0.881117582321167;[];
62.5;MPIB1;59.526084558907314;3.300000011920929;-0.07306385040283203;-0.5598674416542053;-0.8253006935119629;[];
62.55;MPIB4;40.462035707229745;32.635925303881606;0.8669474124908447;-0.4977288246154785;-0.024193482473492622;[];
62.55;MPIB3;48.125044612085844;21.74033821679589;0.7379664182662964;-0.29147714376449585;0.6085993051528931;[];
62.55;MPIB2;20.768638118221816;18.32172643246642;-0.028685247525572777;-0.48403051495552063;-0.8745343685150146;[];
62.55;MPIB1;59.526084558907314;3.300000011920929;-0.07306385040283203;-0.5598674416542053;-0.8253006935119629;[];
62.6;MPIB4;40.67773485376327;32.63139822121485;0.8663591146469116;-0.4977288246154785;-0.04006398841738701;[];
62.6;MPIB3;48.125044612085844;21.74033821679589;0.7379664182662964;-0.29147714376449585;0.6085993051528931;[];
62.6;MPIB2;20.768638118221816;18.32172643246642;-0.03535204008221626;-0.49314841628074646;-0.8691792488098145;[];
62.6;MPIB1;59.526084558907314;3.300000011920929;-0.07306385040283203;-0.5598674416542053;-0.8253006935119629;[];
62.65;MPIB4;40.67773485376327;32.63139822121485;0.8662484288215637;-0.4977288246154785;-0.04238955304026604;[];
62.65;MPIB3;48.125044612085844;21.74033821679589;0.7379664182662964;-0.29147714376449585;0.6085993051528931;[];
62.65;MPIB2;20.768638118221816;18.32172643246642;-0.04640265181660652;-0.5022124648094177;-0.8634501099586487;[];
62.65;MPIB1;59.526084558907314;3.300000011920929;-0.07306385040283203;-0.5598674416542053;-0.8253006935119629;[];
62.7;MPIB4;40.67773485376327;32.63139822121485;0.8661357760429382;-0.4977288246154785;-0.044631775468587875;[];
62.7;MPIB3;48.125044612085844;21.74033821679589;0.7379664182662964;-0.29147714376449585;0.6085993051528931;[];
62.7;MPIB2;20.768638118221816;18.32172643246642;-0.0550837516784668;-0.5112216472625732;-0.8576326966285706;[];
62.7;MPIB1;59.526084558907314;3.300000011920929;-0.07306385040283203;-0.5598674416542053;-0.8253006935119629;[];
62.75;MPIB4;40.67773485376327;32.63139822121485;0.8658883571624756;-0.4977288246154785;-0.049198318272829056;[];
62.75;MPIB3;48.125044612085844;21.74033821679589;0.7379664182662964;-0.29147714376449585;0.6085993051528931;[];
62.75;MPIB2;20.739422691287132;18.30000001192093;-0.06143304705619812;-0.5202569365501404;-0.8517473340034485;[];
62.75;MPIB1;59.526084558907314;3.300000011920929;-0.07306385040283203;-0.5598674416542053;-0.8253006935119629;[];
62.8;MPIB4;40.69999998807907;32.60715808394926;0.8657581806182861;-0.4977288246154785;-0.05143958330154419;[];
62.8;MPIB3;48.125044612085844;21.74033821679589;0.7379664182662964;-0.29147714376449585;0.6085993051528931;[];
62.8;MPIB2;20.739422691287132;18.30000001192093;-0.06341210752725601;-0.526954710483551;-0.8474737405776978;[];
62.8;MPIB1;59.526084558907314;3.300000011920929;-0.07306385040283203;-0.5598674416542053;-0.8253006935119629;[];
62.85;MPIB4;40.69999998807907;32.60715808394926;0.8656221032142639;-0.4977288246154785;-0.053680501878261566;[];
62.85;MPIB3;48.125044612085844;21.74033821679589;0.7379664182662964;-0.29147714376449585;0.6085993051528931;[];
62.85;MPIB2;20.739422691287132;18.30000001192093;-0.06758017838001251;-0.5313476920127869;-0.8444028496742249;[];
62.85;MPIB1;59.526084558907314;3.300000011920929;-0.07306385040283203;-0.5598674416542053;-0.8253006935119629;[];
62.9;MPIB4;40.69999998807907;32.60715808394926;0.8656221032142639;-0.4977288246154785;-0.053680501878261566;[];
62.9;MPIB3;48.125044612085844;21.74033821679589;0.7379664182662964;-0.29147714376449585;0.6085993051528931;[];
62.9;MPIB2;20.695480706109493;18.30000001192093;-0.06747020781040192;-0.533538818359375;-0.8430287837982178;[];
62.9;MPIB1;59.526084558907314;3.300000011920929;-0.07306385040283203;-0.5598674416542053;-0.8253006935119629;[];
62.95;MPIB4;40.69999998807907;32.60715808394926;0.8656221032142639;-0.4977288246154785;-0.053680501878261566;[];
62.95;MPIB3;48.125044612085844;21.74033821679589;0.7379664182662964;-0.29147714376449585;0.6085993051528931;[];
62.95;MPIB2;20.695480706109493;18.30000001192093;-0.06747020781040192;-0.533538818359375;-0.8430287837982178;[];
62.95;MPIB1;59.526084558907314;3.300000011920929;-0.07306385040283203;-0.5598674416542053;-0.8253006935119629;[];
63.0;MPIB4;40.69999998807907;32.57162020260458;0.8656221032142639;-0.4977288246154785;-0.053680501878261566;[];
63.0;MPIB3;48.125044612085844;21.74033821679589;0.7379664182662964;-0.29147714376449585;0.6085993051528931;[];
63.0;MPIB2;20.66209261122424;18.30000001192093;-0.06747020781040192;-0.533538818359375;-0.8430287837982178;[];
63.0;MPIB1;59.526084558907314;3.300000011920929;-0.07306385040283203;-0.5598674416542053;-0.8253006935119629;[];
63.05;MPIB4;40.69999998807907;32.57162020260458;0.8656221032142639;-0.4977288246154785;-0.053680501878261566;[];
63.05;MPIB3;48.125044612085844;21.74033821679589;0.7379664182662964;-0.29147714376449585;0.6085993051528931;[];
63.05;MPIB2;20.66209261122424;18.30000001192093;-0.06747020781040192;-0.533538818359375;-0.8430287837982178;[];
63.05;MPIB1;59.526084558907314;3.300000011920929;-0.07306385040283203;-0.5598674416542053;-0.8253006935119629;[];
63.1;MPIB4;40.69999998807907;32.57162020260458;0.8656221032142639;-0.4977288246154785;-0.053680501878261566;[];
63.1;MPIB3;48.125044612085844;21.74033821679589;0.7379664182662964;-0.29147714376449585;0.6085993051528931;[];
63.1;MPIB2;20.627965070947994;18.30000001192093;-0.06747020781040192;-0.533538818359375;-0.8430287837982178;[];
63.1;MPIB1;59.526084558907314;3.300000011920929;-0.07306385040283203;-0.5598674416542053;-0.8253006935119629;[];
63.15;MPIB4;40.69999998807907;32.53227809566667;0.8656221032142639;-0.4977288246154785;-0.053680501878261566;[];
63.15;MPIB3;48.125044612085844;21.74033821679589;0.7379664182662964;-0.29147714376449585;0.6085993051528931;[];
63.15;MPIB2;20.627965070947994;18.30000001192093;-0.06747020781040192;-0.533538818359375;-0.8430287837982178;[];
63.15;MPIB1;59.526084558907314;3.300000011920929;-0.11402219533920288;-0.5598674416542053;-0.8206451535224915;[];
63.2;MPIB4;40.69999998807907;32.53227809566667;0.8656221032142639;-0.4977288246154785;-0.053680501878261566;[];
63.2;MPIB3;48.125044612085844;21.74033821679589;0.7379664182662964;-0.29147714376449585;0.6085993051528931;[];
63.2;MPIB2;20.5936170901183;18.30000001192093;-0.06747020781040192;-0.533538818359375;-0.8430287837982178;[];
63.2;MPIB1;59.526084558907314;3.300000011920929;-0.5745747089385986;-0.5598674416542053;-0.5969283580780029;[];
63.25;MPIB4;40.69999998807907;32.492316769630776;0.8656221032142639;-0.4977288246154785;-0.053680501878261566;[];
63.25;MPIB3;48.125044612085844;21.74033821679589;0.7379664182662964;-0.29147714376449585;0.6085993051528931;[];
63.25;MPIB2;20.5936170901183;18.30000001192093;-0.05637681111693382;-0.5358073711395264;-0.8424045443534851;[];
63.25;MPIB1;59.41997345305913;3.26529198884964;-0.7748262286186218;-0.5598674416542053;-0.29343459010124207;[];
63.3;MPIB4;40.69999998807907;32.492316769630776;0.8656221032142639;-0.4977288246154785;-0.053680501878261566;[];
63.3;MPIB3;48.125044612085844;21.74033821679589;0.7379664182662964;-0.29147714376449585;0.6085993051528931;[];
63.3;MPIB2;20.56347947623965;18.30000001192093;-0.04741155728697777;-0.5379912257194519;-0.841564416885376;[];
63.3;MPIB1;59.2754262044416;3.2204118935954966;-0.8115136027336121;-0.5401714444160461;-0.22265072166919708;[];
63.35;MPIB4;40.69999998807907;32.492316769630776;0.8656221032142639;-0.4977288246154785;-0.053680501878261566;[];
63.35;MPIB3;48.125044612085844;21.74033821679589;0.7636956572532654;-0.2939523458480835;0.5747235417366028;[];
63.35;MPIB2;20.56347947623965;18.30000001192093;-0.040874794125556946;-0.5379912257194519;-0.8419072031974792;[];
63.35;MPIB1;59.09988737524054;3.1794957208531116;-0.8419001698493958;-0.5202569365501404;-0.1430090069770813;[];
63.4;MPIB4;40.69999998807907;32.452254652439905;0.8656221032142639;-0.4977288246154785;-0.053680501878261566;[];
63.4;MPIB3;48.125044612085844;21.74033821679589;0.8042582273483276;-0.2865208685398102;0.520597517490387;[];
63.4;MPIB2;20.56347947623965;18.30000001192093;-0.034198097884655;-0.5401714444160461;-0.8408080339431763;[];
63.4;MPIB1;58.90612147897991;3.1532385533426464;-0.8640051484107971;-0.5022124648094177;-0.03456079959869385;[];
63.45;MPIB4;40.69999998807907;32.452254652439905;0.8656221032142639;-0.4977288246154785;-0.053680501878261566;[];
63.45;MPIB3;48.125044612085844;21.74033821679589;0.8182063698768616;-0.2789800465106964;0.5026500821113586;[];
63.45;MPIB2;20.53130158450881;18.30000001192093;-0.025329099968075752;-0.5401714444160461;-0.8411219120025635;[];
63.45;MPIB1;58.702442882409514;3.143701385470422;-0.867576003074646;-0.49539870023727417;0.04253789782524109;[];
63.5;MPIB4;40.69999998807907;32.452254652439905;0.8656221032142639;-0.4977288246154785;-0.053680501878261566;[];
63.5;MPIB3;48.125044612085844;21.74033821679589;0.8434731364250183;-0.2587572932243347;0.47069066762924194;[];
63.5;MPIB2;20.53130158450881;18.30000001192093;-0.025329099968075752;-0.5401714444160461;-0.8411219120025635;[];
63.5;MPIB1;58.4933786164695;3.1438094089796778;-0.8673396110534668;-0.49539870023727417;0.04711206257343292;[];
63.55;MPIB4;40.69999998807907;32.41217612933235;0.8656221032142639;-0.4977288246154785;-0.053680501878261566;[];
63.55;MPIB3;48.125044612085844;21.74033821679589;0.8874229192733765;-0.22573775053024292;0.40184682607650757;[];
63.55;MPIB2;20.53130158450881;18.30000001192093;-0.01871577836573124;-0.5401714444160461;-0.841295063495636;[];
63.55;MPIB1;58.28137377471194;3.1491247267520066;-0.8673396110534668;-0.49539870023727417;0.04711206257343292;[];
63.6;MPIB4;40.69999998807907;32.41217612933235;0.8656221032142639;-0.4977288246154785;-0.053680501878261566;[];
63.6;MPIB3;48.125044612085844;21.74033821679589;0.8910861015319824;-0.2232152223587036;0.39509350061416626;[];
63.6;MPIB2;20.53130158450881;18.30000001192093;-0.007744988892227411;-0.5401714444160461;-0.841467559337616;[];
63.6;MPIB1;58.06776337837164;3.1544400445243355;-0.8673396110534668;-0.49539870023727417;0.04711206257343292;[];
63.65;MPIB4;40.69999998807907;32.41217612933235;0.8656221032142639;-0.4977288246154785;-0.053680501878261566;[];
63.65;MPIB3;48.125044612085844;21.74033821679589;0.8947005271911621;-0.21554511785507202;0.391166090965271;[];
63.65;MPIB2;20.53130158450881;18.30000001192093;-0.0011294932337477803;-0.5401714444160461;-0.8415024280548096;[];
63.65;MPIB1;57.85314305824045;3.1559057084202777;-0.8685210347175598;-0.49539870023727417;0.012990840710699558;[];
63.7;MPIB4;40.69999998807907;32.41217612933235;0.8656221032142639;-0.4977288246154785;-0.053680501878261566;[];
63.7;MPIB3;48.125044612085844;21.74033821679589;0.9076497554779053;-0.19509032368659973;0.3715844452381134;[];
63.7;MPIB2;20.53130158450881;18.30000001192093;-0.0011294932337477803;-0.5401714444160461;-0.8415024280548096;[];
63.7;MPIB1;57.63985809723522;3.1367131431877624;-0.8517976999282837;-0.49539870023727417;-0.17011237144470215;[];
63.75;MPIB4;40.69999998807907;32.37209493581085;0.8656221032142639;-0.4977288246154785;-0.053680501878261566;[];
63.75;MPIB3;48.125044612085844;21.74033821679589;0.9171210527420044;-0.1847361922264099;0.35316669940948486;[];
63.75;MPIB2;20.53130158450881;18.30000001192093;9.681371157057583E-4;-0.5401714444160461;-0.8415025472640991;[];
63.75;MPIB1;57.429387682258266;3.098578321621062;-0.833313524723053;-0.49539870023727417;-0.24512478709220886;[];
63.8;MPIB4;40.69999998807907;32.37209493581085;0.8611152172088623;-0.5067653059959412;-0.03982149064540863;[];
63.8;MPIB3;48.125044612085844;21.74033821679589;0.9171210527420044;-0.1847361922264099;0.35316669940948486;[];
63.8;MPIB2;20.53130158450881;18.30000001192093;0.0032271165400743484;-0.5401714444160461;-0.8414967060089111;[];
63.8;MPIB1;57.30000001192093;3.0501010268945947;-0.833313524723053;-0.49539870023727417;-0.24512478709220886;[];
63.85;MPIB4;40.69999998807907;32.37209493581085;0.848963737487793;-0.5224658846855164;0.07876948267221451;[];
63.85;MPIB3;48.125044612085844;21.74033821679589;0.9180322289466858;-0.1847361922264099;0.35079145431518555;[];
63.85;MPIB2;20.53130158450881;18.30000001192093;0.0032271165400743484;-0.5401714444160461;-0.8414967060089111;[];
63.85;MPIB1;57.30000001192093;2.9959767411669986;-0.833313524723053;-0.49539870023727417;-0.24512478709220886;[];
63.9;MPIB4;40.69999998807907;32.37209493581085;0.8250054717063904;-0.5490164160728455;0.13363724946975708;[];
63.9;MPIB3;48.125044612085844;21.74033821679589;0.9180322289466858;-0.1847361922264099;0.35079145431518555;[];
63.9;MPIB2;20.53130158450881;18.30000001192093;0.0032271165400743484;-0.5401714444160461;-0.8414967060089111;[];
63.9;MPIB1;57.30000001192093;2.9432239522876102;-0.8439251780509949;-0.49539870023727417;-0.2056402862071991;[];
63.95;MPIB4;40.69999998807907;32.37209493581085;0.8185849785804749;-0.5577207207679749;0.13703076541423798;[];
63.95;MPIB3;48.125044612085844;21.74033821679589;0.9180322289466858;-0.1847361922264099;0.35079145431518555;[];
63.95;MPIB2;20.53130158450881;18.30000001192093;0.0032271165400743484;-0.5401714444160461;-0.8414967060089111;[];
63.95;MPIB1;57.30000001192093;2.8969912950105083;-0.8547698259353638;-0.49539870023727417;-0.15448668599128723;[];
64.0;MPIB4;40.69999998807907;32.41960342400856;0.8185849785804749;-0.5577207207679749;0.13703076541423798;[];
64.0;MPIB3;48.125044612085844;21.74033821679589;0.9180322289466858;-0.1847361922264099;0.35079145431518555;[];
64.0;MPIB2;20.53130158450881;18.30000001192093;0.0032271165400743484;-0.5401714444160461;-0.8414967060089111;[];
64.0;MPIB1;57.30000001192093;2.8571084989749522;-0.8562762141227722;-0.49997231364250183;-0.12936672568321228;[];
64.05;MPIB4;40.69999998807907;32.45199190474693;0.8185849785804749;-0.5577207207679749;0.13703076541423798;[];
64.05;MPIB3;48.125044612085844;21.74033821679589;0.9180322289466858;-0.1847361922264099;0.35079145431518555;[];
64.05;MPIB2;20.53130158450881;18.30000001192093;0.0032271165400743484;-0.5401714444160461;-0.8414967060089111;[];
64.05;MPIB1;57.30000001192093;2.821706139720277;-0.8562965989112854;-0.5022124648094177;-0.12023115158081055;[];
64.1;MPIB4;40.69999998807907;32.485856035247195;0.8185849785804749;-0.5577207207679749;0.13703076541423798;[];
64.1;MPIB3;48.125044612085844;21.74033821679589;0.9180322289466858;-0.1847361922264099;0.35079145431518555;[];
64.1;MPIB2;20.53130158450881;18.30000001192093;0.0032271165400743484;-0.5401714444160461;-0.8414967060089111;[];
64.1;MPIB1;57.30000001192093;2.7905294180192755;-0.8557133674621582;-0.5067653059959412;-0.10420981794595718;[];
64.15;MPIB4;40.69999998807907;32.52052587061104;0.8185849785804749;-0.5577207207679749;0.13703076541423798;[];
64.15;MPIB3;48.125044612085844;21.74033821679589;0.9180322289466858;-0.1847361922264099;0.35079145431518555;[];
64.15;MPIB2;20.53130158450881;18.30000001192093;0.0032271165400743484;-0.5401714444160461;-0.8414967060089111;[];
64.15;MPIB1;57.30000001192093;2.7905294180192755;-0.8565062284469604;-0.5067653059959412;-0.09747934341430664;[];
64.2;MPIB4;40.69999998807907;32.5551257310851;0.8192961812019348;-0.5577207207679749;0.1327124387025833;[];
64.2;MPIB3;48.125044612085844;21.74033821679589;0.9180322289466858;-0.1847361922264099;0.35079145431518555;[];
64.2;MPIB2;20.53130158450881;18.30000001192093;0.0032271165400743484;-0.5401714444160461;-0.8414967060089111;[];
64.2;MPIB1;57.30000001192093;2.7905294180192755;-0.8557010889053345;-0.5089951753616333;-0.09281980991363525;[];
64.25;MPIB4;40.69999998807907;32.588164453063285;0.8270046710968018;-0.5490164160728455;0.12064945697784424;[];
64.25;MPIB3;48.125044612085844;21.74033821679589;0.9180322289466858;-0.1847361922264099;0.35079145431518555;[];
64.25;MPIB2;20.53130158450881;18.30000001192093;0.0032271165400743484;-0.5401714444160461;-0.8414967060089111;[];
64.25;MPIB1;57.30000001192093;2.7591379658559276;-0.8557010889053345;-0.5089951753616333;-0.09281980991363525;[];
64.3;MPIB4;40.69999998807907;32.61857275231114;0.8319358825683594;-0.5446015000343323;0.10585002601146698;[];
64.3;MPIB3;48.125044612085844;21.74033821679589;0.9180322289466858;-0.1847361922264099;0.35079145431518555;[];
64.3;MPIB2;20.53130158450881;18.30000001192093;0.0032271165400743484;-0.5401714444160461;-0.8414967060089111;[];
64.3;MPIB1;57.30000001192093;2.7591379658559276;-0.8557010889053345;-0.5089951753616333;-0.09281980991363525;[];
64.35;MPIB4;40.69999998807907;32.61857275231114;0.8412449359893799;-0.533538818359375;0.08692913502454758;[];
64.35;MPIB3;48.125044612085844;21.74033821679589;0.9180322289466858;-0.1847361922264099;0.35079145431518555;[];
64.35;MPIB2;20.51715701516116;18.20200078189373;0.0032271165400743484;-0.5401714444160461;-0.8414967060089111;[];
64.35;MPIB1;57.30000001192093;2.7591379658559276;-0.8557010889053345;-0.5089951753616333;-0.09281980991363525;[];
64.4;MPIB4;40.69999998807907;32.668615107685355;0.847814679145813;-0.5246713161468506;0.07644986361265182;[];
64.4;MPIB3;48.125044612085844;21.74033821679589;0.9180322289466858;-0.1847361922264099;0.35079145431518555;[];
64.4;MPIB2;20.517542235032693;18.05049396605662;0.0032271165400743484;-0.5401714444160461;-0.8414967060089111;[];
64.4;MPIB1;57.30000001192093;2.7591379658559276;-0.8557010889053345;-0.5089951753616333;-0.09281980991363525;[];
64.45;MPIB4;40.797767236828804;32.68812323859041;0.8599881529808044;-0.5067653059959412;0.059375863522291183;[];
64.45;MPIB3;48.125044612085844;21.74033821679589;0.9180322289466858;-0.1847361922264099;0.35079145431518555;[];
64.45;MPIB2;20.517927454904225;17.869772004973896;0.0032271165400743484;-0.5401714444160461;-0.8414967060089111;[];
64.45;MPIB1;57.30000001192093;2.7591379658559276;-0.8564043641090393;-0.5089951753616333;-0.08608978241682053;[];
64.5;MPIB4;40.948965447695514;32.70475597699962;0.8617833256721497;-0.5044492483139038;0.05269602686166763;[];
64.5;MPIB3;48.125044612085844;21.74033821679589;0.9180322289466858;-0.1847361922264099;0.35079145431518555;[];
64.5;MPIB2;20.518312674775757;17.67309857273426;0.0032271165400743484;-0.5401714444160461;-0.8414967060089111;[];
64.5;MPIB1;57.30000001192093;2.7591379658559276;-0.8566243648529053;-0.5089951753616333;-0.08387261629104614;[];
64.55;MPIB4;41.129450819588754;32.71751028468486;0.8705596923828125;-0.4908948540687561;0.03264966979622841;[];
64.55;MPIB3;48.125044612085844;21.74033821679589;0.9180322289466858;-0.1847361922264099;0.35079145431518555;[];
64.55;MPIB2;20.51869789464729;17.467715636231333;0.0032271165400743484;-0.5401714444160461;-0.8414967060089111;[];
64.55;MPIB1;57.30000001192093;2.7591379658559276;-0.8566243648529053;-0.5089951753616333;-0.08387261629104614;[];
64.6;MPIB4;41.325960019134214;32.72712338280789;0.8734292984008789;-0.48629406094551086;0.02362014912068844;[];
64.6;MPIB3;48.125044612085844;21.74033821679589;0.9180322289466858;-0.1847361922264099;0.35079145431518555;[];
64.6;MPIB2;20.51908311451882;17.257577309848273;0.0032271165400743484;-0.5401714444160461;-0.8414967060089111;[];
64.6;MPIB1;57.30000001192093;2.7591379658559276;-0.8566243648529053;-0.5089951753616333;-0.08387261629104614;[];
64.65;MPIB4;41.325960019134214;32.72712338280789;0.8734292984008789;-0.48629406094551086;0.02362014912068844;[];
64.65;MPIB3;48.125044612085844;21.74033821679589;0.9180322289466858;-0.1847361922264099;0.35079145431518555;[];
64.65;MPIB2;20.519468334390353;17.044842540289096;0.0032271165400743484;-0.5401714444160461;-0.8414967060089111;[];
64.65;MPIB1;57.30000001192093;2.7591379658559276;-0.8566243648529053;-0.5089951753616333;-0.08387261629104614;[];
64.7;MPIB4;41.741319970687826;32.7352420255871;0.8848410248756409;-0.46555230021476746;-0.015441185794770718;[];
64.7;MPIB3;48.2165890316129;21.77531846918103;0.9180322289466858;-0.1847361922264099;0.35079145431518555;[];
64.7;MPIB2;20.519853554261886;16.8306901125911;0.0032271165400743484;-0.5401714444160461;-0.8414967060089111;[];
64.7;MPIB1;57.30000001192093;2.7591379658559276;-0.8566243648529053;-0.5089951753616333;-0.08387261629104614;[];
64.75;MPIB4;41.95400447888433;32.7335321074448;0.8848410248756409;-0.46555230021476746;-0.015441185794770718;[];
64.75;MPIB3;48.35811671000738;21.829397941586876;0.9180322289466858;-0.1847361922264099;0.35079145431518555;[];
64.75;MPIB2;20.520238774133418;16.61576364345939;0.0032271165400743484;-0.5401714444160461;-0.8414967060089111;[];
64.75;MPIB1;57.30000001192093;2.7591379658559276;-0.8566243648529053;-0.5089951753616333;-0.08387261629104614;[];
64.8;MPIB4;42.168104921662646;32.73130553426253;0.8871455192565918;-0.460964173078537;-0.02016127109527588;[];
64.8;MPIB3;48.526935250913425;21.893905589335304;0.9180322289466858;-0.1847361922264099;0.35079145431518555;[];
64.8;MPIB2;20.52062399400495;16.40041454765577;0.0032271165400743484;-0.5401714444160461;-0.8414967060089111;[];
64.8;MPIB1;57.30000001192093;2.7591379658559276;-0.8566243648529053;-0.5089951753616333;-0.08387261629104614;[];
64.85;MPIB4;42.38295822158496;32.72831818625363;0.8905576467514038;-0.4539734125137329;-0.027159620076417923;[];
64.85;MPIB3;48.71074484591372;21.963869936556932;0.9189371466636658;-0.1847361922264099;0.34841388463974;[];
64.85;MPIB2;20.521009213876482;16.184834697662495;0.0032271165400743484;-0.5401714444160461;-0.8414967060089111;[];
64.85;MPIB1;57.30000001192093;2.7591379658559276;-0.8566243648529053;-0.5089951753616333;-0.08387261629104614;[];
64.9;MPIB4;42.38295822158496;32.72831818625363;0.8905576467514038;-0.4539734125137329;-0.027159620076417923;[];
64.9;MPIB3;48.90327447928473;22.03536860565552;0.9233720302581787;-0.18991589546203613;0.3335868716239929;[];
64.9;MPIB2;20.521394433748014;15.96912885586704;0.0032271165400743484;-0.5401714444160461;-0.8414967060089111;[];
64.9;MPIB1;57.30000001192093;2.7591379658559276;-0.8566243648529053;-0.5089951753616333;-0.08387261629104614;[];
64.95;MPIB4;42.598163513352645;32.723791103586876;0.8923999071121216;-0.44926875829696655;-0.04126822203397751;[];
64.95;MPIB3;49.101324885554504;22.105522139767658;0.9270132780075073;-0.210393026471138;0.31038954854011536;[];
64.95;MPIB2;20.521779653619546;15.753354222539599;0.0032271165400743484;-0.5401714444160461;-0.8414967060089111;[];
64.95;MPIB1;57.30000001192093;2.7591379658559276;-0.8566243648529053;-0.5089951753616333;-0.08387261629104614;[];
65.0;MPIB4;43.02898577660227;32.71345132380756;0.894401490688324;-0.44455158710479736;-0.04841000586748123;[];
65.0;MPIB3;49.30263137571524;22.174209700423916;0.9267162084579468;-0.2232152223587036;0.30220890045166016;[];
65.0;MPIB2;20.52216487349108;15.537542029031329;0.0032271165400743484;-0.5401714444160461;-0.8414967060089111;[];
65.0;MPIB1;57.30000001192093;2.7591379658559276;-0.8566243648529053;-0.5089951753616333;-0.08387261629104614;[];
65.05;MPIB4;43.24446367989434;32.70789209591257;0.894268274307251;-0.44455158710479736;-0.05081081762909889;[];
65.05;MPIB3;49.50571568788689;22.24209683948027;0.9267162084579468;-0.2232152223587036;0.30220890045166016;[];
65.05;MPIB2;20.52255009336261;15.32170932766195;0.0032271165400743484;-0.5401714444160461;-0.8414967060089111;[];
65.05;MPIB1;57.30000001192093;2.7591379658559276;-0.8566243648529053;-0.5089951753616333;-0.08387261629104614;[];
65.1;MPIB4;43.45995680799608;32.69929752923434;0.8822994828224182;-0.46792641282081604;-0.05013076961040497;[];
65.1;MPIB3;49.70992674339982;22.309064176746688;0.9271550178527832;-0.22825877368450165;0.2970503568649292;[];
65.1;MPIB2;20.52255009336261;15.32170932766195;0.0032271165400743484;-0.5401714444160461;-0.8414967060089111;[];
65.1;MPIB1;57.30000001192093;2.7591379658559276;-0.8566243648529053;-0.5089951753616333;-0.08387261629104614;[];
65.15;MPIB4;43.67545824884485;32.68904566738797;0.8822994828224182;-0.46792641282081604;-0.05013076961040497;[];
65.15;MPIB3;49.91483293067722;22.37527866278353;0.9273614287376404;-0.2308715432882309;0.29437384009361267;[];
65.15;MPIB2;20.52255009336261;15.32170932766195;0.0032271165400743484;-0.5401714444160461;-0.8414967060089111;[];
65.15;MPIB1;57.30000001192093;2.7591379658559276;-0.8566243648529053;-0.5089951753616333;-0.08387261629104614;[];
65.2;MPIB4;43.67545824884485;32.68904566738797;0.8822994828224182;-0.46792641282081604;-0.05013076961040497;[];
65.2;MPIB3;50.02671172192572;22.41143177635894;0.9256021976470947;-0.23851358890533447;0.29381540417671204;[];
65.2;MPIB2;20.52255009336261;15.32170932766195;0.0032271165400743484;-0.5401714444160461;-0.8414967060089111;[];
65.2;MPIB1;57.30000001192093;2.7591379658559276;-0.8566243648529053;-0.5089951753616333;-0.08387261629104614;[];
65.25;MPIB4;43.69999998807907;32.66623811084031;0.8822994828224182;-0.46792641282081604;-0.05013076961040497;[];
65.25;MPIB3;50.08779754904265;22.43117137866392;0.9256021976470947;-0.23851358890533447;0.29381540417671204;[];
65.25;MPIB2;20.52255009336261;15.32170932766195;0.0032271165400743484;-0.5401714444160461;-0.8414967060089111;[];
65.25;MPIB1;57.30000001192093;2.7591379658559276;-0.8566243648529053;-0.5089951753616333;-0.08387261629104614;[];
65.3;MPIB4;43.69999998807907;32.66623811084031;0.8822994828224182;-0.46792641282081604;-0.05013076961040497;[];
65.3;MPIB3;50.1211504145225;22.44194920277431;0.9256021976470947;-0.23851358890533447;0.29381540417671204;[];
65.3;MPIB2;20.52255009336261;15.32170932766195;0.0032271165400743484;-0.5401714444160461;-0.8414967060089111;[];
65.3;MPIB1;57.30000001192093;2.7591379658559276;-0.8566243648529053;-0.5089951753616333;-0.08387261629104614;[];
65.35;MPIB4;43.69999998807907;32.66623811084031;0.8822994828224182;-0.46792641282081604;-0.05013076961040497;[];
65.35;MPIB3;50.1211504145225;22.44194920277431;0.9256021976470947;-0.23851358890533447;0.29381540417671204;[];
65.35;MPIB2;20.52255009336261;15.32170932766195;0.0032271165400743484;-0.5401714444160461;-0.8414967060089111;[];
65.35;MPIB1;57.30000001192093;2.7591379658559276;-0.8566243648529053;-0.5089951753616333;-0.08387261629104614;[];
65.4;MPIB4;43.69999998807907;32.63010139772675;0.8822994828224182;-0.46792641282081604;-0.05013076961040497;[];
65.4;MPIB3;50.1211504145225;22.44194920277431;0.9256021976470947;-0.23851358890533447;0.29381540417671204;[];
65.4;MPIB2;20.52255009336261;15.32170932766195;0.0032271165400743484;-0.5401714444160461;-0.8414967060089111;[];
65.4;MPIB1;57.30000001192093;2.7591379658559276;-0.8566243648529053;-0.5089951753616333;-0.08387261629104614;[];
65.45;MPIB4;43.69999998807907;32.63010139772675;0.8822994828224182;-0.46792641282081604;-0.05013076961040497;[];
65.45;MPIB3;50.15473299871019;22.451046937981005;0.9256021976470947;-0.23851358890533447;0.29381540417671204;[];
65.45;MPIB2;20.52255009336261;15.32170932766195;0.0032271165400743484;-0.5401714444160461;-0.8414967060089111;[];
65.45;MPIB1;57.30000001192093;2.7591379658559276;-0.8566243648529053;-0.5089951753616333;-0.08387261629104614;[];
65.5;MPIB4;43.69999998807907;32.63010139772675;0.8822994828224182;-0.46792641282081604;-0.05013076961040497;[];
65.5;MPIB3;50.15473299871019;22.451046937981005;0.9256021976470947;-0.23851358890533447;0.29381540417671204;[];
65.5;MPIB2;20.52255009336261;15.32170932766195;0.0032271165400743484;-0.5401714444160461;-0.8414967060089111;[];
65.5;MPIB1;57.30000001192093;2.7591379658559276;-0.8566243648529053;-0.5089951753616333;-0.08387261629104614;[];
65.55;MPIB4;43.69999998807907;32.63010139772675;0.8822994828224182;-0.46792641282081604;-0.05013076961040497;[];
65.55;MPIB3;50.15473299871019;22.451046937981005;0.9256021976470947;-0.23851358890533447;0.29381540417671204;[];
65.55;MPIB2;20.52255009336261;15.32170932766195;0.0032271165400743484;-0.5401714444160461;-0.8414967060089111;[];
65.55;MPIB1;57.30000001192093;2.7591379658559276;-0.8566243648529053;-0.5089951753616333;-0.08387261629104614;[];
65.6;MPIB4;43.69999998807907;32.59346378906588;0.8822994828224182;-0.46792641282081604;-0.05013076961040497;[];
65.6;MPIB3;50.15473299871019;22.451046937981005;0.9256021976470947;-0.23851358890533447;0.29381540417671204;[];
65.6;MPIB2;20.52255009336261;15.32170932766195;0.0032271165400743484;-0.5401714444160461;-0.8414967060089111;[];
65.6;MPIB1;57.30000001192093;2.7591379658559276;-0.8566243648529053;-0.5089951753616333;-0.08387261629104614;[];
65.65;MPIB4;43.69999998807907;32.59346378906588;0.8822994828224182;-0.46792641282081604;-0.05013076961040497;[];
65.65;MPIB3;50.15473299871019;22.451046937981005;0.9256021976470947;-0.23851358890533447;0.29381540417671204;[];
65.65;MPIB2;20.52255009336261;15.32170932766195;0.0032271165400743484;-0.5401714444160461;-0.8414967060089111;[];
65.65;MPIB1;57.30000001192093;2.7591379658559276;-0.8566243648529053;-0.5089951753616333;-0.08387261629104614;[];
65.7;MPIB4;43.69999998807907;32.556744648939144;0.8822994828224182;-0.46792641282081604;-0.05013076961040497;[];
65.7;MPIB3;50.15473299871019;22.451046937981005;0.9256021976470947;-0.23851358890533447;0.29381540417671204;[];
65.7;MPIB2;20.52255009336261;15.32170932766195;0.0032271165400743484;-0.5401714444160461;-0.8414967060089111;[];
65.7;MPIB1;57.30000001192093;2.7591379658559276;-0.8566243648529053;-0.5089951753616333;-0.08387261629104614;[];
65.75;MPIB4;43.69999998807907;32.556744648939144;0.8822994828224182;-0.46792641282081604;-0.05013076961040497;[];
65.75;MPIB3;50.15473299871019;22.451046937981005;0.9256021976470947;-0.23851358890533447;0.29381540417671204;[];
65.75;MPIB2;20.52255009336261;15.32170932766195;0.0032271165400743484;-0.5401714444160461;-0.8414967060089111;[];
65.75;MPIB1;57.30000001192093;2.7591379658559276;-0.8566243648529053;-0.5089951753616333;-0.08387261629104614;[];
65.8;MPIB4;43.69999998807907;32.556744648939144;0.8822994828224182;-0.46792641282081604;-0.05013076961040497;[];
65.8;MPIB3;50.15473299871019;22.451046937981005;0.9256021976470947;-0.23851358890533447;0.29381540417671204;[];
65.8;MPIB2;20.52255009336261;15.32170932766195;0.0032271165400743484;-0.5401714444160461;-0.8414967060089111;[];
65.8;MPIB1;57.30000001192093;2.7591379658559276;-0.8566243648529053;-0.5089951753616333;-0.08387261629104614;[];
65.85;MPIB4;43.69999998807907;32.520012237822186;0.8822994828224182;-0.46792641282081604;-0.05013076961040497;[];
65.85;MPIB3;50.15473299871019;22.451046937981005;0.9256021976470947;-0.23851358890533447;0.29381540417671204;[];
65.85;MPIB2;20.52255009336261;15.32170932766195;0.0032271165400743484;-0.5401714444160461;-0.8414967060089111;[];
65.85;MPIB1;57.30000001192093;2.7172142223053015;-0.8566243648529053;-0.5089951753616333;-0.08387261629104614;[];
65.9;MPIB4;43.69999998807907;32.520012237822186;0.8822994828224182;-0.46792641282081604;-0.05013076961040497;[];
65.9;MPIB3;50.15473299871019;22.451046937981005;0.9256021976470947;-0.23851358890533447;0.29381540417671204;[];
65.9;MPIB2;20.52255009336261;15.32170932766195;0.0032271165400743484;-0.5401714444160461;-0.8414967060089111;[];
65.9;MPIB1;57.30000001192093;2.7172142223053015;-0.8566243648529053;-0.5089951753616333;-0.08387261629104614;[];
65.95;MPIB4;43.69999998807907;32.520012237822186;0.8755634427070618;-0.4816797375679016;-0.03594803810119629;[];
65.95;MPIB3;50.15473299871019;22.451046937981005;0.9256021976470947;-0.23851358890533447;0.29381540417671204;[];
65.95;MPIB2;20.52255009336261;15.32170932766195;0.0032271165400743484;-0.5401714444160461;-0.8414967060089111;[];
65.95;MPIB1;57.202466413378716;2.6780356755257344;-0.8566243648529053;-0.5089951753616333;-0.08387261629104614;[];
66.0;MPIB4;43.69999998807907;32.488482454617184;0.8721471428871155;-0.48855432868003845;-0.024338586255908012;[];
66.0;MPIB3;50.15473299871019;22.451046937981005;0.9256021976470947;-0.23851358890533447;0.29381540417671204;[];
66.0;MPIB2;20.52255009336261;15.32170932766195;0.0032271165400743484;-0.5401714444160461;-0.8414967060089111;[];
66.0;MPIB1;57.051679463846995;2.6575586606332138;-0.8566243648529053;-0.5089951753616333;-0.08387261629104614;[];
66.05;MPIB4;43.69999998807907;32.488482454617184;0.87099689245224;-0.4908948540687561;-0.017455045133829117;[];
66.05;MPIB3;50.15473299871019;22.451046937981005;0.9256021976470947;-0.23851358890533447;0.29381540417671204;[];
66.05;MPIB2;20.530254490793254;15.300000011920929;0.0032271165400743484;-0.5401714444160461;-0.8414967060089111;[];
66.05;MPIB1;56.87181618129762;2.6368286342767533;-0.8566243648529053;-0.5089951753616333;-0.08387261629104614;[];
66.1;MPIB4;43.69999998807907;32.488482454617184;0.87099689245224;-0.4908948540687561;-0.017455045133829117;[];
66.1;MPIB3;50.15473299871019;22.451046937981005;0.9256021976470947;-0.23851358890533447;0.29381540417671204;[];
66.1;MPIB2;20.530254490793254;15.300000011920929;0.0032271165400743484;-0.5401714444160461;-0.8414967060089111;[];
66.1;MPIB1;56.67607721907666;2.6159604636449387;-0.8566243648529053;-0.5089951753616333;-0.08387261629104614;[];
66.15;MPIB4;43.69999998807907;32.488482454617184;0.8711504340171814;-0.4908948540687561;-0.006097096484154463;[];
66.15;MPIB3;50.15473299871019;22.451046937981005;0.9256021976470947;-0.23851358890533447;0.29381540417671204;[];
66.15;MPIB2;20.530254490793254;15.300000011920929;0.0032271165400743484;-0.5401714444160461;-0.8414967060089111;[];
66.15;MPIB1;56.47167013474814;2.5950168662300257;-0.8566243648529053;-0.5089951753616333;-0.08387261629104614;[];
66.2;MPIB4;43.69999998807907;32.488482454617184;0.8724785447120667;-0.48855432868003845;-0.003764175809919834;[];
66.2;MPIB3;50.15473299871019;22.451046937981005;0.9256021976470947;-0.23851358890533447;0.29381540417671204;[];
66.2;MPIB2;20.530254490793254;15.300000011920929;0.0032271165400743484;-0.5401714444160461;-0.8414967060089111;[];
66.2;MPIB1;56.26253025519918;2.5740320857867687;-0.8566243648529053;-0.5089951753616333;-0.08387261629104614;[];
66.25;MPIB4;43.69999998807907;32.488482454617184;0.8762845993041992;-0.4816797375679016;0.0053768823854625225;[];
66.25;MPIB3;50.15473299871019;22.451046937981005;0.9256021976470947;-0.23851358890533447;0.29381540417671204;[];
66.25;MPIB2;20.530254490793254;15.300000011920929;0.0032271165400743484;-0.5401714444160461;-0.8414967060089111;[];
66.25;MPIB1;56.05080626915969;2.5530248194073977;-0.8566243648529053;-0.5089951753616333;-0.08387261629104614;[];
66.3;MPIB4;43.69999998807907;32.488482454617184;0.8798996806144714;-0.47477537393569946;0.016873933374881744;[];
66.3;MPIB3;50.15473299871019;22.451046937981005;0.9256021976470947;-0.23851358890533447;0.29381540417671204;[];
66.3;MPIB2;20.530254490793254;15.300000011920929;0.0032271165400743484;-0.5401714444160461;-0.8414967060089111;[];
66.3;MPIB1;55.837671360812465;2.532005275705501;-0.8566243648529053;-0.5089951753616333;-0.08387261629104614;[];
66.35;MPIB4;43.69999998807907;32.488482454617184;0.8798996806144714;-0.47477537393569946;0.016873933374881744;[];
66.35;MPIB3;50.15473299871019;22.451046937981005;0.9256021976470947;-0.23851358890533447;0.29381540417671204;[];
66.35;MPIB2;20.530254490793254;15.300000011920929;0.0032271165400743484;-0.5401714444160461;-0.8414967060089111;[];
66.35;MPIB1;55.62360757769352;2.512766555117736;-0.8580164909362793;-0.5089951753616333;-0.06817301362752914;[];
66.4;MPIB4;43.69999998807907;32.488482454617184;0.8798996806144714;-0.47477537393569946;0.016873933374881744;[];
66.4;MPIB3;50.15473299871019;22.451046937981005;0.9256021976470947;-0.23851358890533447;0.29381540417671204;[];
66.4;MPIB2;20.530254490793254;15.300000011920929;0.0032271165400743484;-0.5401714444160461;-0.8414967060089111;[];
66.4;MPIB1;55.40903662889036;2.4945001640632256;-0.8580164909362793;-0.5089951753616333;-0.06817301362752914;[];
66.45;MPIB4;43.69999998807907;32.488482454617184;0.8821183443069458;-0.47021257877349854;0.026225054636597633;[];
66.45;MPIB3;50.15473299871019;22.451046937981005;0.9256021976470947;-0.23851358890533447;0.29381540417671204;[];
66.45;MPIB2;20.530254490793254;15.300000011920929;0.0032271165400743484;-0.5401714444160461;-0.8414967060089111;[];
66.45;MPIB1;55.19418876759141;2.476764664995528;-0.8580164909362793;-0.5089951753616333;-0.06817301362752914;[];
66.5;MPIB4;43.69999998807907;32.488482454617184;0.8821183443069458;-0.47021257877349854;0.026225054636597633;[];
66.5;MPIB3;50.15473299871019;22.451046937981005;0.9256021976470947;-0.23851358890533447;0.29381540417671204;[];
66.5;MPIB2;20.530254490793254;15.300000011920929;0.0032271165400743484;-0.5401714444160461;-0.8414967060089111;[];
66.5;MPIB1;54.9791897120524;2.459319032986315;-0.8580164909362793;-0.5089951753616333;-0.06817301362752914;[];
66.55;MPIB4;43.69999998807907;32.488482454617184;0.8821183443069458;-0.47021257877349854;0.026225054636597633;[];
66.55;MPIB3;50.15473299871019;22.451046937981005;0.9256021976470947;-0.23851358890533447;0.29381540417671204;[];
66.55;MPIB2;20.530254490793254;15.300000011920929;0.003237799508497119;-0.5358073711395264;-0.844282329082489;[];
66.55;MPIB1;54.764108104448496;2.442031668409413;-0.8580164909362793;-0.5089951753616333;-0.06817301362752914;[];
66.6;MPIB4;43.69999998807907;32.488482454617184;0.8821183443069458;-0.47021257877349854;0.026225054636597633;[];
66.6;MPIB3;50.15473299871019;22.451046937981005;0.9256021976470947;-0.23851358890533447;0.29381540417671204;[];
66.6;MPIB2;20.530254490793254;15.300000011920929;0.003237799508497119;-0.5358073711395264;-0.844282329082489;[];
66.6;MPIB1;54.54898142341199;2.424830717860573;-0.8580164909362793;-0.5089951753616333;-0.06817301362752914;[];
66.65;MPIB4;43.69999998807907;32.488482454617184;0.8821183443069458;-0.47021257877349854;0.026225054636597633;[];
66.65;MPIB3;50.15473299871019;22.451046937981005;0.9256021976470947;-0.23851358890533447;0.29381540417671204;[];
66.65;MPIB2;20.530254490793254;15.300000011920929;0.003237799508497119;-0.5358073711395264;-0.844282329082489;[];
66.65;MPIB1;54.333830132278536;2.407676949376537;-0.8580164909362793;-0.5089951753616333;-0.06817301362752914;[];
66.7;MPIB4;43.69999998807907;32.488482454617184;0.8821183443069458;-0.47021257877349854;0.026225054636597633;[];
66.7;MPIB3;50.15473299871019;22.451046937981005;0.9256021976470947;-0.23851358890533447;0.29381540417671204;[];
66.7;MPIB2;20.530254490793254;15.300000011920929;0.003237799508497119;-0.5358073711395264;-0.844282329082489;[];
66.7;MPIB1;54.30000001192093;2.3920858811303845;-0.8549616932868958;-0.5157464742660522;-0.054418377578258514;[];
66.75;MPIB4;43.69999998807907;32.488482454617184;0.8821183443069458;-0.47021257877349854;0.026225054636597633;[];
66.75;MPIB3;50.15473299871019;22.451046937981005;0.9256021976470947;-0.23851358890533447;0.29381540417671204;[];
66.75;MPIB2;20.530254490793254;15.300000011920929;0.003237799508497119;-0.5358073711395264;-0.844282329082489;[];
66.75;MPIB1;54.30000001192093;2.3920858811303845;-0.8515220880508423;-0.5224658846855164;-0.043060220777988434;[];
66.8;MPIB4;43.69999998807907;32.488482454617184;0.8821183443069458;-0.47021257877349854;0.026225054636597633;[];
66.8;MPIB3;50.15473299871019;22.451046937981005;0.9256021976470947;-0.23851358890533447;0.29381540417671204;[];
66.8;MPIB2;20.530254490793254;15.300000011920929;0.003237799508497119;-0.5358073711395264;-0.844282329082489;[];
66.8;MPIB1;54.30000001192093;2.3920858811303845;-0.8465108275413513;-0.5313476920127869;-0.031666457653045654;[];
66.85;MPIB4;43.69999998807907;32.488482454617184;0.8848539590835571;-0.46555230021476746;0.0146776819601655;[];
66.85;MPIB3;50.15473299871019;22.451046937981005;0.9256021976470947;-0.23851358890533447;0.29381540417671204;[];
66.85;MPIB2;20.530254490793254;15.300000011920929;0.003237799508497119;-0.5358073711395264;-0.844282329082489;[];
66.85;MPIB1;54.30000001192093;2.3920858811303845;-0.8452122807502747;-0.533538818359375;-0.029427120462059975;[];
66.9;MPIB4;43.69999998807907;32.488482454617184;0.8848539590835571;-0.46555230021476746;0.0146776819601655;[];
66.9;MPIB3;50.15473299871019;22.451046937981005;0.9256021976470947;-0.23851358890533447;0.29381540417671204;[];
66.9;MPIB2;20.5368032286093;15.20200078189373;0.003237799508497119;-0.5358073711395264;-0.844282329082489;[];
66.9;MPIB1;54.30000001192093;2.3920858811303845;-0.8438534140586853;-0.5358073711395264;-0.027111973613500595;[];
66.95;MPIB4;43.69999998807907;32.488482454617184;0.8848539590835571;-0.46555230021476746;0.0146776819601655;[];
66.95;MPIB3;50.15473299871019;22.451046937981005;0.9256021976470947;-0.23851358890533447;0.29381540417671204;[];
66.95;MPIB2;20.537188448480833;15.05049396605662;0.003237799508497119;-0.5358073711395264;-0.844282329082489;[];
66.95;MPIB1;54.30000001192093;2.3920858811303845;-0.8438534140586853;-0.5358073711395264;-0.027111973613500595;[];
67.0;MPIB4;43.79798649996519;32.51142395366651;0.8848539590835571;-0.46555230021476746;0.0146776819601655;[];
67.0;MPIB3;50.15473299871019;22.451046937981005;0.9256021976470947;-0.23851358890533447;0.29381540417671204;[];
67.0;MPIB2;20.537573668352366;14.869772004973896;0.003237799508497119;-0.5358073711395264;-0.844282329082489;[];
67.0;MPIB1;54.30000001192093;2.3920858811303845;-0.8438534140586853;-0.5358073711395264;-0.027111973613500595;[];
67.05;MPIB4;43.94947365355537;32.51304932331868;0.8848539590835571;-0.46555230021476746;0.0146776819601655;[];
67.05;MPIB3;50.15473299871019;22.451046937981005;0.9256021976470947;-0.23851358890533447;0.29381540417671204;[];
67.05;MPIB2;20.537958888223898;14.673098572734261;0.003237799508497119;-0.5358073711395264;-0.844282329082489;[];
67.05;MPIB1;54.30000001192093;2.3920858811303845;-0.8438534140586853;-0.5358073711395264;-0.027111973613500595;[];
67.1;MPIB4;44.13018190626836;32.51390431498612;0.8861443996429443;-0.4632597863674164;0.007731377147138119;[];
67.1;MPIB3;50.15473299871019;22.451046937981005;0.9256021976470947;-0.23851358890533447;0.29381540417671204;[];
67.1;MPIB2;20.53834410809543;14.467715636231333;0.003237799508497119;-0.5358073711395264;-0.844282329082489;[];
67.1;MPIB1;54.30000001192093;2.3920858811303845;-0.8438534140586853;-0.5358073711395264;-0.027111973613500595;[];
67.15;MPIB4;44.326846765952496;32.5145056316137;0.8873578906059265;-0.460964173078537;0.005444827955216169;[];
67.15;MPIB3;50.15473299871019;22.451046937981005;0.9256021976470947;-0.23851358890533447;0.29381540417671204;[];
67.15;MPIB2;20.538729327966962;14.257577309848273;0.003237799508497119;-0.5358073711395264;-0.844282329082489;[];
67.15;MPIB1;54.30000001192093;2.3920858811303845;-0.8438534140586853;-0.5358073711395264;-0.027111973613500595;[];
67.2;MPIB4;44.5322257445459;32.51459019228378;0.8886087536811829;-0.45858025550842285;7.667488534934819E-4;[];
67.2;MPIB3;50.15473299871019;22.451046937981005;0.9256021976470947;-0.23851358890533447;0.29381540417671204;[];
67.2;MPIB2;20.539114547838494;14.044842540289096;0.003237799508497119;-0.5358073711395264;-0.844282329082489;[];
67.2;MPIB1;54.30000001192093;2.3920858811303845;-0.8438534140586853;-0.5358073711395264;-0.027111973613500595;[];
67.25;MPIB4;44.74236263261642;32.51467475295385;0.8886087536811829;-0.45858025550842285;7.667488534934819E-4;[];
67.25;MPIB3;50.15473299871019;22.451046937981005;0.9262093305587769;-0.2359057515859604;0.2940081059932709;[];
67.25;MPIB2;20.539499767710026;13.8306901125911;0.003237799508497119;-0.5358073711395264;-0.844282329082489;[];
67.25;MPIB1;54.30000001192093;2.3920858811303845;-0.8438534140586853;-0.5358073711395264;-0.027111973613500595;[];
67.3;MPIB4;44.95509646784525;32.51425195084039;0.8897850513458252;-0.45627835392951965;-0.00383884203620255;[];
67.3;MPIB3;50.15473299871019;22.451046937981005;0.9267885088920593;-0.23338942229747772;0.29419198632240295;[];
67.3;MPIB2;20.53988498758156;13.615763643459388;0.003237799508497119;-0.5358073711395264;-0.844282329082489;[];
67.3;MPIB1;54.30000001192093;2.3920858811303845;-0.8438534140586853;-0.5358073711395264;-0.027111973613500595;[];
67.35;MPIB4;45.16924188104197;32.5130587351191;0.8897273540496826;-0.45627835392951965;-0.010833831503987312;[];
67.35;MPIB3;50.15473299871019;22.451046937981005;0.9267885088920593;-0.23338942229747772;0.29419198632240295;[];
67.35;MPIB2;20.54027020745309;13.400414547655771;0.003237799508497119;-0.5358073711395264;-0.844282329082489;[];
67.35;MPIB1;54.30000001192093;2.3920858811303845;-0.8438534140586853;-0.5358073711395264;-0.027111973613500595;[];
67.4;MPIB4;45.16924188104197;32.5130587351191;0.8897273540496826;-0.45627835392951965;-0.010833831503987312;[];
67.4;MPIB3;50.15473299871019;22.451046937981005;0.9267885088920593;-0.23338942229747772;0.29419198632240295;[];
67.4;MPIB2;20.540655427324623;13.184834697662495;0.003237799508497119;-0.5358073711395264;-0.844282329082489;[];
67.4;MPIB1;54.30000001192093;2.3920858811303845;-0.8438534140586853;-0.5358073711395264;-0.027111973613500595;[];
67.45;MPIB4;45.16924188104197;32.5130587351191;0.8897273540496826;-0.45627835392951965;-0.010833831503987312;[];
67.45;MPIB3;50.15473299871019;22.451046937981005;0.9267885088920593;-0.23338942229747772;0.29419198632240295;[];
67.45;MPIB2;20.541040647196155;12.96912885586704;0.003237799508497119;-0.5358073711395264;-0.844282329082489;[];
67.45;MPIB1;54.30000001192093;2.3920858811303845;-0.8438534140586853;-0.5358073711395264;-0.027111973613500595;[];
67.5;MPIB4;45.16924188104197;32.5130587351191;0.8897273540496826;-0.45627835392951965;-0.010833831503987312;[];
67.5;MPIB3;50.15473299871019;22.451046937981005;0.9267885088920593;-0.23338942229747772;0.29419198632240295;[];
67.5;MPIB2;20.541425867067687;12.753354222539599;0.003237799508497119;-0.5358073711395264;-0.844282329082489;[];
67.5;MPIB1;54.30000001192093;2.3920858811303845;-0.8438534140586853;-0.5358073711395264;-0.027111973613500595;[];
67.55;MPIB4;45.16924188104197;32.5130587351191;0.8897273540496826;-0.45627835392951965;-0.010833831503987312;[];
67.55;MPIB3;50.15473299871019;22.451046937981005;0.9267885088920593;-0.23338942229747772;0.29419198632240295;[];
67.55;MPIB2;20.54181108693922;12.537542029031329;0.003237799508497119;-0.5358073711395264;-0.844282329082489;[];
67.55;MPIB1;54.30000001192093;2.3920858811303845;-0.8438534140586853;-0.5358073711395264;-0.027111973613500595;[];
67.6;MPIB4;45.16924188104197;32.5130587351191;0.8897273540496826;-0.45627835392951965;-0.010833831503987312;[];
67.6;MPIB3;50.15473299871019;22.451046937981005;0.9267885088920593;-0.23338942229747772;0.29419198632240295;[];
67.6;MPIB2;20.54219630681075;12.32170932766195;0.003237799508497119;-0.5358073711395264;-0.844282329082489;[];
67.6;MPIB1;54.30000001192093;2.3920858811303845;-0.8438534140586853;-0.5358073711395264;-0.027111973613500595;[];
67.65;MPIB4;45.16924188104197;32.5130587351191;0.8897273540496826;-0.45627835392951965;-0.010833831503987312;[];
67.65;MPIB3;50.15473299871019;22.451046937981005;0.9267885088920593;-0.23338942229747772;0.29419198632240295;[];
67.65;MPIB2;20.54219630681075;12.32170932766195;0.003237799508497119;-0.5358073711395264;-0.844282329082489;[];
67.65;MPIB1;54.30000001192093;2.3920858811303845;-0.8438534140586853;-0.5358073711395264;-0.027111973613500595;[];
67.7;MPIB4;45.16924188104197;32.5130587351191;0.8897273540496826;-0.45627835392951965;-0.010833831503987312;[];
67.7;MPIB3;50.15473299871019;22.451046937981005;0.9267885088920593;-0.23338942229747772;0.29419198632240295;[];
67.7;MPIB2;20.54219630681075;12.32170932766195;0.003237799508497119;-0.5358073711395264;-0.844282329082489;[];
67.7;MPIB1;54.30000001192093;2.378925208898181;-0.8438534140586853;-0.5358073711395264;-0.027111973613500595;[];
67.75;MPIB4;45.16924188104197;32.5130587351191;0.8897273540496826;-0.45627835392951965;-0.010833831503987312;[];
67.75;MPIB3;50.15473299871019;22.451046937981005;0.9267885088920593;-0.23338942229747772;0.29419198632240295;[];
67.75;MPIB2;20.54219630681075;12.32170932766195;0.003237799508497119;-0.5358073711395264;-0.844282329082489;[];
67.75;MPIB1;54.30000001192093;2.378925208898181;-0.8438534140586853;-0.5358073711395264;-0.027111973613500595;[];
67.8;MPIB4;46.67752140508385;32.490062751403;0.8892244100570679;-0.45627835392951965;-0.03181305527687073;[];
67.8;MPIB3;50.15473299871019;22.451046937981005;0.9267885088920593;-0.23338942229747772;0.29419198632240295;[];
67.8;MPIB2;20.54219630681075;12.32170932766195;0.003237799508497119;-0.5358073711395264;-0.844282329082489;[];
67.8;MPIB1;54.30000001192093;2.378925208898181;-0.8438534140586853;-0.5358073711395264;-0.027111973613500595;[];
67.85;MPIB4;46.67752140508385;32.490062751403;0.8892244100570679;-0.45627835392951965;-0.03181305527687073;[];
67.85;MPIB3;50.15473299871019;22.451046937981005;0.9267885088920593;-0.23338942229747772;0.29419198632240295;[];
67.85;MPIB2;20.54219630681075;12.32170932766195;0.003237799508497119;-0.5358073711395264;-0.844282329082489;[];
67.85;MPIB1;54.30000001192093;2.378925208898181;-0.8438534140586853;-0.5358073711395264;-0.027111973613500595;[];
67.9;MPIB4;46.67752140508385;32.490062751403;0.8894470930099487;-0.45627835392951965;-0.024821368977427483;[];
67.9;MPIB3;50.15473299871019;22.451046937981005;0.9267885088920593;-0.23338942229747772;0.29419198632240295;[];
67.9;MPIB2;20.54219630681075;12.32170932766195;0.003237799508497119;-0.5358073711395264;-0.844282329082489;[];
67.9;MPIB1;54.30000001192093;2.378925208898181;-0.8438534140586853;-0.5358073711395264;-0.027111973613500595;[];
67.95;MPIB4;46.67752140508385;32.490062751403;0.8894470930099487;-0.45627835392951965;-0.024821368977427483;[];
67.95;MPIB3;50.15473299871019;22.451046937981005;0.9267885088920593;-0.23338942229747772;0.29419198632240295;[];
67.95;MPIB2;20.54219630681075;12.32170932766195;0.003237799508497119;-0.5358073711395264;-0.844282329082489;[];
67.95;MPIB1;54.30000001192093;2.378925208898181;-0.8438534140586853;-0.5358073711395264;-0.027111973613500595;[];
68.0;MPIB4;46.67752140508385;32.490062751403;0.8896951079368591;-0.45627835392951965;-0.013222232460975647;[];
68.0;MPIB3;50.15473299871019;22.451046937981005;0.9267885088920593;-0.23338942229747772;0.29419198632240295;[];
68.0;MPIB2;20.54219630681075;12.32170932766195;0.003237799508497119;-0.5358073711395264;-0.844282329082489;[];
68.0;MPIB1;54.30000001192093;2.378925208898181;-0.8438534140586853;-0.5358073711395264;-0.027111973613500595;[];
68.05;MPIB4;46.67752140508385;32.490062751403;0.8921655416488647;-0.45157986879348755;-0.006244179327040911;[];
68.05;MPIB3;50.15473299871019;22.451046937981005;0.9267885088920593;-0.23338942229747772;0.29419198632240295;[];
68.05;MPIB2;20.54219630681075;12.32170932766195;0.003237799508497119;-0.5358073711395264;-0.844282329082489;[];
68.05;MPIB1;54.30000001192093;2.378925208898181;-0.8438534140586853;-0.5358073711395264;-0.027111973613500595;[];
68.1;MPIB4;46.67752140508385;32.490062751403;0.896852970123291;-0.44223135709762573;0.003181447507813573;[];
68.1;MPIB3;50.15473299871019;22.451046937981005;0.9267885088920593;-0.23338942229747772;0.29419198632240295;[];
68.1;MPIB2;20.54219630681075;12.32170932766195;0.003237799508497119;-0.5358073711395264;-0.844282329082489;[];
68.1;MPIB1;54.30000001192093;2.378925208898181;-0.8438534140586853;-0.5358073711395264;-0.027111973613500595;[];
68.15;MPIB4;46.67752140508385;32.490062751403;0.896852970123291;-0.44223135709762573;0.003181447507813573;[];
68.15;MPIB3;50.15473299871019;22.451046937981005;0.9267885088920593;-0.23338942229747772;0.29419198632240295;[];
68.15;MPIB2;20.54219630681075;12.32170932766195;0.003237799508497119;-0.5358073711395264;-0.844282329082489;[];
68.15;MPIB1;54.30000001192093;2.378925208898181;-0.8438534140586853;-0.5358073711395264;-0.027111973613500595;[];
68.2;MPIB4;46.67752140508385;32.490062751403;0.8991308808326721;-0.4375820457935333;0.0031895278953015804;[];
68.2;MPIB3;50.15473299871019;22.451046937981005;0.9267885088920593;-0.23338942229747772;0.29419198632240295;[];
68.2;MPIB2;20.54219630681075;12.32170932766195;0.003237799508497119;-0.5358073711395264;-0.844282329082489;[];
68.2;MPIB1;54.30000001192093;2.378925208898181;-0.8438534140586853;-0.5358073711395264;-0.027111973613500595;[];
68.25;MPIB4;46.67752140508385;32.490062751403;0.8991308808326721;-0.4375820457935333;0.0031895278953015804;[];
68.25;MPIB3;50.15473299871019;22.451046937981005;0.9267885088920593;-0.23338942229747772;0.29419198632240295;[];
68.25;MPIB2;20.54219630681075;12.32170932766195;0.003237799508497119;-0.5358073711395264;-0.844282329082489;[];
68.25;MPIB1;54.30000001192093;2.378925208898181;-0.8438534140586853;-0.5358073711395264;-0.027111973613500595;[];
68.3;MPIB4;46.67752140508385;32.490062751403;0.8991308808326721;-0.4375820457935333;0.0031895278953015804;[];
68.3;MPIB3;50.15473299871019;22.451046937981005;0.9267885088920593;-0.23338942229747772;0.29419198632240295;[];
68.3;MPIB2;20.54219630681075;12.32170932766195;0.003237799508497119;-0.5358073711395264;-0.844282329082489;[];
68.3;MPIB1;54.30000001192093;2.378925208898181;-0.8438534140586853;-0.5358073711395264;-0.027111973613500595;[];
68.35;MPIB4;46.67752140508385;32.490062751403;0.8991308808326721;-0.4375820457935333;0.0031895278953015804;[];
68.35;MPIB3;50.15473299871019;22.451046937981005;0.9267885088920593;-0.23338942229747772;0.29419198632240295;[];
68.35;MPIB2;20.54219630681075;12.32170932766195;0.003237799508497119;-0.5358073711395264;-0.844282329082489;[];
68.35;MPIB1;54.30000001192093;2.378925208898181;-0.8438534140586853;-0.5358073711395264;-0.027111973613500595;[];
68.4;MPIB4;46.67752140508385;32.490062751403;0.8991308808326721;-0.4375820457935333;0.0031895278953015804;[];
68.4;MPIB3;50.15473299871019;22.451046937981005;0.9267885088920593;-0.23338942229747772;0.29419198632240295;[];
68.4;MPIB2;20.54219630681075;12.32170932766195;0.003237799508497119;-0.5358073711395264;-0.844282329082489;[];
68.4;MPIB1;54.30000001192093;2.378925208898181;-0.8438534140586853;-0.5358073711395264;-0.027111973613500595;[];
68.45;MPIB4;46.67752140508385;32.490062751403;0.8991308808326721;-0.4375820457935333;0.0031895278953015804;[];
68.45;MPIB3;50.15473299871019;22.451046937981005;0.9267885088920593;-0.23338942229747772;0.29419198632240295;[];
68.45;MPIB2;20.54219630681075;12.32170932766195;0.003237799508497119;-0.5358073711395264;-0.844282329082489;[];
68.45;MPIB1;54.30000001192093;2.378925208898181;-0.8438534140586853;-0.5358073711395264;-0.027111973613500595;[];
68.5;MPIB4;46.67752140508385;32.490062751403;0.8991308808326721;-0.4375820457935333;0.0031895278953015804;[];
68.5;MPIB3;50.15473299871019;22.451046937981005;0.9267885088920593;-0.23338942229747772;0.29419198632240295;[];
68.5;MPIB2;20.54219630681075;12.32170932766195;0.003237799508497119;-0.5358073711395264;-0.844282329082489;[];
68.5;MPIB1;54.30000001192093;2.378925208898181;-0.8438534140586853;-0.5358073711395264;-0.027111973613500595;[];
68.55;MPIB4;46.67752140508385;32.490062751403;0.8991308808326721;-0.4375820457935333;0.0031895278953015804;[];
68.55;MPIB3;50.15473299871019;22.451046937981005;0.9267885088920593;-0.23338942229747772;0.29419198632240295;[];
68.55;MPIB2;20.54219630681075;12.32170932766195;0.003237799508497119;-0.5358073711395264;-0.844282329082489;[];
68.55;MPIB1;54.30000001192093;2.378925208898181;-0.8438534140586853;-0.5358073711395264;-0.027111973613500595;[];
68.6;MPIB4;46.67752140508385;32.490062751403;0.8991308808326721;-0.4375820457935333;0.0031895278953015804;[];
68.6;MPIB3;50.15473299871019;22.451046937981005;0.9267885088920593;-0.23338942229747772;0.29419198632240295;[];
68.6;MPIB2;20.549900704241395;12.300000011920929;0.003237799508497119;-0.5358073711395264;-0.844282329082489;[];
68.6;MPIB1;54.30000001192093;2.378925208898181;-0.8438534140586853;-0.5358073711395264;-0.027111973613500595;[];
68.65;MPIB4;46.67752140508385;32.490062751403;0.8991308808326721;-0.4375820457935333;0.0031895278953015804;[];
68.65;MPIB3;50.15473299871019;22.451046937981005;0.9267885088920593;-0.23338942229747772;0.29419198632240295;[];
68.65;MPIB2;20.549900704241395;12.300000011920929;0.003237799508497119;-0.5358073711395264;-0.844282329082489;[];
68.65;MPIB1;54.30000001192093;2.378925208898181;-0.8438534140586853;-0.5358073711395264;-0.027111973613500595;[];
68.7;MPIB4;46.69999998807907;32.477231095373554;0.8991308808326721;-0.4375820457935333;0.0031895278953015804;[];
68.7;MPIB3;50.15473299871019;22.451046937981005;0.9267885088920593;-0.23338942229747772;0.29419198632240295;[];
68.7;MPIB2;20.549900704241395;12.300000011920929;0.003237799508497119;-0.5358073711395264;-0.844282329082489;[];
68.7;MPIB1;54.30000001192093;2.378925208898181;-0.8438534140586853;-0.5358073711395264;-0.027111973613500595;[];
68.75;MPIB4;46.69999998807907;32.477231095373554;0.8991308808326721;-0.4375820457935333;0.0031895278953015804;[];
68.75;MPIB3;50.15473299871019;22.451046937981005;0.9267885088920593;-0.23338942229747772;0.29419198632240295;[];
68.75;MPIB2;20.549900704241395;12.300000011920929;0.003237799508497119;-0.5358073711395264;-0.844282329082489;[];
68.75;MPIB1;54.30000001192093;2.378925208898181;-0.8438534140586853;-0.5358073711395264;-0.027111973613500595;[];
68.8;MPIB4;46.69999998807907;32.477231095373554;0.8991308808326721;-0.4375820457935333;0.0031895278953015804;[];
68.8;MPIB3;50.15473299871019;22.451046937981005;0.9267885088920593;-0.23338942229747772;0.29419198632240295;[];
68.8;MPIB2;20.549900704241395;12.300000011920929;0.003237799508497119;-0.5358073711395264;-0.844282329082489;[];
68.8;MPIB1;54.050620718108576;2.372631218248898;-0.8438534140586853;-0.5358073711395264;-0.027111973613500595;[];
68.85;MPIB4;46.69999998807907;32.477231095373554;0.8991308808326721;-0.4375820457935333;0.0031895278953015804;[];
68.85;MPIB3;50.15473299871019;22.451046937981005;0.9267885088920593;-0.23338942229747772;0.29419198632240295;[];
68.85;MPIB2;20.549900704241395;12.300000011920929;0.003237799508497119;-0.5358073711395264;-0.844282329082489;[];
68.85;MPIB1;53.86999056594095;2.3694842229242568;-0.8438534140586853;-0.5358073711395264;-0.027111973613500595;[];
68.9;MPIB4;46.69999998807907;32.477231095373554;0.8991308808326721;-0.4375820457935333;0.0031895278953015804;[];
68.9;MPIB3;50.15473299871019;22.451046937981005;0.939721405506134;-0.2511554956436157;0.2319440096616745;[];
68.9;MPIB2;20.549900704241395;12.300000011920929;0.003237799508497119;-0.5358073711395264;-0.844282329082489;[];
68.9;MPIB1;53.67341704615433;2.3663372275996153;-0.8438534140586853;-0.5358073711395264;-0.027111973613500595;[];
68.95;MPIB4;46.69999998807907;32.477231095373554;0.8991308808326721;-0.4375820457935333;0.0031895278953015804;[];
68.95;MPIB3;50.15473299871019;22.451046937981005;0.954395055770874;-0.29651716351509094;-0.033961374312639236;[];
68.95;MPIB2;20.549900704241395;12.300000011920929;0.003237799508497119;-0.5358073711395264;-0.844282329082489;[];
68.95;MPIB1;53.46813844663666;2.363190232274974;-0.8438534140586853;-0.5358073711395264;-0.027111973613500595;[];
69.0;MPIB4;46.69999998807907;32.477231095373554;0.8991308808326721;-0.4375820457935333;0.0031895278953015804;[];
69.0;MPIB3;50.15473299871019;22.451046937981005;0.9147210121154785;-0.34608107805252075;-0.2084496021270752;[];
69.0;MPIB2;20.549900704241395;12.300000011920929;0.003237799508497119;-0.5358073711395264;-0.844282329082489;[];
69.0;MPIB1;53.25810687303374;2.3600432369503324;-0.8438534140586853;-0.5358073711395264;-0.027111973613500595;[];
69.05;MPIB4;46.69999998807907;32.477231095373554;0.8991308808326721;-0.4375820457935333;0.0031895278953015804;[];
69.05;MPIB3;50.15473299871019;22.451046937981005;0.8884502053260803;-0.3656129837036133;-0.27734115719795227;[];
69.05;MPIB2;20.549900704241395;12.300000011920929;0.003237799508497119;-0.5358073711395264;-0.844282329082489;[];
69.05;MPIB1;53.045480175278726;2.356896241625691;-0.8438534140586853;-0.5358073711395264;-0.027111973613500595;[];
69.1;MPIB4;46.69999998807907;32.477231095373554;0.8991308808326721;-0.4375820457935333;0.0031895278953015804;[];
69.1;MPIB3;50.15473299871019;22.451046937981005;0.887729287147522;-0.3656129837036133;-0.2796400487422943;[];
69.1;MPIB2;20.549900704241395;12.300000011920929;0.003237799508497119;-0.5358073711395264;-0.844282329082489;[];
69.1;MPIB1;52.83143653957222;2.3537492463010494;-0.8438534140586853;-0.5358073711395264;-0.027111973613500595;[];
69.15;MPIB4;46.69999998807907;32.477231095373554;0.8991308808326721;-0.4375820457935333;0.0031895278953015804;[];
69.15;MPIB3;50.15473299871019;22.451046937981005;0.8855034708976746;-0.3656129837036133;-0.2866103947162628;[];
69.15;MPIB2;20.549900704241395;12.300000011920929;0.003237799508497119;-0.5358073711395264;-0.844282329082489;[];
69.15;MPIB1;52.616619255654314;2.350602250976408;-0.8438534140586853;-0.5358073711395264;-0.027111973613500595;[];
69.2;MPIB4;46.69999998807907;32.477231095373554;0.8991308808326721;-0.4375820457935333;0.0031895278953015804;[];
69.2;MPIB3;50.15473299871019;22.451046937981005;0.8855034708976746;-0.3656129837036133;-0.2866103947162628;[];
69.2;MPIB2;20.549900704241395;12.300000011920929;0.003237799508497119;-0.5358073711395264;-0.844282329082489;[];
69.2;MPIB1;52.40137955976388;2.3474552556517665;-0.8438534140586853;-0.5358073711395264;-0.027111973613500595;[];
69.25;MPIB4;46.69999998807907;32.477231095373554;0.8991308808326721;-0.4375820457935333;0.0031895278953015804;[];
69.25;MPIB3;50.15473299871019;22.451046937981005;0.884730875492096;-0.3656129837036133;-0.2889864444732666;[];
69.25;MPIB2;20.549900704241395;12.300000011920929;0.003237799508497119;-0.5358073711395264;-0.844282329082489;[];
69.25;MPIB1;52.185909226909644;2.344308260327125;-0.8438534140586853;-0.5358073711395264;-0.027111973613500595;[];
69.3;MPIB4;46.69999998807907;32.477231095373554;0.8991308808326721;-0.4375820457935333;0.0031895278953015804;[];
69.3;MPIB3;50.15473299871019;22.451046937981005;0.8841181993484497;-0.36320239305496216;-0.2938605844974518;[];
69.3;MPIB2;20.549900704241395;12.300000011920929;0.003237799508497119;-0.5358073711395264;-0.844282329082489;[];
69.3;MPIB1;51.97031296625869;2.3411612650024836;-0.8438534140586853;-0.5358073711395264;-0.027111973613500595;[];
69.35;MPIB4;46.69999998807907;32.477231095373554;0.8991308808326721;-0.4375820457935333;0.0031895278953015804;[];
69.35;MPIB3;50.15473299871019;22.451046937981005;0.873363196849823;-0.33869463205337524;-0.34994515776634216;[];
69.35;MPIB2;20.549900704241395;12.300000011920929;0.003237799508497119;-0.5358073711395264;-0.844282329082489;[];
69.35;MPIB1;51.75464794902268;2.338014269677842;-0.8438534140586853;-0.5358073711395264;-0.027111973613500595;[];
69.4;MPIB4;46.69999998807907;32.477231095373554;0.8991308808326721;-0.4375820457935333;0.0031895278953015804;[];
69.4;MPIB3;50.15473299871019;22.451046937981005;0.8646895885467529;-0.3238593637943268;-0.38388583064079285;[];
69.4;MPIB2;20.549900704241395;12.300000011920929;0.003237799508497119;-0.5358073711395264;-0.844282329082489;[];
69.4;MPIB1;51.53894539068688;2.3348672743532006;-0.8438534140586853;-0.5358073711395264;-0.027111973613500595;[];
69.45;MPIB4;46.69999998807907;32.477231095373554;0.8991308808326721;-0.4375820457935333;0.0031895278953015804;[];
69.45;MPIB3;50.15473299871019;22.451046937981005;0.8569397330284119;-0.3189568817615509;-0.4047997295856476;[];
69.45;MPIB2;20.556449442057442;12.20200078189373;0.003237799508497119;-0.5358073711395264;-0.844282329082489;[];
69.45;MPIB1;51.32320735179064;2.3322274214233403;-0.8411978483200073;-0.5401714444160461;-0.02266780659556389;[];
69.5;MPIB4;46.69999998807907;32.477231095373554;0.8991308808326721;-0.4375820457935333;0.0031895278953015804;[];
69.5;MPIB3;50.15473299871019;22.451046937981005;0.854499340057373;-0.31641149520874023;-0.4118945300579071;[];
69.5;MPIB2;20.556834661928974;12.05049396605662;0.003237799508497119;-0.5358073711395264;-0.844282329082489;[];
69.5;MPIB1;51.32320735179064;2.3322274214233403;-0.8411978483200073;-0.5401714444160461;-0.02266780659556389;[];
69.55;MPIB4;46.69999998807907;32.477231095373554;0.8991308808326721;-0.4375820457935333;0.0031895278953015804;[];
69.55;MPIB3;50.15473299871019;22.451046937981005;0.8504708409309387;-0.3114960789680481;-0.42380744218826294;[];
69.55;MPIB2;20.557219881800506;11.869772004973896;0.003237799508497119;-0.5358073711395264;-0.844282329082489;[];
69.55;MPIB1;51.32320735179064;2.3322274214233403;-0.8411978483200073;-0.5401714444160461;-0.02266780659556389;[];
69.6;MPIB4;46.949506394357755;32.48348857270639;0.8991308808326721;-0.4375820457935333;0.0031895278953015804;[];
69.6;MPIB3;50.15473299871019;22.451046937981005;0.8501155972480774;-0.30894404649734497;-0.42638099193573;[];
69.6;MPIB2;20.55760510167204;11.673098572734261;0.003237799508497119;-0.5358073711395264;-0.844282329082489;[];
69.6;MPIB1;51.32320735179064;2.3322274214233403;-0.8411978483200073;-0.5401714444160461;-0.02266780659556389;[];
69.65;MPIB4;47.13022861649546;32.483836210335994;0.900302529335022;-0.4351666569709778;0.0031936841551214457;[];
69.65;MPIB3;50.15473299871019;22.451046937981005;0.8501155972480774;-0.30894404649734497;-0.42638099193573;[];
69.65;MPIB2;20.55799032154357;11.467715636231333;0.003237799508497119;-0.5358073711395264;-0.844282329082489;[];
69.65;MPIB1;51.32320735179064;2.3322274214233403;-0.8398027420043945;-0.5424286723136902;-0.02037431113421917;[];
69.7;MPIB4;47.326902913977435;32.48392077100607;0.9003078937530518;-0.4351666569709778;7.768435752950609E-4;[];
69.7;MPIB3;50.15473299871019;22.451046937981005;0.8501155972480774;-0.30894404649734497;-0.42638099193573;[];
69.7;MPIB2;20.558375541415103;11.257577309848273;0.003237799508497119;-0.5358073711395264;-0.844282329082489;[];
69.7;MPIB1;51.32320735179064;2.3322274214233403;-0.8398969769477844;-0.5424286723136902;-0.016026243567466736;[];
69.75;MPIB4;47.53228704560907;32.484005331676144;0.9003078937530518;-0.4351666569709778;7.768435752950609E-4;[];
69.75;MPIB3;50.15473299871019;22.451046937981005;0.8474466800689697;-0.3064810633659363;-0.43341386318206787;[];
69.75;MPIB2;20.558760761286635;11.044842540289096;0.003237799508497119;-0.5358073711395264;-0.844282329082489;[];
69.75;MPIB1;51.32320735179064;2.3322274214233403;-0.8400185704231262;-0.5424286723136902;-0.007248399779200554;[];
69.8;MPIB4;47.74242674723878;32.48408989234622;0.9003078937530518;-0.4351666569709778;7.768435752950609E-4;[];
69.8;MPIB3;50.15473299871019;22.451046937981005;0.8474466800689697;-0.3064810633659363;-0.43341386318206787;[];
69.8;MPIB2;20.559145981158167;10.8306901125911;0.003237799508497119;-0.5358073711395264;-0.844282329082489;[];
69.8;MPIB1;51.32320735179064;2.3322274214233403;-0.8400496244430542;-0.5424286723136902;-6.443100864998996E-4;[];
69.85;MPIB4;47.74242674723878;32.48408989234622;0.9003078937530518;-0.4351666569709778;7.768435752950609E-4;[];
69.85;MPIB3;50.15473299871019;22.451046937981005;0.8474466800689697;-0.3064810633659363;-0.43341386318206787;[];
69.85;MPIB2;20.5595312010297;10.615763643459388;0.003237799508497119;-0.5358073711395264;-0.844282329082489;[];
69.85;MPIB1;51.32320735179064;2.3322274214233403;-0.8400413393974304;-0.5424286723136902;0.0037853096146136522;[];
69.9;MPIB4;48.16931694537419;32.48425901368637;0.9003078937530518;-0.4351666569709778;7.768435752950609E-4;[];
69.9;MPIB3;50.15473299871019;22.451046937981005;0.8474466800689697;-0.3064810633659363;-0.43341386318206787;[];
69.9;MPIB2;20.55991642090123;10.400414547655771;0.003237799508497119;-0.5358073711395264;-0.844282329082489;[];
69.9;MPIB1;51.32320735179064;2.3322274214233403;-0.8400413393974304;-0.5424286723136902;0.0037853096146136522;[];
69.95;MPIB4;48.3842449711111;32.484343574356444;0.9003078937530518;-0.4351666569709778;7.768435752950609E-4;[];
69.95;MPIB3;50.15473299871019;22.451046937981005;0.8474466800689697;-0.3064810633659363;-0.43341386318206787;[];
69.95;MPIB2;20.560301640772764;10.184834697662495;0.003237799508497119;-0.5358073711395264;-0.844282329082489;[];
69.95;MPIB1;51.32320735179064;2.3322274214233403;-0.8400413393974304;-0.5424286723136902;0.0037853096146136522;[];
70.0;MPIB4;48.599595639527564;32.48442813502652;0.9003078937530518;-0.4351666569709778;7.768435752950609E-4;[];
70.0;MPIB3;50.15473299871019;22.451046937981005;0.8474466800689697;-0.3064810633659363;-0.43341386318206787;[];
70.0;MPIB2;20.560686860644296;9.96912885586704;0.003237799508497119;-0.5358073711395264;-0.844282329082489;[];
70.0;MPIB1;51.32320735179064;2.3322274214233403;-0.8400413393974304;-0.5424286723136902;0.0037853096146136522;[];
70.05;MPIB4;48.81517707087387;32.484512695696594;0.9003078937530518;-0.4351666569709778;7.768435752950609E-4;[];
70.05;MPIB3;50.15473299871019;22.451046937981005;0.8474466800689697;-0.3064810633659363;-0.43341386318206787;[];
70.05;MPIB2;20.561072080515828;9.753354222539599;0.003237799508497119;-0.5358073711395264;-0.844282329082489;[];
70.05;MPIB1;51.32320735179064;2.3322274214233403;-0.8400413393974304;-0.5424286723136902;0.0037853096146136522;[];
70.1;MPIB4;49.03088449879451;32.48459725636667;0.9003078937530518;-0.4351666569709778;7.768435752950609E-4;[];
70.1;MPIB3;50.15473299871019;22.451046937981005;0.8474466800689697;-0.3064810633659363;-0.43341386318206787;[];
70.1;MPIB2;20.56145730038736;9.537542029031329;0.003237799508497119;-0.5358073711395264;-0.844282329082489;[];
70.1;MPIB1;51.32320735179064;2.3322274214233403;-0.8400413393974304;-0.5424286723136902;0.0037853096146136522;[];
70.15;MPIB4;49.24666060909399;32.48442813508473;0.9003068208694458;-0.4351666569709778;-0.0015536866849288344;[];
70.15;MPIB3;50.15473299871019;22.451046937981005;0.8474466800689697;-0.3064810633659363;-0.43341386318206787;[];
70.15;MPIB2;20.561842520258892;9.32170932766195;0.003237799508497119;-0.5358073711395264;-0.844282329082489;[];
70.15;MPIB1;51.32320735179064;2.3322274214233403;-0.8400413393974304;-0.5424286723136902;0.0037853096146136522;[];
70.2;MPIB4;49.46247346001749;32.484005332971265;0.9002998471260071;-0.4351666569709778;-0.0038842065259814262;[];
70.2;MPIB3;50.15473299871019;22.451046937981005;0.8474466800689697;-0.3064810633659363;-0.43341386318206787;[];
70.2;MPIB2;20.561842520258892;9.32170932766195;0.003237799508497119;-0.5358073711395264;-0.844282329082489;[];
70.2;MPIB1;51.32320735179064;2.3322274214233403;-0.8400413393974304;-0.5424286723136902;0.0037853096146136522;[];
70.25;MPIB4;49.67830637132401;32.4835825308578;0.9002998471260071;-0.4351666569709778;-0.0038842065259814262;[];
70.25;MPIB3;50.15473299871019;22.451046937981005;0.8474466800689697;-0.3064810633659363;-0.43341386318206787;[];
70.25;MPIB2;20.561842520258892;9.32170932766195;0.003237799508497119;-0.5358073711395264;-0.844282329082489;[];
70.25;MPIB1;51.32320735179064;2.3322274214233403;-0.8400413393974304;-0.5424286723136902;0.0037853096146136522;[];
70.3;MPIB4;49.67830637132401;32.4835825308578;0.9002998471260071;-0.4351666569709778;-0.0038842065259814262;[];
70.3;MPIB3;50.15473299871019;22.451046937981005;0.8474466800689697;-0.3064810633659363;-0.43341386318206787;[];
70.3;MPIB2;20.561842520258892;9.32170932766195;0.003237799508497119;-0.5358073711395264;-0.844282329082489;[];
70.3;MPIB1;51.32320735179064;2.3322274214233403;-0.8400413393974304;-0.5424286723136902;0.0037853096146136522;[];
70.35;MPIB4;49.67830637132401;32.4835825308578;0.9002998471260071;-0.4351666569709778;-0.0038842065259814262;[];
70.35;MPIB3;50.15473299871019;22.451046937981005;0.8474466800689697;-0.3064810633659363;-0.43341386318206787;[];
70.35;MPIB2;20.561842520258892;9.32170932766195;0.003237799508497119;-0.5358073711395264;-0.844282329082489;[];
70.35;MPIB1;51.32320735179064;2.3322274214233403;-0.8400413393974304;-0.5424286723136902;0.0037853096146136522;[];
70.4;MPIB4;49.67830637132401;32.4835825308578;0.9002998471260071;-0.4351666569709778;-0.0038842065259814262;[];
70.4;MPIB3;50.15473299871019;22.451046937981005;0.8474466800689697;-0.3064810633659363;-0.43341386318206787;[];
70.4;MPIB2;20.561842520258892;9.32170932766195;0.003237799508497119;-0.5358073711395264;-0.844282329082489;[];
70.4;MPIB1;51.32320735179064;2.3322274214233403;-0.8400413393974304;-0.5424286723136902;0.0037853096146136522;[];
70.45;MPIB4;49.67830637132401;32.4835825308578;0.9002998471260071;-0.4351666569709778;-0.0038842065259814262;[];
70.45;MPIB3;50.15473299871019;22.451046937981005;0.8474466800689697;-0.3064810633659363;-0.43341386318206787;[];
70.45;MPIB2;20.561842520258892;9.32170932766195;0.003237799508497119;-0.5358073711395264;-0.844282329082489;[];
70.45;MPIB1;51.32320735179064;2.3322274214233403;-0.8400413393974304;-0.5424286723136902;0.0037853096146136522;[];
70.5;MPIB4;49.67830637132401;32.4835825308578;0.9002998471260071;-0.4351666569709778;-0.0038842065259814262;[];
70.5;MPIB3;50.15473299871019;22.451046937981005;0.8474466800689697;-0.3064810633659363;-0.43341386318206787;[];
70.5;MPIB2;20.561842520258892;9.32170932766195;0.003237799508497119;-0.5358073711395264;-0.844282329082489;[];
70.5;MPIB1;51.32320735179064;2.3322274214233403;-0.8400413393974304;-0.5424286723136902;0.0037853096146136522;[];
70.55;MPIB4;49.67830637132401;32.4835825308578;0.9002998471260071;-0.4351666569709778;-0.0038842065259814262;[];
70.55;MPIB3;50.15473299871019;22.451046937981005;0.8474466800689697;-0.3064810633659363;-0.43341386318206787;[];
70.55;MPIB2;20.561842520258892;9.32170932766195;0.003237799508497119;-0.5358073711395264;-0.844282329082489;[];
70.55;MPIB1;51.32320735179064;2.3322274214233403;-0.8400413393974304;-0.5424286723136902;0.0037853096146136522;[];
70.6;MPIB4;49.67830637132401;32.4835825308578;0.9002998471260071;-0.4351666569709778;-0.0038842065259814262;[];
70.6;MPIB3;50.15473299871019;22.451046937981005;0.8474466800689697;-0.3064810633659363;-0.43341386318206787;[];
70.6;MPIB2;20.561842520258892;9.32170932766195;0.003237799508497119;-0.5358073711395264;-0.844282329082489;[];
70.6;MPIB1;51.32320735179064;2.3322274214233403;-0.8400413393974304;-0.5424286723136902;0.0037853096146136522;[];
70.65;MPIB4;49.67830637132401;32.4835825308578;0.9002998471260071;-0.4351666569709778;-0.0038842065259814262;[];
70.65;MPIB3;50.15473299871019;22.451046937981005;0.8474466800689697;-0.3064810633659363;-0.43341386318206787;[];
70.65;MPIB2;20.561842520258892;9.32170932766195;0.003237799508497119;-0.5358073711395264;-0.844282329082489;[];
70.65;MPIB1;51.30000001192093;2.32958756849348;-0.8400413393974304;-0.5424286723136902;0.0037853096146136522;[];
70.7;MPIB4;49.67830637132401;32.4835825308578;0.9002998471260071;-0.4351666569709778;-0.0038842065259814262;[];
70.7;MPIB3;50.15473299871019;22.451046937981005;0.8474466800689697;-0.3064810633659363;-0.43341386318206787;[];
70.7;MPIB2;20.561842520258892;9.32170932766195;0.003237799508497119;-0.5358073711395264;-0.844282329082489;[];
70.7;MPIB1;51.30000001192093;2.32958756849348;-0.8400413393974304;-0.5424286723136902;0.0037853096146136522;[];
70.75;MPIB4;49.67830637132401;32.4835825308578;0.9002998471260071;-0.4351666569709778;-0.0038842065259814262;[];
70.75;MPIB3;50.15473299871019;22.451046937981005;0.8474466800689697;-0.3064810633659363;-0.43341386318206787;[];
70.75;MPIB2;20.561842520258892;9.32170932766195;0.003237799508497119;-0.5358073711395264;-0.844282329082489;[];
70.75;MPIB1;51.30000001192093;2.32958756849348;-0.8400413393974304;-0.5424286723136902;0.0037853096146136522;[];
70.8;MPIB4;49.67830637132401;32.4835825308578;0.9002998471260071;-0.4351666569709778;-0.0038842065259814262;[];
70.8;MPIB3;50.15473299871019;22.451046937981005;0.8474466800689697;-0.3064810633659363;-0.43341386318206787;[];
70.8;MPIB2;20.561842520258892;9.32170932766195;0.003237799508497119;-0.5358073711395264;-0.844282329082489;[];
70.8;MPIB1;51.30000001192093;2.32958756849348;-0.8400413393974304;-0.5424286723136902;0.0037853096146136522;[];
70.85;MPIB4;49.67830637132401;32.4835825308578;0.9002998471260071;-0.4351666569709778;-0.0038842065259814262;[];
70.85;MPIB3;50.15473299871019;22.451046937981005;0.8474466800689697;-0.3064810633659363;-0.43341386318206787;[];
70.85;MPIB2;20.561842520258892;9.32170932766195;0.003237799508497119;-0.5358073711395264;-0.844282329082489;[];
70.85;MPIB1;51.30000001192093;2.32958756849348;-0.8400413393974304;-0.5424286723136902;0.0037853096146136522;[];
70.9;MPIB4;49.67830637132401;32.4835825308578;0.9002998471260071;-0.4351666569709778;-0.0038842065259814262;[];
70.9;MPIB3;50.15473299871019;22.451046937981005;0.8474466800689697;-0.3064810633659363;-0.43341386318206787;[];
70.9;MPIB2;20.561842520258892;9.32170932766195;0.003237799508497119;-0.5358073711395264;-0.844282329082489;[];
70.9;MPIB1;51.30000001192093;2.32958756849348;-0.8400413393974304;-0.5424286723136902;0.0037853096146136522;[];
70.95;MPIB4;49.67830637132401;32.4835825308578;0.9002998471260071;-0.4351666569709778;-0.0038842065259814262;[];
70.95;MPIB3;50.15473299871019;22.451046937981005;0.8474466800689697;-0.3064810633659363;-0.43341386318206787;[];
70.95;MPIB2;20.561842520258892;9.32170932766195;0.003237799508497119;-0.5358073711395264;-0.844282329082489;[];
70.95;MPIB1;51.30000001192093;2.32958756849348;-0.8400413393974304;-0.5424286723136902;0.0037853096146136522;[];
71.0;MPIB4;49.67830637132401;32.4835825308578;0.8932549953460693;-0.44926875829696655;-0.013275137171149254;[];
71.0;MPIB3;50.15473299871019;22.451046937981005;0.8474466800689697;-0.3064810633659363;-0.43341386318206787;[];
71.0;MPIB2;20.561842520258892;9.32170932766195;0.003237799508497119;-0.5358073711395264;-0.844282329082489;[];
71.0;MPIB1;51.30000001192093;2.32958756849348;-0.8400413393974304;-0.5424286723136902;0.0037853096146136522;[];
71.05;MPIB4;49.67830637132401;32.4835825308578;0.890873372554779;-0.4539734125137329;-0.013239743188023567;[];
71.05;MPIB3;50.15473299871019;22.451046937981005;0.8474466800689697;-0.3064810633659363;-0.43341386318206787;[];
71.05;MPIB2;20.561842520258892;9.32170932766195;0.003237799508497119;-0.5358073711395264;-0.844282329082489;[];
71.05;MPIB1;51.30000001192093;2.32958756849348;-0.8400413393974304;-0.5424286723136902;0.0037853096146136522;[];
71.1;MPIB4;49.67830637132401;32.4835825308578;0.890873372554779;-0.4539734125137329;-0.013239743188023567;[];
71.1;MPIB3;50.15473299871019;22.451046937981005;0.8474466800689697;-0.3064810633659363;-0.43341386318206787;[];
71.1;MPIB2;20.561842520258892;9.32170932766195;0.003237799508497119;-0.5358073711395264;-0.844282329082489;[];
71.1;MPIB1;51.30000001192093;2.32958756849348;-0.8400413393974304;-0.5424286723136902;0.0037853096146136522;[];
71.15;MPIB4;49.67830637132401;32.4835825308578;0.890873372554779;-0.4539734125137329;-0.013239743188023567;[];
71.15;MPIB3;50.15473299871019;22.451046937981005;0.8474466800689697;-0.3064810633659363;-0.43341386318206787;[];
71.15;MPIB2;20.569546917689536;9.300000011920929;0.003237799508497119;-0.5358073711395264;-0.844282329082489;[];
71.15;MPIB1;51.30000001192093;2.32958756849348;-0.8400413393974304;-0.5424286723136902;0.0037853096146136522;[];
71.2;MPIB4;49.67830637132401;32.4835825308578;0.890873372554779;-0.4539734125137329;-0.013239743188023567;[];
71.2;MPIB3;50.15473299871019;22.451046937981005;0.8474466800689697;-0.3064810633659363;-0.43341386318206787;[];
71.2;MPIB2;20.569546917689536;9.300000011920929;0.003237799508497119;-0.5358073711395264;-0.844282329082489;[];
71.2;MPIB1;51.30000001192093;2.32958756849348;-0.8400413393974304;-0.5424286723136902;0.0037853096146136522;[];
71.25;MPIB4;49.69999998807907;32.46840893959188;0.890873372554779;-0.4539734125137329;-0.013239743188023567;[];
71.25;MPIB3;50.15473299871019;22.451046937981005;0.8474466800689697;-0.3064810633659363;-0.43341386318206787;[];
71.25;MPIB2;20.569546917689536;9.300000011920929;0.003237799508497119;-0.5358073711395264;-0.844282329082489;[];
71.25;MPIB1;51.30000001192093;2.32958756849348;-0.8400413393974304;-0.5424286723136902;0.0037853096146136522;[];
71.3;MPIB4;49.69999998807907;32.46840893959188;0.890873372554779;-0.4539734125137329;-0.013239743188023567;[];
71.3;MPIB3;50.15473299871019;22.451046937981005;0.8474466800689697;-0.3064810633659363;-0.43341386318206787;[];
71.3;MPIB2;20.569546917689536;9.300000011920929;0.003237799508497119;-0.5358073711395264;-0.844282329082489;[];
71.3;MPIB1;51.20200101286173;2.3300291616696995;-0.8400413393974304;-0.5424286723136902;0.0037853096146136522;[];
71.35;MPIB4;49.69999998807907;32.46840893959188;0.890873372554779;-0.4539734125137329;-0.013239743188023567;[];
71.35;MPIB3;50.15473299871019;22.451046937981005;0.8474466800689697;-0.3064810633659363;-0.43341386318206787;[];
71.35;MPIB2;20.569546917689536;9.300000011920929;9.729935554787517E-4;-0.533538818359375;-0.8457237482070923;[];
71.35;MPIB1;51.05049455410108;2.330470754845919;-0.8400413393974304;-0.5424286723136902;0.0037853096146136522;[];
71.4;MPIB4;49.69999998807907;32.46840893959188;0.890873372554779;-0.4539734125137329;-0.013239743188023567;[];
71.4;MPIB3;50.15473299871019;22.451046937981005;0.8474466800689697;-0.3064810633659363;-0.43341386318206787;[];
71.4;MPIB2;20.569546917689536;9.300000011920929;9.74579481408E-4;-0.5313476920127869;-0.8471022248268127;[];
71.4;MPIB1;50.86977301895013;2.3309123480221388;-0.8400413393974304;-0.5424286723136902;0.0037853096146136522;[];
71.45;MPIB4;49.69999998807907;32.46840893959188;0.890873372554779;-0.4539734125137329;-0.013239743188023567;[];
71.45;MPIB3;50.15473299871019;22.451046937981005;0.8474466800689697;-0.3064810633659363;-0.43341386318206787;[];
71.45;MPIB2;20.569546917689536;9.300000011920929;9.74579481408E-4;-0.5313476920127869;-0.8471022248268127;[];
71.45;MPIB1;50.67310005023728;2.3313539411983584;-0.8400413393974304;-0.5424286723136902;0.0037853096146136522;[];
71.5;MPIB4;49.69999998807907;32.46840893959188;0.8896951079368591;-0.45627835392951965;-0.013222232460975647;[];
71.5;MPIB3;50.15473299871019;22.451046937981005;0.8474466800689697;-0.3064810633659363;-0.43341386318206787;[];
71.5;MPIB2;20.569546917689536;9.300000011920929;9.74579481408E-4;-0.5313476920127869;-0.8471022248268127;[];
71.5;MPIB1;50.467717597787896;2.331795534374578;-0.8400413393974304;-0.5424286723136902;0.0037853096146136522;[];
71.55;MPIB4;49.69999998807907;32.46840893959188;0.8897273540496826;-0.45627835392951965;-0.010833831503987312;[];
71.55;MPIB3;50.15473299871019;22.451046937981005;0.8474466800689697;-0.3064810633659363;-0.43341386318206787;[];
71.55;MPIB2;20.569546917689536;9.300000011920929;9.74579481408E-4;-0.5313476920127869;-0.8471022248268127;[];
71.55;MPIB1;50.25757976666614;2.3322371275507976;-0.8400413393974304;-0.5424286723136902;0.0037853096146136522;[];
71.6;MPIB4;49.69999998807907;32.46840893959188;0.8897524476051331;-0.45627835392951965;-0.00853065587580204;[];
71.6;MPIB3;50.15473299871019;22.451046937981005;0.8474466800689697;-0.3064810633659363;-0.43341386318206787;[];
71.6;MPIB2;20.569546917689536;9.300000011920929;9.74579481408E-4;-0.5313476920127869;-0.8471022248268127;[];
71.6;MPIB1;50.044845498487575;2.332678720727017;-0.8400413393974304;-0.5424286723136902;0.0037853096146136522;[];
71.65;MPIB4;49.69999998807907;32.46840893959188;0.8897715210914612;-0.45627835392951965;-0.006227423436939716;[];
71.65;MPIB3;50.15473299871019;22.451046937981005;0.8474466800689697;-0.3064810633659363;-0.43341386318206787;[];
71.65;MPIB2;20.569546917689536;9.300000011920929;9.74579481408E-4;-0.5313476920127869;-0.8471022248268127;[];
71.65;MPIB1;49.83069357551153;2.333120313903237;-0.8400413393974304;-0.5424286723136902;0.0037853096146136522;[];
71.7;MPIB4;49.69999998807907;32.46840893959188;0.8897715210914612;-0.45627835392951965;-0.006227423436939716;[];
71.7;MPIB3;50.15473299871019;22.451046937981005;0.8474466800689697;-0.3064810633659363;-0.43341386318206787;[];
71.7;MPIB2;20.569546917689536;9.300000011920929;9.74579481408E-4;-0.5313476920127869;-0.8471022248268127;[];
71.7;MPIB1;49.61576761292599;2.3335619070794564;-0.8400413393974304;-0.5424286723136902;0.0037853096146136522;[];
71.75;MPIB4;49.69999998807907;32.46840893959188;0.8897715210914612;-0.45627835392951965;-0.006227423436939716;[];
71.75;MPIB3;50.15473299871019;22.451046937981005;0.8474466800689697;-0.3064810633659363;-0.43341386318206787;[];
71.75;MPIB2;20.569546917689536;9.300000011920929;9.74579481408E-4;-0.5313476920127869;-0.8471022248268127;[];
71.75;MPIB1;49.40041902466464;2.334003500255676;-0.8400413393974304;-0.5424286723136902;0.0037853096146136522;[];
71.8;MPIB4;49.69999998807907;32.46840893959188;0.8897715210914612;-0.45627835392951965;-0.006227423436939716;[];
71.8;MPIB3;50.15473299871019;22.451046937981005;0.8474466800689697;-0.3064810633659363;-0.43341386318206787;[];
71.8;MPIB2;20.569546917689536;9.300000011920929;9.74579481408E-4;-0.5313476920127869;-0.8471022248268127;[];
71.8;MPIB1;49.184839682757456;2.3344450934318957;-0.8400413393974304;-0.5424286723136902;0.0037853096146136522;[];
71.85;MPIB4;49.69999998807907;32.46840893959188;0.8897715210914612;-0.45627835392951965;-0.006227423436939716;[];
71.85;MPIB3;50.15473299871019;22.451046937981005;0.8474466800689697;-0.3064810633659363;-0.43341386318206787;[];
71.85;MPIB2;20.569546917689536;9.300000011920929;9.74579481408E-4;-0.5313476920127869;-0.8471022248268127;[];
71.85;MPIB1;48.96913434934504;2.3348866866081153;-0.8400413393974304;-0.5424286723136902;0.0037853096146136522;[];
71.9;MPIB4;49.69999998807907;32.46840893959188;0.8897715210914612;-0.45627835392951965;-0.006227423436939716;[];
71.9;MPIB3;50.15473299871019;22.451046937981005;0.8474466800689697;-0.3064810633659363;-0.43341386318206787;[];
71.9;MPIB2;20.569546917689536;9.300000011920929;9.74579481408E-4;-0.5313476920127869;-0.8471022248268127;[];
71.9;MPIB1;48.75336022456281;2.335328279784335;-0.8400413393974304;-0.5424286723136902;0.0037853096146136522;[];
71.95;MPIB4;49.69999998807907;32.46840893959188;0.8897715210914612;-0.45627835392951965;-0.006227423436939716;[];
71.95;MPIB3;50.15473299871019;22.451046937981005;0.8474466800689697;-0.3064810633659363;-0.43341386318206787;[];
71.95;MPIB2;20.569546917689536;9.300000011920929;9.74579481408E-4;-0.5313476920127869;-0.8471022248268127;[];
71.95;MPIB1;48.53754853968826;2.3357698729605545;-0.8400413393974304;-0.5424286723136902;0.0037853096146136522;[];
72.0;MPIB4;49.69999998807907;32.46840893959188;0.8897715210914612;-0.45627835392951965;-0.006227423436939716;[];
72.0;MPIB3;50.15473299871019;22.451046937981005;0.8474466800689697;-0.3064810633659363;-0.43341386318206787;[];
72.0;MPIB2;20.572412581739286;9.202000096440315;9.74579481408E-4;-0.5313476920127869;-0.8471022248268127;[];
72.0;MPIB1;48.3217163470008;2.336211466136774;-0.8400413393974304;-0.5424286723136902;0.0037853096146136522;[];
72.05;MPIB4;49.69999998807907;32.46840893959188;0.8897715210914612;-0.45627835392951965;-0.006227423436939716;[];
72.05;MPIB3;50.15473299871019;22.451046937981005;0.8474466800689697;-0.3064810633659363;-0.43341386318206787;[];
72.05;MPIB2;20.572534724913226;9.05049222089221;9.74579481408E-4;-0.5313476920127869;-0.8471022248268127;[];
72.05;MPIB1;48.3217163470008;2.336211466136774;-0.8400413393974304;-0.5424286723136902;0.0037853096146136522;[];
72.1;MPIB4;49.79799757897854;32.45213607447249;0.8897715210914612;-0.45627835392951965;-0.006227423436939716;[];
72.1;MPIB3;50.15473299871019;22.451046937981005;0.8474466800689697;-0.3064810633659363;-0.43341386318206787;[];
72.1;MPIB2;20.572656868087165;8.869768995753788;9.74579481408E-4;-0.5313476920127869;-0.8471022248268127;[];
72.1;MPIB1;48.3217163470008;2.336211466136774;-0.8400413393974304;-0.5424286723136902;0.0037853096146136522;[];
72.15;MPIB4;49.949501860724055;32.451450198993825;0.8897715210914612;-0.45627835392951965;-0.006227423436939716;[];
72.15;MPIB3;50.15473299871019;22.451046937981005;0.8474466800689697;-0.3064810633659363;-0.43341386318206787;[];
72.15;MPIB2;20.572779011261105;8.67309418788625;9.74579481408E-4;-0.5313476920127869;-0.8471022248268127;[];
72.15;MPIB1;48.3217163470008;2.336211466136774;-0.8400413393974304;-0.5424286723136902;0.0037853096146136522;[];
72.2;MPIB4;50.13022079906487;32.45076432351516;0.8897715210914612;-0.45627835392951965;-0.006227423436939716;[];
72.2;MPIB3;50.15473299871019;22.451046937981005;0.8474466800689697;-0.3064810633659363;-0.43341386318206787;[];
72.2;MPIB2;20.572901154435044;8.46770981483698;9.74579481408E-4;-0.5313476920127869;-0.8471022248268127;[];
72.2;MPIB1;48.3217163470008;2.336211466136774;-0.8400413393974304;-0.5424286723136902;0.0037853096146136522;[];
72.25;MPIB4;50.326890941759515;32.45007844803649;0.8897715210914612;-0.45627835392951965;-0.006227423436939716;[];
72.25;MPIB3;50.15473299871019;22.451046937981005;0.8474466800689697;-0.3064810633659363;-0.43341386318206787;[];
72.25;MPIB2;20.573023297608984;8.257570018646106;9.74579481408E-4;-0.5313476920127869;-0.8471022248268127;[];
72.25;MPIB1;48.3217163470008;2.336211466136774;-0.8400413393974304;-0.5424286723136902;0.0037853096146136522;[];
72.3;MPIB4;50.326890941759515;32.45007844803649;0.8897715210914612;-0.45627835392951965;-0.006227423436939716;[];
72.3;MPIB3;50.15473299871019;22.451046937981005;0.8474466800689697;-0.3064810633659363;-0.43341386318206787;[];
72.3;MPIB2;20.573145440782923;8.044833761118355;9.74579481408E-4;-0.5313476920127869;-0.8471022248268127;[];
72.3;MPIB1;48.3217163470008;2.336211466136774;-0.8400413393974304;-0.5424286723136902;0.0037853096146136522;[];
72.35;MPIB4;50.7424052546682;32.44870669707916;0.8897715210914612;-0.45627835392951965;-0.006227423436939716;[];
72.35;MPIB3;50.15473299871019;22.451046937981005;0.8474466800689697;-0.3064810633659363;-0.43341386318206787;[];
72.35;MPIB2;20.573267583956863;7.830679835535989;9.74579481408E-4;-0.5313476920127869;-0.8471022248268127;[];
72.35;MPIB1;48.3217163470008;2.336211466136774;-0.8400413393974304;-0.5424286723136902;0.0037853096146136522;[];
72.4;MPIB4;50.955136466041665;32.448020821600494;0.8897715210914612;-0.45627835392951965;-0.006227423436939716;[];
72.4;MPIB3;50.15473299871019;22.451046937981005;0.8474466800689697;-0.3064810633659363;-0.43341386318206787;[];
72.4;MPIB2;20.573389727130802;7.615751863105913;9.74579481408E-4;-0.5313476920127869;-0.8471022248268127;[];
72.4;MPIB1;48.3217163470008;2.336211466136774;-0.8400413393974304;-0.5424286723136902;0.0037853096146136522;[];
72.45;MPIB4;51.169285311842316;32.44733494612183;0.8897715210914612;-0.45627835392951965;-0.006227423436939716;[];
72.45;MPIB3;50.15473299871019;22.451046937981005;0.8474466800689697;-0.3064810633659363;-0.43341386318206787;[];
72.45;MPIB2;20.573511870304742;7.400401261047875;9.74579481408E-4;-0.5313476920127869;-0.8471022248268127;[];
72.45;MPIB1;48.3217163470008;2.336211466136774;-0.8400413393974304;-0.5424286723136902;0.0037853096146136522;[];
72.5;MPIB4;51.38420818613011;32.44664907064316;0.8897715210914612;-0.45627835392951965;-0.006227423436939716;[];
72.5;MPIB3;50.15473299871019;22.451046937981005;0.8474466800689697;-0.3064810633659363;-0.43341386318206787;[];
72.5;MPIB2;20.57363401347868;7.184819903186195;9.74579481408E-4;-0.5313476920127869;-0.8471022248268127;[];
72.5;MPIB1;48.3217163470008;2.336211466136774;-0.8400413393974304;-0.5424286723136902;0.0037853096146136522;[];
72.55;MPIB4;51.59955368002099;32.445963195164495;0.8897715210914612;-0.45627835392951965;-0.006227423436939716;[];
72.55;MPIB3;50.15473299871019;22.451046937981005;0.8474466800689697;-0.3064810633659363;-0.43341386318206787;[];
72.55;MPIB2;20.57375615665262;6.969112552641064;9.74579481408E-4;-0.5313476920127869;-0.8471022248268127;[];
72.55;MPIB1;48.3217163470008;2.336211466136774;-0.8400413393974304;-0.5424286723136902;0.0037853096146136522;[];
72.6;MPIB4;51.815129924241944;32.44527731968583;0.8897715210914612;-0.45627835392951965;-0.006227423436939716;[];
72.6;MPIB3;50.15473299871019;22.451046937981005;0.8508278131484985;-0.3064810633659363;-0.4267382323741913;[];
72.6;MPIB2;20.57387829982656;6.753336410082795;9.74579481408E-4;-0.5313476920127869;-0.8471022248268127;[];
72.6;MPIB1;48.3217163470008;2.336211466136774;-0.8400413393974304;-0.5424286723136902;0.0037853096146136522;[];
72.65;MPIB4;52.03083215815775;32.44459144420716;0.8897715210914612;-0.45627835392951965;-0.006227423436939716;[];
72.65;MPIB3;50.15473299871019;22.451046937981005;0.8342774510383606;-0.3238593637943268;-0.4461362659931183;[];
72.65;MPIB2;20.5740004430005;6.537522707080996;9.74579481408E-4;-0.5313476920127869;-0.8471022248268127;[];
72.65;MPIB1;48.3217163470008;2.336211466136774;-0.8400413393974304;-0.5424286723136902;0.0037853096146136522;[];
72.7;MPIB4;52.24660318245495;32.443905568728496;0.8897715210914612;-0.45627835392951965;-0.006227423436939716;[];
72.7;MPIB3;50.2391409466677;22.40125440237796;0.8148590326309204;-0.3238593637943268;-0.4806881546974182;[];
72.7;MPIB2;20.57412258617444;6.321688496074643;9.74579481408E-4;-0.5313476920127869;-0.8471022248268127;[];
72.7;MPIB1;48.3217163470008;2.336211466136774;-0.8400413393974304;-0.5424286723136902;0.0037853096146136522;[];
72.75;MPIB4;52.46241176630474;32.44321969324983;0.8897715210914612;-0.45627835392951965;-0.006227423436939716;[];
72.75;MPIB3;50.36963563956317;22.324275139177843;0.8148590326309204;-0.3238593637943268;-0.4806881546974182;[];
72.75;MPIB2;20.57412258617444;6.321688496074643;9.74579481408E-4;-0.5313476920127869;-0.8471022248268127;[];
72.75;MPIB1;48.3217163470008;2.336211466136774;-0.8400413393974304;-0.5424286723136902;0.0037853096146136522;[];
72.8;MPIB4;52.678240857672634;32.442533817771164;0.8897715210914612;-0.45627835392951965;-0.006227423436939716;[];
72.8;MPIB3;50.52529369811748;22.232451920985568;0.8148590326309204;-0.3238593637943268;-0.4806881546974182;[];
72.8;MPIB2;20.57412258617444;6.321688496074643;9.74579481408E-4;-0.5313476920127869;-0.8471022248268127;[];
72.8;MPIB1;48.3217163470008;2.336211466136774;-0.8400413393974304;-0.5424286723136902;0.0037853096146136522;[];
72.85;MPIB4;52.678240857672634;32.442533817771164;0.8897715210914612;-0.45627835392951965;-0.006227423436939716;[];
72.85;MPIB3;50.694690955917395;22.132523902426158;0.8148590326309204;-0.3238593637943268;-0.4806881546974182;[];
72.85;MPIB2;20.57412258617444;6.321688496074643;9.74579481408E-4;-0.5313476920127869;-0.8471022248268127;[];
72.85;MPIB1;48.3217163470008;2.336211466136774;-0.8400413393974304;-0.5424286723136902;0.0037853096146136522;[];
72.9;MPIB4;52.678240857672634;32.442533817771164;0.8897715210914612;-0.45627835392951965;-0.006227423436939716;[];
72.9;MPIB3;50.87158981737673;22.028170662352295;0.8148590326309204;-0.3238593637943268;-0.4806881546974182;[];
72.9;MPIB2;20.57412258617444;6.321688496074643;9.74579481408E-4;-0.5313476920127869;-0.8471022248268127;[];
72.9;MPIB1;48.3217163470008;2.336211466136774;-0.8400413393974304;-0.5424286723136902;0.0037853096146136522;[];
72.95;MPIB4;52.678240857672634;32.442533817771164;0.8897715210914612;-0.45627835392951965;-0.006227423436939716;[];
72.95;MPIB3;51.0525845549098;21.921401251050924;0.8148590326309204;-0.3238593637943268;-0.4806881546974182;[];
72.95;MPIB2;20.57412258617444;6.321688496074643;9.74579481408E-4;-0.5313476920127869;-0.8471022248268127;[];
72.95;MPIB1;48.3217163470008;2.336211466136774;-0.8400413393974304;-0.5424286723136902;0.0037853096146136522;[];
73.0;MPIB4;52.678240857672634;32.442533817771164;0.8897715210914612;-0.45627835392951965;-0.006227423436939716;[];
73.0;MPIB3;51.235815641038926;21.813312610106067;0.8148590326309204;-0.3238593637943268;-0.4806881546974182;[];
73.0;MPIB2;20.57412258617444;6.321688496074643;9.74579481408E-4;-0.5313476920127869;-0.8471022248268127;[];
73.0;MPIB1;48.30000001192093;2.3393026183703114;-0.8400413393974304;-0.5424286723136902;0.0037853096146136522;[];
73.05;MPIB4;52.678240857672634;32.442533817771164;0.8897715210914612;-0.45627835392951965;-0.006227423436939716;[];
73.05;MPIB3;51.42026777364333;21.70450366969223;0.8148590326309204;-0.3238593637943268;-0.4806881546974182;[];
73.05;MPIB2;20.57412258617444;6.321688496074643;9.74579481408E-4;-0.5313476920127869;-0.8471022248268127;[];
73.05;MPIB1;48.30000001192093;2.3393026183703114;-0.8400413393974304;-0.5424286723136902;0.0037853096146136522;[];
73.1;MPIB4;52.678240857672634;32.442533817771164;0.8897715210914612;-0.45627835392951965;-0.006227423436939716;[];
73.1;MPIB3;51.60538659770066;21.59530144572264;0.8148590326309204;-0.3238593637943268;-0.4806881546974182;[];
73.1;MPIB2;20.57412258617444;6.321688496074643;9.74579481408E-4;-0.5313476920127869;-0.8471022248268127;[];
73.1;MPIB1;48.30000001192093;2.3393026183703114;-0.8400413393974304;-0.5424286723136902;0.0037853096146136522;[];
73.15;MPIB4;52.678240857672634;32.442533817771164;0.8897715210914612;-0.45627835392951965;-0.006227423436939716;[];
73.15;MPIB3;51.79086943533366;21.485884488906663;0.8148590326309204;-0.3238593637943268;-0.4806881546974182;[];
73.15;MPIB2;20.57412258617444;6.321688496074643;9.74579481408E-4;-0.5313476920127869;-0.8471022248268127;[];
73.15;MPIB1;48.30000001192093;2.3393026183703114;-0.8400413393974304;-0.5424286723136902;0.0037853096146136522;[];
73.2;MPIB4;52.678240857672634;32.442533817771164;0.8897715210914612;-0.45627835392951965;-0.006227423436939716;[];
73.2;MPIB3;51.97655102440194;21.376350287942927;0.8148590326309204;-0.3238593637943268;-0.4806881546974182;[];
73.2;MPIB2;20.57412258617444;6.321688496074643;9.74579481408E-4;-0.5313476920127869;-0.8471022248268127;[];
73.2;MPIB1;48.30000001192093;2.3393026183703114;-0.8400413393974304;-0.5424286723136902;0.0037853096146136522;[];
73.25;MPIB4;52.678240857672634;32.442533817771164;0.8897715210914612;-0.45627835392951965;-0.006227423436939716;[];
73.25;MPIB3;52.16234113176654;21.2667520716671;0.8148590326309204;-0.3238593637943268;-0.4806881546974182;[];
73.25;MPIB2;20.57412258617444;6.321688496074643;9.74579481408E-4;-0.5313476920127869;-0.8471022248268127;[];
73.25;MPIB1;48.30000001192093;2.3393026183703114;-0.8400413393974304;-0.5424286723136902;0.0037853096146136522;[];
73.3;MPIB4;52.678240857672634;32.442533817771164;0.8897715210914612;-0.45627835392951965;-0.006227423436939716;[];
73.3;MPIB3;52.34845187139638;21.157564682439784;0.8158951997756958;-0.32884371280670166;-0.4755178689956665;[];
73.3;MPIB2;20.57412258617444;6.321688496074643;9.74579481408E-4;-0.5313476920127869;-0.8471022248268127;[];
73.3;MPIB1;48.30000001192093;2.3393026183703114;-0.8400413393974304;-0.5424286723136902;0.0037853096146136522;[];
73.35;MPIB4;52.678240857672634;32.442533817771164;0.8897715210914612;-0.45627835392951965;-0.006227423436939716;[];
73.35;MPIB3;52.534865133345534;21.048820946174516;0.8193356990814209;-0.3214091956615448;-0.47468599677085876;[];
73.35;MPIB2;20.57412258617444;6.321688496074643;9.74579481408E-4;-0.5313476920127869;-0.8471022248268127;[];
73.35;MPIB1;48.30000001192093;2.3393026183703114;-0.8400413393974304;-0.5424286723136902;0.0037853096146136522;[];
73.4;MPIB4;52.678240857672634;32.442533817771164;0.8897715210914612;-0.45627835392951965;-0.006227423436939716;[];
73.4;MPIB3;52.72170144454526;20.940767261601422;0.8239955902099609;-0.31395483016967773;-0.4715999364852905;[];
73.4;MPIB2;20.57412258617444;6.321688496074643;9.74579481408E-4;-0.5313476920127869;-0.8471022248268127;[];
73.4;MPIB1;48.30000001192093;2.3393026183703114;-0.8400413393974304;-0.5424286723136902;0.0037853096146136522;[];
73.45;MPIB4;52.678240857672634;32.442533817771164;0.8897715210914612;-0.45627835392951965;-0.006227423436939716;[];
73.45;MPIB3;52.90889446921028;20.83331067759073;0.8259174227714539;-0.3114960789680481;-0.4698657989501953;[];
73.45;MPIB2;20.57412258617444;6.321688496074643;9.74579481408E-4;-0.5313476920127869;-0.8471022248268127;[];
73.45;MPIB1;48.30000001192093;2.3393026183703114;-0.8400413393974304;-0.5424286723136902;0.0037853096146136522;[];
73.5;MPIB4;52.678240857672634;32.442533817771164;0.8897715210914612;-0.45627835392951965;-0.006227423436939716;[];
73.5;MPIB3;53.096531995460964;20.726621754865704;0.8297596573829651;-0.3064810633659363;-0.46638214588165283;[];
73.5;MPIB2;20.57412258617444;6.321688496074643;9.74579481408E-4;-0.5313476920127869;-0.8471022248268127;[];
73.5;MPIB1;48.30000001192093;2.3393026183703114;-0.8400413393974304;-0.5424286723136902;0.0037853096146136522;[];
73.55;MPIB4;52.678240857672634;32.442533817771164;0.8897715210914612;-0.45627835392951965;-0.006227423436939716;[];
73.55;MPIB3;53.284913859746666;20.621255585391452;0.8373955488204956;-0.29651716351509094;-0.45912083983421326;[];
73.55;MPIB2;20.57412258617444;6.321688496074643;9.74579481408E-4;-0.5313476920127869;-0.8471022248268127;[];
73.55;MPIB1;48.30000001192093;2.3393026183703114;-0.8400413393974304;-0.5424286723136902;0.0037853096146136522;[];
73.6;MPIB4;52.678240857672634;32.442533817771164;0.8897715210914612;-0.45627835392951965;-0.006227423436939716;[];
73.6;MPIB3;53.474069863502564;20.517288654908384;0.8423446416854858;-0.29147714376449585;-0.453258216381073;[];
73.6;MPIB2;20.57412258617444;6.321688496074643;9.74579481408E-4;-0.5313476920127869;-0.8471022248268127;[];
73.6;MPIB1;48.30000001192093;2.3393026183703114;-0.8400413393974304;-0.5424286723136902;0.0037853096146136522;[];
73.65;MPIB4;52.678240857672634;32.442533817771164;0.8897715210914612;-0.45627835392951965;-0.006227423436939716;[];
73.65;MPIB3;53.66400656275721;20.41475728198651;0.847839891910553;-0.2839479446411133;-0.44775980710983276;[];
73.65;MPIB2;20.57412258617444;6.321688496074643;9.74579481408E-4;-0.5313476920127869;-0.8471022248268127;[];
73.65;MPIB1;48.30000001192093;2.3393026183703114;-0.8400413393974304;-0.5424286723136902;0.0037853096146136522;[];
73.7;MPIB4;52.678240857672634;32.442533817771164;0.8897715210914612;-0.45627835392951965;-0.006227423436939716;[];
73.7;MPIB3;53.85472663558221;20.313692405383023;0.8519838452339172;-0.28146493434906006;-0.4414173662662506;[];
73.7;MPIB2;20.57656544965323;6.300000011920929;9.74579481408E-4;-0.5313476920127869;-0.8471022248268127;[];
73.7;MPIB1;48.30000001192093;2.3393026183703114;-0.8400413393974304;-0.5424286723136902;0.0037853096146136522;[];
73.75;MPIB4;52.678240857672634;32.442533817771164;0.8897715210914612;-0.45627835392951965;-0.006227423436939716;[];
73.75;MPIB3;54.04622616488575;20.21411370045317;0.856739342212677;-0.276401162147522;-0.43537235260009766;[];
73.75;MPIB2;20.57656544965323;6.300000011920929;9.74579481408E-4;-0.5313476920127869;-0.8471022248268127;[];
73.75;MPIB1;48.30000001192093;2.3393026183703114;-0.8400413393974304;-0.5424286723136902;0.0037853096146136522;[];
73.8;MPIB4;52.678240857672634;32.442533817771164;0.8897715210914612;-0.45627835392951965;-0.006227423436939716;[];
73.8;MPIB3;54.238384167724234;20.115807748049036;0.8596600890159607;-0.2739124894142151;-0.4311681389808655;[];
73.8;MPIB2;20.57656544965323;6.300000011920929;9.74579481408E-4;-0.5313476920127869;-0.8471022248268127;[];
73.8;MPIB1;48.20200101286173;2.341952177427629;-0.8400413393974304;-0.5424286723136902;0.0037853096146136522;[];
73.85;MPIB4;52.69999998807907;32.42881630819784;0.8897715210914612;-0.45627835392951965;-0.006227423436939716;[];
73.85;MPIB3;54.43101513969475;20.018423622311445;0.8620545268058777;-0.2688373327255249;-0.42957982420921326;[];
73.85;MPIB2;20.57656544965323;6.300000011920929;9.74579481408E-4;-0.5313476920127869;-0.8471022248268127;[];
73.85;MPIB1;48.05049455410108;2.3423937706038487;-0.8400413393974304;-0.5424286723136902;0.0037853096146136522;[];
73.9;MPIB4;52.69999998807907;32.42881630819784;0.8897715210914612;-0.45627835392951965;-0.006227423436939716;[];
73.9;MPIB3;54.624021371660206;19.921778434878348;0.8644408583641052;-0.26384714245796204;-0.4278760552406311;[];
73.9;MPIB2;20.57656544965323;6.300000011920929;9.74579481408E-4;-0.5313476920127869;-0.8471022248268127;[];
73.9;MPIB1;47.86977301895013;2.3428353637800683;-0.8400413393974304;-0.5424286723136902;0.0037853096146136522;[];
73.95;MPIB4;52.69999998807907;32.42881630819784;0.8897715210914612;-0.45627835392951965;-0.006227423436939716;[];
73.95;MPIB3;54.72940278655369;19.869010156410695;0.8656761050224304;-0.2587572932243347;-0.4284874498844147;[];
73.95;MPIB2;20.57656544965323;6.300000011920929;9.74579481408E-4;-0.5313476920127869;-0.8471022248268127;[];
73.95;MPIB1;47.67310005023728;2.343276956956288;-0.8400413393974304;-0.5424286723136902;0.0037853096146136522;[];
74.0;MPIB4;52.69999998807907;32.42881630819784;0.8897715210914612;-0.45627835392951965;-0.006227423436939716;[];
74.0;MPIB3;54.7869410457688;19.840198673020836;0.8679733872413635;-0.25375300645828247;-0.42683079838752747;[];
74.0;MPIB2;20.57656544965323;6.300000011920929;9.74579481408E-4;-0.5313476920127869;-0.8471022248268127;[];
74.0;MPIB1;47.467717597787896;2.3437185501325075;-0.8400413393974304;-0.5424286723136902;0.0037853096146136522;[];
74.05;MPIB4;52.69999998807907;32.42881630819784;0.8897715210914612;-0.45627835392951965;-0.006227423436939716;[];
74.05;MPIB3;54.81835693894925;19.824467601262768;0.8702659606933594;-0.24864903092384338;-0.42516422271728516;[];
74.05;MPIB2;20.57656544965323;6.300000011920929;9.74579481408E-4;-0.5313476920127869;-0.8471022248268127;[];
74.05;MPIB1;47.25757976666614;2.344160143308727;-0.8400413393974304;-0.5424286723136902;0.0037853096146136522;[];
74.1;MPIB4;52.69999998807907;32.42881630819784;0.8897715210914612;-0.45627835392951965;-0.006227423436939716;[];
74.1;MPIB3;54.81835693894925;19.824467601262768;0.8708415627479553;-0.24614089727401733;-0.42544543743133545;[];
74.1;MPIB2;20.57656544965323;6.300000011920929;9.74579481408E-4;-0.5313476920127869;-0.8471022248268127;[];
74.1;MPIB1;47.044845498487575;2.3446017364849467;-0.8400413393974304;-0.5424286723136902;0.0037853096146136522;[];
74.15;MPIB4;52.69999998807907;32.42881630819784;0.8897715210914612;-0.45627835392951965;-0.006227423436939716;[];
74.15;MPIB3;54.81835693894925;19.824467601262768;0.8708415627479553;-0.24614089727401733;-0.42544543743133545;[];
74.15;MPIB2;20.57656544965323;6.300000011920929;9.74579481408E-4;-0.5313476920127869;-0.8471022248268127;[];
74.15;MPIB1;46.83069357551153;2.3450433296611664;-0.8400413393974304;-0.5424286723136902;0.0037853096146136522;[];
74.2;MPIB4;52.69999998807907;32.42881630819784;0.8897715210914612;-0.45627835392951965;-0.006227423436939716;[];
74.2;MPIB3;54.84998920989176;19.811188749807542;0.8708415627479553;-0.24614089727401733;-0.42544543743133545;[];
74.2;MPIB2;20.57656544965323;6.300000011920929;9.74579481408E-4;-0.5313476920127869;-0.8471022248268127;[];
74.2;MPIB1;46.61576761292599;2.345484922837386;-0.8400413393974304;-0.5424286723136902;0.0037853096146136522;[];
74.25;MPIB4;52.69999998807907;32.42881630819784;0.8897715210914612;-0.45627835392951965;-0.006227423436939716;[];
74.25;MPIB3;54.84998920989176;19.811188749807542;0.8708415627479553;-0.24614089727401733;-0.42544543743133545;[];
74.25;MPIB2;20.57656544965323;6.300000011920929;9.74579481408E-4;-0.5313476920127869;-0.8471022248268127;[];
74.25;MPIB1;46.40041902466464;2.3459265160136056;-0.8400413393974304;-0.5424286723136902;0.0037853096146136522;[];
74.3;MPIB4;52.69999998807907;32.42881630819784;0.8897715210914612;-0.45627835392951965;-0.006227423436939716;[];
74.3;MPIB3;54.84998920989176;19.811188749807542;0.8708415627479553;-0.24614089727401733;-0.42544543743133545;[];
74.3;MPIB2;20.57656544965323;6.300000011920929;9.74579481408E-4;-0.5313476920127869;-0.8471022248268127;[];
74.3;MPIB1;46.184839682757456;2.346368109189825;-0.8400413393974304;-0.5424286723136902;0.0037853096146136522;[];
74.35;MPIB4;52.69999998807907;32.42881630819784;0.8897715210914612;-0.45627835392951965;-0.006227423436939716;[];
74.35;MPIB3;54.84998920989176;19.811188749807542;0.8708415627479553;-0.24614089727401733;-0.42544543743133545;[];
74.35;MPIB2;20.57656544965323;6.300000011920929;9.74579481408E-4;-0.5313476920127869;-0.8471022248268127;[];
74.35;MPIB1;45.96913434934504;2.346809702366045;-0.8400413393974304;-0.5424286723136902;0.0037853096146136522;[];
74.4;MPIB4;52.69999998807907;32.42881630819784;0.8897715210914612;-0.45627835392951965;-0.006227423436939716;[];
74.4;MPIB3;54.84998920989176;19.811188749807542;0.8719961047172546;-0.24102666974067688;-0.42600947618484497;[];
74.4;MPIB2;20.57656544965323;6.300000011920929;9.74579481408E-4;-0.5313476920127869;-0.8471022248268127;[];
74.4;MPIB1;45.75336022456281;2.3472512955422644;-0.8400413393974304;-0.5424286723136902;0.0037853096146136522;[];
74.45;MPIB4;52.69999998807907;32.42881630819784;0.8897715210914612;-0.45627835392951965;-0.006227423436939716;[];
74.45;MPIB3;54.84998920989176;19.811188749807542;0.8731263279914856;-0.2359057515859604;-0.4265616536140442;[];
74.45;MPIB2;20.57656544965323;6.300000011920929;9.74579481408E-4;-0.5313476920127869;-0.8471022248268127;[];
74.45;MPIB1;45.53754853968826;2.347692888718484;-0.8400413393974304;-0.5424286723136902;0.0037853096146136522;[];
74.5;MPIB4;52.69999998807907;32.42881630819784;0.8897715210914612;-0.45627835392951965;-0.006227423436939716;[];
74.5;MPIB3;54.84998920989176;19.811188749807542;0.8731263279914856;-0.2359057515859604;-0.4265616536140442;[];
74.5;MPIB2;20.57656544965323;6.300000011920929;9.74579481408E-4;-0.5313476920127869;-0.8471022248268127;[];
74.5;MPIB1;45.3217163470008;2.3481344818947036;-0.8400413393974304;-0.5424286723136902;0.0037853096146136522;[];
74.55;MPIB4;52.69999998807907;32.42881630819784;0.8897715210914612;-0.45627835392951965;-0.006227423436939716;[];
74.55;MPIB3;54.84998920989176;19.811188749807542;0.8731263279914856;-0.2359057515859604;-0.4265616536140442;[];
74.55;MPIB2;20.578641883610203;6.202000096440315;9.74579481408E-4;-0.5313476920127869;-0.8471022248268127;[];
74.55;MPIB1;45.3217163470008;2.3481344818947036;-0.8400413393974304;-0.5424286723136902;0.0037853096146136522;[];
74.6;MPIB4;52.69999998807907;32.42881630819784;0.8897715210914612;-0.45627835392951965;-0.006227423436939716;[];
74.6;MPIB3;54.84998920989176;19.811188749807542;0.8742124438285828;-0.2308715432882309;-0.4270922541618347;[];
74.6;MPIB2;20.578764026784143;6.05049222089221;9.74579481408E-4;-0.5313476920127869;-0.8471022248268127;[];
74.6;MPIB1;45.3217163470008;2.3481344818947036;-0.8400413393974304;-0.5424286723136902;0.0037853096146136522;[];
74.65;MPIB4;52.69999998807907;32.42881630819784;0.8897715210914612;-0.45627835392951965;-0.006227423436939716;[];
74.65;MPIB3;54.84998920989176;19.811188749807542;0.8747664093971252;-0.22825877368450165;-0.42736291885375977;[];
74.65;MPIB2;20.578886169958082;5.8697689957537875;9.74579481408E-4;-0.5313476920127869;-0.8471022248268127;[];
74.65;MPIB1;45.3217163470008;2.3481344818947036;-0.8400413393974304;-0.5424286723136902;0.0037853096146136522;[];
74.7;MPIB4;52.79799757897854;32.41715642506051;0.8897715210914612;-0.45627835392951965;-0.006227423436939716;[];
74.7;MPIB3;54.84998920989176;19.811188749807542;0.8747664093971252;-0.22825877368450165;-0.42736291885375977;[];
74.7;MPIB2;20.57900831313202;5.6730941878862495;9.74579481408E-4;-0.5313476920127869;-0.8471022248268127;[];
74.7;MPIB1;45.3217163470008;2.3481344818947036;-0.8400413393974304;-0.5424286723136902;0.0037853096146136522;[];
74.75;MPIB4;52.949501860724055;32.416470549581845;0.8897715210914612;-0.45627835392951965;-0.006227423436939716;[];
74.75;MPIB3;54.84998920989176;19.811188749807542;0.8747664093971252;-0.22825877368450165;-0.42736291885375977;[];
74.75;MPIB2;20.57913045630596;5.467709814836979;9.74579481408E-4;-0.5313476920127869;-0.8471022248268127;[];
74.75;MPIB1;45.3217163470008;2.3481344818947036;-0.8400413393974304;-0.5424286723136902;0.0037853096146136522;[];
74.8;MPIB4;53.326890941759515;32.41509879862451;0.8897715210914612;-0.45627835392951965;-0.006227423436939716;[];
74.8;MPIB3;54.84998920989176;19.811188749807542;0.8747664093971252;-0.22825877368450165;-0.42736291885375977;[];
74.8;MPIB2;20.5792525994799;5.257570018646106;9.74579481408E-4;-0.5313476920127869;-0.8471022248268127;[];
74.8;MPIB1;45.3217163470008;2.3481344818947036;-0.8400413393974304;-0.5424286723136902;0.0037853096146136522;[];
74.85;MPIB4;53.53227044304295;32.414412923145846;0.8897715210914612;-0.45627835392951965;-0.006227423436939716;[];
74.85;MPIB3;54.84998920989176;19.811188749807542;0.8747664093971252;-0.22825877368450165;-0.42736291885375977;[];
74.85;MPIB2;20.57937474265384;5.044833761118355;9.74579481408E-4;-0.5313476920127869;-0.8471022248268127;[];
74.85;MPIB1;45.3217163470008;2.3481344818947036;-0.8400413393974304;-0.5424286723136902;0.0037853096146136522;[];
74.9;MPIB4;53.7424052546682;32.41372704766718;0.8897715210914612;-0.45627835392951965;-0.006227423436939716;[];
74.9;MPIB3;54.938042801441156;19.768170591282313;0.8747664093971252;-0.22825877368450165;-0.42736291885375977;[];
74.9;MPIB2;20.57949688582778;4.830679835535989;9.74579481408E-4;-0.5313476920127869;-0.8471022248268127;[];
74.9;MPIB1;45.3217163470008;2.3481344818947036;-0.8400413393974304;-0.5424286723136902;0.0037853096146136522;[];
74.95;MPIB4;53.955136466041665;32.413041172188514;0.8897715210914612;-0.45627835392951965;-0.006227423436939716;[];
74.95;MPIB3;55.07417365956087;19.701664515474135;0.8747664093971252;-0.22825877368450165;-0.42736291885375977;[];
74.95;MPIB2;20.57961902900172;4.615751863105913;9.74579481408E-4;-0.5313476920127869;-0.8471022248268127;[];
74.95;MPIB1;45.3217163470008;2.3481344818947036;-0.8400413393974304;-0.5424286723136902;0.0037853096146136522;[];
75.0;MPIB4;53.955136466041665;32.413041172188514;0.8897715210914612;-0.45627835392951965;-0.006227423436939716;[];
75.0;MPIB3;55.23655470827691;19.62233403533986;0.8747664093971252;-0.22825877368450165;-0.42736291885375977;[];
75.0;MPIB2;20.57769304856231;4.4004201110167855;-0.016620906069874763;-0.533538818359375;-0.8455610871315002;[];
75.0;MPIB1;45.3217163470008;2.3481344818947036;-0.8400413393974304;-0.5424286723136902;0.0037853096146136522;[];
75.05;MPIB4;54.38420818613011;32.41166942123118;0.8897715210914612;-0.45627835392951965;-0.006227423436939716;[];
75.05;MPIB3;55.41326836272333;19.536001429630232;0.8747664093971252;-0.22825877368450165;-0.42736291885375977;[];
75.05;MPIB2;20.56987480416467;4.185161328874443;-0.06667517870664597;-0.5490164160728455;-0.8330950736999512;[];
75.05;MPIB1;45.3217163470008;2.3481344818947036;-0.8400413393974304;-0.5424286723136902;0.0037853096146136522;[];
75.1;MPIB4;54.59955368002099;32.410983545752515;0.8897715210914612;-0.45627835392951965;-0.006227423436939716;[];
75.1;MPIB3;55.597807620807544;19.445845662912404;0.8747664093971252;-0.22825877368450165;-0.42736291885375977;[];
75.1;MPIB2;20.553954896002097;3.9703250948506366;-0.09833048284053802;-0.5620104074478149;-0.8212102651596069;[];
75.1;MPIB1;45.3217163470008;2.3481344818947036;-0.8400413393974304;-0.5424286723136902;0.0037853096146136522;[];
75.15;MPIB4;54.815129924241944;32.41029767027385;0.8897715210914612;-0.45627835392951965;-0.006227423436939716;[];
75.15;MPIB3;55.597807620807544;19.445845662912404;0.8747664093971252;-0.22825877368450165;-0.42736291885375977;[];
75.15;MPIB2;20.606445083089397;3.77392517012305;-0.10440649092197418;-0.5663641095161438;-0.8174603581428528;[];
75.15;MPIB1;45.3217163470008;2.3481344818947036;-0.8400413393974304;-0.5424286723136902;0.0037853096146136522;[];
75.2;MPIB4;55.03083215815775;32.40961179479518;0.8897715210914612;-0.45627835392951965;-0.006227423436939716;[];
75.2;MPIB3;55.97776463533705;19.26021949143893;0.8747664093971252;-0.22825877368450165;-0.42736291885375977;[];
75.2;MPIB2;20.695035973269114;3.5866393021412932;-0.11681964993476868;-0.5707020163536072;-0.8127499222755432;[];
75.2;MPIB1;45.3217163470008;2.3481344818947036;-0.8400413393974304;-0.5424286723136902;0.0037853096146136522;[];
75.25;MPIB4;55.03083215815775;32.40961179479518;0.8897715210914612;-0.45627835392951965;-0.006227423436939716;[];
75.25;MPIB3;56.17018339610286;19.166214231594353;0.8747664093971252;-0.22825877368450165;-0.42736291885375977;[];
75.25;MPIB2;20.799940243313472;3.4018951803566324;-0.1481797695159912;-0.5898310542106628;-0.7937573790550232;[];
75.25;MPIB1;45.3217163470008;2.3481344818947036;-0.8400413393974304;-0.5424286723136902;0.0037853096146136522;[];
75.3;MPIB4;55.46241176630474;32.40824004383785;0.8897715210914612;-0.45627835392951965;-0.006227423436939716;[];
75.3;MPIB3;56.27524405168401;19.114887353757467;0.8747664093971252;-0.22825877368450165;-0.42736291885375977;[];
75.3;MPIB2;20.909799317759962;3.300000011920929;-0.1821960061788559;-0.6087107062339783;-0.7721290588378906;[];
75.3;MPIB1;45.3217163470008;2.3481344818947036;-0.8400413393974304;-0.5424286723136902;0.0037853096146136522;[];
75.35;MPIB4;55.678240857672634;32.407554168359184;0.8897715210914612;-0.45627835392951965;-0.006227423436939716;[];
75.35;MPIB3;56.33260717629423;19.086862875203394;0.8747664093971252;-0.22825877368450165;-0.42736291885375977;[];
75.35;MPIB2;21.012242984877048;3.300000011920929;-0.26361560821533203;-0.6313498020172119;-0.7292532920837402;[];
75.35;MPIB1;45.3217163470008;2.3481344818947036;-0.8400413393974304;-0.5424286723136902;0.0037853096146136522;[];
75.4;MPIB4;55.678240857672634;32.407554168359184;0.8897715210914612;-0.45627835392951965;-0.006227423436939716;[];
75.4;MPIB3;56.36392744596935;19.071561508135574;0.8747664093971252;-0.22825877368450165;-0.42736291885375977;[];
75.4;MPIB2;21.15578490046994;3.300000011920929;-0.3430517315864563;-0.6433912515640259;-0.6843016147613525;[];
75.4;MPIB1;45.3217163470008;2.3481344818947036;-0.8400413393974304;-0.5424286723136902;0.0037853096146136522;[];
75.45;MPIB4;55.678240857672634;32.407554168359184;0.8897715210914612;-0.45627835392951965;-0.006227423436939716;[];
75.45;MPIB3;56.36392744596935;19.071561508135574;0.8747664093971252;-0.22825877368450165;-0.42736291885375977;[];
75.45;MPIB2;21.318964999329182;3.2508888579905033;-0.3836061656475067;-0.6433912515640259;-0.6624194383621216;[];
75.45;MPIB1;45.3217163470008;2.3481344818947036;-0.8400413393974304;-0.5424286723136902;0.0037853096146136522;[];
75.5;MPIB4;55.678240857672634;32.407554168359184;0.8897715210914612;-0.45627835392951965;-0.006227423436939716;[];
75.5;MPIB3;56.36392744596935;19.071561508135574;0.8747664093971252;-0.22825877368450165;-0.42736291885375977;[];
75.5;MPIB2;21.40806134365505;3.2240741648298865;-0.42448195815086365;-0.6433912515640259;-0.6369994282722473;[];
75.5;MPIB1;45.30000001192093;2.356966345419096;-0.8400413393974304;-0.5424286723136902;0.0037853096146136522;[];
75.55;MPIB4;55.678240857672634;32.407554168359184;0.8897715210914612;-0.45627835392951965;-0.006227423436939716;[];
75.55;MPIB3;56.39546343479719;19.05864537734169;0.8747664093971252;-0.22825877368450165;-0.42736291885375977;[];
75.55;MPIB2;21.456707953307387;3.2094333406636224;-0.48719942569732666;-0.6433912515640259;-0.5904150605201721;[];
75.55;MPIB1;45.30000001192093;2.356966345419096;-0.8400413393974304;-0.5424286723136902;0.0037853096146136522;[];
75.6;MPIB4;55.678240857672634;32.407554168359184;0.8897715210914612;-0.45627835392951965;-0.006227423436939716;[];
75.6;MPIB3;56.39546343479719;19.05864537734169;0.8747664093971252;-0.22825877368450165;-0.42736291885375977;[];
75.6;MPIB2;21.456707953307387;3.2094333406636224;-0.5126124620437622;-0.6414074897766113;-0.570728063583374;[];
75.6;MPIB1;45.30000001192093;2.356966345419096;-0.8400413393974304;-0.5424286723136902;0.0037853096146136522;[];
75.65;MPIB4;55.678240857672634;32.407554168359184;0.8897715210914612;-0.45627835392951965;-0.006227423436939716;[];
75.65;MPIB3;56.39546343479719;19.05864537734169;0.8747664093971252;-0.22825877368450165;-0.42736291885375977;[];
75.65;MPIB2;21.497771341314888;3.197074784789237;-0.5208278894424438;-0.6373530626296997;-0.5678249597549438;[];
75.65;MPIB1;45.30000001192093;2.356966345419096;-0.8400413393974304;-0.5424286723136902;0.0037853096146136522;[];
75.7;MPIB4;55.678240857672634;32.407554168359184;0.8897715210914612;-0.45627835392951965;-0.006227423436939716;[];
75.7;MPIB3;56.39546343479719;19.05864537734169;0.8747664093971252;-0.22825877368450165;-0.42736291885375977;[];
75.7;MPIB2;21.497771341314888;3.197074784789237;-0.5433005094528198;-0.6313498020172119;-0.5532885193824768;[];
75.7;MPIB1;45.30000001192093;2.356966345419096;-0.8400413393974304;-0.5424286723136902;0.0037853096146136522;[];
75.75;MPIB4;55.678240857672634;32.407554168359184;0.8897715210914612;-0.45627835392951965;-0.006227423436939716;[];
75.75;MPIB3;56.39546343479719;19.05864537734169;0.8747664093971252;-0.22825877368450165;-0.42736291885375977;[];
75.75;MPIB2;21.573753161179525;3.122635609362277;-0.6014042496681213;-0.6107624769210815;-0.5149654746055603;[];
75.75;MPIB1;45.30000001192093;2.356966345419096;-0.8400413393974304;-0.5424286723136902;0.0037853096146136522;[];
75.8;MPIB4;55.678240857672634;32.407554168359184;0.8897715210914612;-0.45627835392951965;-0.006227423436939716;[];
75.8;MPIB3;56.39546343479719;19.05864537734169;0.8747664093971252;-0.22825877368450165;-0.42736291885375977;[];
75.8;MPIB2;21.66985886736677;3.0036992885535483;-0.6425966024398804;-0.5940809845924377;-0.4837827682495117;[];
75.8;MPIB1;45.30000001192093;2.356966345419096;-0.8400413393974304;-0.5424286723136902;0.0037853096146136522;[];
75.85;MPIB4;55.678240857672634;32.407554168359184;0.8897715210914612;-0.45627835392951965;-0.006227423436939716;[];
75.85;MPIB3;56.39546343479719;19.05864537734169;0.8747664093971252;-0.22825877368450165;-0.42736291885375977;[];
75.85;MPIB2;21.7740779143669;2.8555349337154325;-0.6947909593582153;-0.5749456286430359;-0.4319871962070465;[];
75.85;MPIB1;45.30000001192093;2.356966345419096;-0.8400413393974304;-0.5424286723136902;0.0037853096146136522;[];
75.9;MPIB4;55.678240857672634;32.407554168359184;0.8897715210914612;-0.45627835392951965;-0.006227423436939716;[];
75.9;MPIB3;56.39546343479719;19.05864537734169;0.8747664093971252;-0.22825877368450165;-0.42736291885375977;[];
75.9;MPIB2;21.83098152063849;2.774637186577337;-0.7506582140922546;-0.5620104074478149;-0.34722819924354553;[];
75.9;MPIB1;45.30000001192093;2.356966345419096;-0.8400413393974304;-0.5424286723136902;0.0037853096146136522;[];
75.95;MPIB4;55.678240857672634;32.407554168359184;0.8897715210914612;-0.45627835392951965;-0.006227423436939716;[];
75.95;MPIB3;56.39546343479719;19.05864537734169;0.8747664093971252;-0.22825877368450165;-0.42736291885375977;[];
75.95;MPIB2;21.862050893271544;2.730467011509461;-0.7677805423736572;-0.5554904937744141;-0.3191468119621277;[];
75.95;MPIB1;45.30000001192093;2.356966345419096;-0.8400413393974304;-0.5424286723136902;0.0037853096146136522;[];
76.0;MPIB4;55.678240857672634;32.407554168359184;0.8897715210914612;-0.45627835392951965;-0.006227423436939716;[];
76.0;MPIB3;56.39546343479719;19.05864537734169;0.8747664093971252;-0.22825877368450165;-0.42736291885375977;[];
76.0;MPIB2;21.862050893271544;2.730467011509461;-0.7702658772468567;-0.5554904937744141;-0.31310099363327026;[];
76.0;MPIB1;45.30000001192093;2.356966345419096;-0.8400413393974304;-0.5424286723136902;0.0037853096146136522;[];
76.05;MPIB4;55.678240857672634;32.407554168359184;0.8897715210914612;-0.45627835392951965;-0.006227423436939716;[];
76.05;MPIB3;56.39546343479719;19.05864537734169;0.8747664093971252;-0.22825877368450165;-0.42736291885375977;[];
76.05;MPIB2;21.88827705194319;2.693182254151651;-0.7822105884552002;-0.5490164160728455;-0.2943461239337921;[];
76.05;MPIB1;45.30000001192093;2.356966345419096;-0.8400413393974304;-0.5424286723136902;0.0037853096146136522;[];
76.1;MPIB4;55.678240857672634;32.407554168359184;0.8897715210914612;-0.45627835392951965;-0.006227423436939716;[];
76.1;MPIB3;56.39546343479719;19.05864537734169;0.8747664093971252;-0.22825877368450165;-0.42736291885375977;[];
76.1;MPIB2;21.88827705194319;2.693182254151651;-0.8046553730964661;-0.5379912257194519;-0.25101423263549805;[];
76.1;MPIB1;45.30000001192093;2.356966345419096;-0.8400413393974304;-0.5424286723136902;0.0037853096146136522;[];
76.15;MPIB4;55.678240857672634;32.407554168359184;0.8897715210914612;-0.45627835392951965;-0.006227423436939716;[];
76.15;MPIB3;56.39546343479719;19.05864537734169;0.8747664093971252;-0.22825877368450165;-0.42736291885375977;[];
76.15;MPIB2;21.88827705194319;2.693182254151651;-0.8248031735420227;-0.5246713161468506;-0.2105567306280136;[];
76.15;MPIB1;45.30000001192093;2.356966345419096;-0.8400413393974304;-0.5424286723136902;0.0037853096146136522;[];
76.2;MPIB4;55.678240857672634;32.407554168359184;0.8897715210914612;-0.45627835392951965;-0.006227423436939716;[];
76.2;MPIB3;56.39546343479719;19.05864537734169;0.8747664093971252;-0.22825877368450165;-0.42736291885375977;[];
76.2;MPIB2;21.88827705194319;2.693182254151651;-0.8395050764083862;-0.513526976108551;-0.17730414867401123;[];
76.2;MPIB1;45.30000001192093;2.356966345419096;-0.8400413393974304;-0.5424286723136902;0.0037853096146136522;[];
76.25;MPIB4;55.678240857672634;32.407554168359184;0.8897715210914612;-0.45627835392951965;-0.006227423436939716;[];
76.25;MPIB3;56.39546343479719;19.05864537734169;0.8747664093971252;-0.22825877368450165;-0.42736291885375977;[];
76.25;MPIB2;21.88827705194319;2.693182254151651;-0.8511167168617249;-0.5044492483139038;-0.14507834613323212;[];
76.25;MPIB1;45.30000001192093;2.356966345419096;-0.8400413393974304;-0.5424286723136902;0.0037853096146136522;[];
76.3;MPIB4;55.678240857672634;32.407554168359184;0.8897715210914612;-0.45627835392951965;-0.006227423436939716;[];
76.3;MPIB3;56.39546343479719;19.05864537734169;0.8747664093971252;-0.22825877368450165;-0.42736291885375977;[];
76.3;MPIB2;21.88827705194319;2.693182254151651;-0.8604333996772766;-0.49539870023727417;-0.11896192282438278;[];
76.3;MPIB1;45.30000001192093;2.356966345419096;-0.8400413393974304;-0.5424286723136902;0.0037853096146136522;[];
76.35;MPIB4;55.69999998807907;32.39383665878586;0.8897715210914612;-0.45627835392951965;-0.006227423436939716;[];
76.35;MPIB3;56.39546343479719;19.05864537734169;0.8747664093971252;-0.22825877368450165;-0.42736291885375977;[];
76.35;MPIB2;21.88827705194319;2.693182254151651;-0.8634676933288574;-0.49314841628074646;-0.10557422786951065;[];
76.35;MPIB1;45.20200101286173;2.3644734294148293;-0.8400413393974304;-0.5424286723136902;0.0037853096146136522;[];
76.4;MPIB4;55.69999998807907;32.39383665878586;0.8897715210914612;-0.45627835392951965;-0.006227423436939716;[];
76.4;MPIB3;56.39546343479719;19.05864537734169;0.8747664093971252;-0.22825877368450165;-0.42736291885375977;[];
76.4;MPIB2;21.88827705194319;2.693182254151651;-0.8634676933288574;-0.49314841628074646;-0.10557422786951065;[];
76.4;MPIB1;45.05049455410108;2.364915022591049;-0.8400413393974304;-0.5424286723136902;0.0037853096146136522;[];
76.45;MPIB4;55.69999998807907;32.39383665878586;0.8897715210914612;-0.45627835392951965;-0.006227423436939716;[];
76.45;MPIB3;56.39546343479719;19.05864537734169;0.8747664093971252;-0.22825877368450165;-0.42736291885375977;[];
76.45;MPIB2;21.88827705194319;2.693182254151651;-0.8647708296775818;-0.49314841628074646;-0.09430695325136185;[];
76.45;MPIB1;44.86977301895013;2.3653566157672685;-0.8400413393974304;-0.5424286723136902;0.0037853096146136522;[];
76.5;MPIB4;55.69999998807907;32.39383665878586;0.8897715210914612;-0.45627835392951965;-0.006227423436939716;[];
76.5;MPIB3;56.39546343479719;19.05864537734169;0.8747664093971252;-0.22825877368450165;-0.42736291885375977;[];
76.5;MPIB2;21.88827705194319;2.693182254151651;-0.8654854893684387;-0.49314841628074646;-0.08750557899475098;[];
76.5;MPIB1;44.67310005023728;2.365798208943488;-0.8400413393974304;-0.5424286723136902;0.0037853096146136522;[];
76.55;MPIB4;55.69999998807907;32.39383665878586;0.8897715210914612;-0.45627835392951965;-0.006227423436939716;[];
76.55;MPIB3;56.39546343479719;19.05864537734169;0.8747664093971252;-0.22825877368450165;-0.42736291885375977;[];
76.55;MPIB2;21.88827705194319;2.693182254151651;-0.8646609783172607;-0.49539870023727417;-0.08281861990690231;[];
76.55;MPIB1;44.467717597787896;2.3662398021197077;-0.8400413393974304;-0.5424286723136902;0.0037853096146136522;[];
76.6;MPIB4;55.69999998807907;32.39383665878586;0.8897715210914612;-0.45627835392951965;-0.006227423436939716;[];
76.6;MPIB3;56.39546343479719;19.05864537734169;0.8763986229896545;-0.22573775053024292;-0.4253537058830261;[];
76.6;MPIB2;21.88827705194319;2.693182254151651;-0.8648724555969238;-0.49539870023727417;-0.08058008551597595;[];
76.6;MPIB1;44.25757976666614;2.3666813952959274;-0.8400413393974304;-0.5424286723136902;0.0037853096146136522;[];
76.65;MPIB4;55.69999998807907;32.39383665878586;0.8897715210914612;-0.45627835392951965;-0.006227423436939716;[];
76.65;MPIB3;56.39546343479719;19.05864537734169;0.8763986229896545;-0.22573775053024292;-0.4253537058830261;[];
76.65;MPIB2;21.88827705194319;2.693182254151651;-0.8637503385543823;-0.4977288246154785;-0.07822076976299286;[];
76.65;MPIB1;44.044845498487575;2.367122988472147;-0.8400413393974304;-0.5424286723136902;0.0037853096146136522;[];
76.7;MPIB4;55.69999998807907;32.39383665878586;0.8897715210914612;-0.45627835392951965;-0.006227423436939716;[];
76.7;MPIB3;56.39546343479719;19.05864537734169;0.8786292672157288;-0.22573775053024292;-0.4207265079021454;[];
76.7;MPIB2;21.88827705194319;2.693182254151651;-0.8637503385543823;-0.4977288246154785;-0.07822076976299286;[];
76.7;MPIB1;43.83069357551153;2.3675645816483666;-0.8400413393974304;-0.5424286723136902;0.0037853096146136522;[];
76.75;MPIB4;55.69999998807907;32.39383665878586;0.8897715210914612;-0.45627835392951965;-0.006227423436939716;[];
76.75;MPIB3;56.39546343479719;19.05864537734169;0.8797154426574707;-0.22573775053024292;-0.4184506833553314;[];
76.75;MPIB2;21.88827705194319;2.693182254151651;-0.8643385767936707;-0.4977288246154785;-0.07142791897058487;[];
76.75;MPIB1;43.61576761292599;2.368006174824586;-0.8400413393974304;-0.5424286723136902;0.0037853096146136522;[];
76.8;MPIB4;55.69999998807907;32.39383665878586;0.8897715210914612;-0.45627835392951965;-0.006227423436939716;[];
76.8;MPIB3;56.39546343479719;19.05864537734169;0.8797154426574707;-0.22573775053024292;-0.4184506833553314;[];
76.8;MPIB2;21.88827705194319;2.693182254151651;-0.8647032380104065;-0.4977288246154785;-0.06686924397945404;[];
76.8;MPIB1;43.40041902466464;2.368447768000806;-0.8400413393974304;-0.5424286723136902;0.0037853096146136522;[];
76.85;MPIB4;55.69999998807907;32.39383665878586;0.8897715210914612;-0.45627835392951965;-0.006227423436939716;[];
76.85;MPIB3;56.39546343479719;19.05864537734169;0.8797154426574707;-0.22573775053024292;-0.4184506833553314;[];
76.85;MPIB2;21.88827705194319;2.693182254151651;-0.8647032380104065;-0.4977288246154785;-0.06686924397945404;[];
76.85;MPIB1;43.184839682757456;2.3688893611770254;-0.8400413393974304;-0.5424286723136902;0.0037853096146136522;[];
76.9;MPIB4;55.69999998807907;32.39383665878586;0.8897715210914612;-0.45627835392951965;-0.006227423436939716;[];
76.9;MPIB3;56.39546343479719;19.05864537734169;0.8797154426574707;-0.22573775053024292;-0.4184506833553314;[];
76.9;MPIB2;21.88827705194319;2.693182254151651;-0.8637496829032898;-0.49997231364250183;-0.0622987262904644;[];
76.9;MPIB1;42.96913434934504;2.369330954353245;-0.8400413393974304;-0.5424286723136902;0.0037853096146136522;[];
76.95;MPIB4;55.69999998807907;32.39383665878586;0.8897715210914612;-0.45627835392951965;-0.006227423436939716;[];
76.95;MPIB3;56.39546343479719;19.05864537734169;0.8797154426574707;-0.22573775053024292;-0.4184506833553314;[];
76.95;MPIB2;21.79558818279793;2.675017044965216;-0.8637496829032898;-0.49997231364250183;-0.0622987262904644;[];
76.95;MPIB1;42.75336022456281;2.3697725475294646;-0.8400413393974304;-0.5424286723136902;0.0037853096146136522;[];
77.0;MPIB4;55.69999998807907;32.39383665878586;0.8897715210914612;-0.45627835392951965;-0.006227423436939716;[];
77.0;MPIB3;56.39546343479719;19.05864537734169;0.8797154426574707;-0.22573775053024292;-0.4184506833553314;[];
77.0;MPIB2;21.64447274588622;2.664117707599843;-0.8637496829032898;-0.49997231364250183;-0.0622987262904644;[];
77.0;MPIB1;42.53754853968826;2.3702141407056843;-0.8400413393974304;-0.5424286723136902;0.0037853096146136522;[];
77.05;MPIB4;55.69999998807907;32.39383665878586;0.8897715210914612;-0.45627835392951965;-0.006227423436939716;[];
77.05;MPIB3;56.39546343479719;19.05864537734169;0.8797154426574707;-0.22573775053024292;-0.4184506833553314;[];
77.05;MPIB2;21.464217633549083;2.6511166448272547;-0.8637496829032898;-0.49997231364250183;-0.0622987262904644;[];
77.05;MPIB1;42.3217163470008;2.370655733881904;-0.8400413393974304;-0.5424286723136902;0.0037853096146136522;[];
77.1;MPIB4;55.69999998807907;32.39383665878586;0.8897715210914612;-0.45627835392951965;-0.006227423436939716;[];
77.1;MPIB3;56.39546343479719;19.05864537734169;0.8797154426574707;-0.22573775053024292;-0.4184506833553314;[];
77.1;MPIB2;21.268052256581655;2.6369680398490516;-0.8637496829032898;-0.49997231364250183;-0.0622987262904644;[];
77.1;MPIB1;42.3217163470008;2.370655733881904;-0.8400413393974304;-0.5424286723136902;0.0037853096146136522;[];
77.15;MPIB4;55.69999998807907;32.39383665878586;0.8897715210914612;-0.45627835392951965;-0.006227423436939716;[];
77.15;MPIB3;56.39546343479719;19.05864537734169;0.8797154426574707;-0.22573775053024292;-0.4184506833553314;[];
77.15;MPIB2;21.063199874117117;2.6221928767538145;-0.8637496829032898;-0.49997231364250183;-0.0622987262904644;[];
77.15;MPIB1;42.3217163470008;2.370655733881904;-0.8400413393974304;-0.5424286723136902;0.0037853096146136522;[];
77.2;MPIB4;55.79799757897854;32.38217677564853;0.8897715210914612;-0.45627835392951965;-0.006227423436939716;[];
77.2;MPIB3;56.39546343479719;19.05864537734169;0.8797154426574707;-0.22573775053024292;-0.4184506833553314;[];
77.2;MPIB2;20.853535475680246;2.60810682725824;-0.8643586039543152;-0.49997231364250183;-0.05318622291088104;[];
77.2;MPIB1;42.3217163470008;2.370655733881904;-0.8400413393974304;-0.5424286723136902;0.0037853096146136522;[];
77.25;MPIB4;55.949501860724055;32.381490900169865;0.8897715210914612;-0.45627835392951965;-0.006227423436939716;[];
77.25;MPIB3;56.39546343479719;19.05864537734169;0.8797154426574707;-0.22573775053024292;-0.4184506833553314;[];
77.25;MPIB2;20.641161595917993;2.5959263032178796;-0.8650842308998108;-0.49997231364250183;-0.03967257961630821;[];
77.25;MPIB1;42.3217163470008;2.370655733881904;-0.8400413393974304;-0.5424286723136902;0.0037853096146136522;[];
77.3;MPIB4;56.13022079906487;32.3808050246912;0.8897715210914612;-0.45627835392951965;-0.006227423436939716;[];
77.3;MPIB3;56.39546343479719;19.05864537734169;0.8797154426574707;-0.22573775053024292;-0.4184506833553314;[];
77.3;MPIB2;20.427276078166187;2.585555960149037;-0.8653693795204163;-0.49997231364250183;-0.03287043049931526;[];
77.3;MPIB1;42.3217163470008;2.370655733881904;-0.8400413393974304;-0.5424286723136902;0.0037853096146136522;[];
77.35;MPIB4;56.13022079906487;32.3808050246912;0.8897715210914612;-0.45627835392951965;-0.006227423436939716;[];
77.35;MPIB3;56.39546343479719;19.05864537734169;0.8797154426574707;-0.22573775053024292;-0.4184506833553314;[];
77.35;MPIB2;20.212518826112046;2.577714145358101;-0.8644822239875793;-0.5022124648094177;-0.019231610000133514;[];
77.35;MPIB1;42.3217163470008;2.370655733881904;-0.8400413393974304;-0.5424286723136902;0.0037853096146136522;[];
77.4;MPIB4;56.326890941759515;32.38011914921253;0.8897715210914612;-0.45627835392951965;-0.006227423436939716;[];
77.4;MPIB3;56.39546343479719;19.05864537734169;0.8797154426574707;-0.22573775053024292;-0.4184506833553314;[];
77.4;MPIB2;19.997275474283924;2.571769566980265;-0.8632686138153076;-0.5044492483139038;-0.014650783501565456;[];
77.4;MPIB1;42.3217163470008;2.370655733881904;-0.8400413393974304;-0.5424286723136902;0.0037853096146136522;[];
77.45;MPIB4;56.7424052546682;32.3787473982552;0.8897715210914612;-0.45627835392951965;-0.006227423436939716;[];
77.45;MPIB3;56.39546343479719;19.05864537734169;0.8797154426574707;-0.22573775053024292;-0.4184506833553314;[];
77.45;MPIB2;19.78176671194842;2.5668608798042953;-0.8632686138153076;-0.5044492483139038;-0.014650783501565456;[];
77.45;MPIB1;42.3217163470008;2.370655733881904;-0.8400413393974304;-0.5424286723136902;0.0037853096146136522;[];
77.5;MPIB4;56.955136466041665;32.378061522776534;0.8897715210914612;-0.45627835392951965;-0.006227423436939716;[];
77.5;MPIB3;56.39546343479719;19.05864537734169;0.8797154426574707;-0.22573775053024292;-0.4184506833553314;[];
77.5;MPIB2;19.56611303545901;2.5651979327996344;-0.8632686138153076;-0.5044492483139038;-0.014650783501565456;[];
77.5;MPIB1;42.3217163470008;2.370655733881904;-0.8400413393974304;-0.5424286723136902;0.0037853096146136522;[];
77.55;MPIB4;56.955136466041665;32.378061522776534;0.8897715210914612;-0.45627835392951965;-0.006227423436939716;[];
77.55;MPIB3;56.39546343479719;19.05864537734169;0.8797154426574707;-0.22573775053024292;-0.4184506833553314;[];
77.55;MPIB2;19.350380235832404;2.5635349857949734;-0.8632686138153076;-0.5044492483139038;-0.014650783501565456;[];
77.55;MPIB1;42.3217163470008;2.370655733881904;-0.8400413393974304;-0.5424286723136902;0.0037853096146136522;[];
77.6;MPIB4;57.38420818613011;32.3766897718192;0.8897715210914612;-0.45627835392951965;-0.006227423436939716;[];
77.6;MPIB3;56.39546343479719;19.05864537734169;0.8797154426574707;-0.22573775053024292;-0.4184506833553314;[];
77.6;MPIB2;19.134604234967924;2.5618720387903124;-0.8632686138153076;-0.5044492483139038;-0.014650783501565456;[];
77.6;MPIB1;42.3217163470008;2.370655733881904;-0.8400413393974304;-0.5424286723136902;0.0037853096146136522;[];
77.65;MPIB4;57.38420818613011;32.3766897718192;0.8897715210914612;-0.45627835392951965;-0.006227423436939716;[];
77.65;MPIB3;56.39546343479719;19.05864537734169;0.8797154426574707;-0.22573775053024292;-0.4184506833553314;[];
77.65;MPIB2;18.91880464622477;2.5602090917856515;-0.8632686138153076;-0.5044492483139038;-0.014650783501565456;[];
77.65;MPIB1;42.3217163470008;2.370655733881904;-0.8400413393974304;-0.5424286723136902;0.0037853096146136522;[];
77.7;MPIB4;57.38420818613011;32.3766897718192;0.8897715210914612;-0.45627835392951965;-0.006227423436939716;[];
77.7;MPIB3;56.39546343479719;19.05864537734169;0.8797154426574707;-0.22573775053024292;-0.4184506833553314;[];
77.7;MPIB2;18.70298213511569;2.5593165191568517;-0.849807620048523;-0.526954710483551;-0.007740270812064409;[];
77.7;MPIB1;42.3217163470008;2.370655733881904;-0.8400413393974304;-0.5424286723136902;0.0037853096146136522;[];
77.75;MPIB4;57.38420818613011;32.3766897718192;0.8897715210914612;-0.45627835392951965;-0.006227423436939716;[];
77.75;MPIB3;56.39546343479719;19.05864537734169;0.8797154426574707;-0.22573775053024292;-0.4184506833553314;[];
77.75;MPIB2;18.487143129783362;2.5594480579640333;-0.8329042792320251;-0.5533362030982971;0.0011179524008184671;[];
77.75;MPIB1;42.3217163470008;2.370655733881904;-0.8400413393974304;-0.5424286723136902;0.0037853096146136522;[];
77.8;MPIB4;57.38420818613011;32.3766897718192;0.8897715210914612;-0.45627835392951965;-0.006227423436939716;[];
77.8;MPIB3;56.39546343479719;19.05864537734169;0.8797154426574707;-0.22573775053024292;-0.4184506833553314;[];
77.8;MPIB2;18.30000001192093;2.560603693888112;-0.8104569911956787;-0.5856424570083618;0.009557739831507206;[];
77.8;MPIB1;42.3217163470008;2.370655733881904;-0.8400413393974304;-0.5424286723136902;0.0037853096146136522;[];
77.85;MPIB4;57.38420818613011;32.3766897718192;0.8897715210914612;-0.45627835392951965;-0.006227423436939716;[];
77.85;MPIB3;56.39546343479719;19.05864537734169;0.8797154426574707;-0.22573775053024292;-0.4184506833553314;[];
77.85;MPIB2;18.30000001192093;2.560603693888112;-0.808938205242157;-0.5877386927604675;0.009539827704429626;[];
77.85;MPIB1;42.3217163470008;2.370655733881904;-0.8400413393974304;-0.5424286723136902;0.0037853096146136522;[];
77.9;MPIB4;57.38420818613011;32.3766897718192;0.8897715210914612;-0.45627835392951965;-0.006227423436939716;[];
77.9;MPIB3;56.39546343479719;19.05864537734169;0.8797154426574707;-0.22573775053024292;-0.4184506833553314;[];
77.9;MPIB2;18.30000001192093;2.560603693888112;-0.808938205242157;-0.5877386927604675;0.009539827704429626;[];
77.9;MPIB1;42.3217163470008;2.370655733881904;-0.8400413393974304;-0.5424286723136902;0.0037853096146136522;[];
77.95;MPIB4;57.38420818613011;32.3766897718192;0.8897715210914612;-0.45627835392951965;-0.006227423436939716;[];
77.95;MPIB3;56.39546343479719;19.05864537734169;0.8797154426574707;-0.22573775053024292;-0.4184506833553314;[];
77.95;MPIB2;18.30000001192093;2.560603693888112;-0.808938205242157;-0.5877386927604675;0.009539827704429626;[];
77.95;MPIB1;42.3217163470008;2.370655733881904;-0.8400413393974304;-0.5424286723136902;0.0037853096146136522;[];
78.0;MPIB4;57.38420818613011;32.3766897718192;0.8897715210914612;-0.45627835392951965;-0.006227423436939716;[];
78.0;MPIB3;56.39546343479719;19.05864537734169;0.8797154426574707;-0.22573775053024292;-0.4184506833553314;[];
78.0;MPIB2;18.30000001192093;2.560603693888112;-0.808938205242157;-0.5877386927604675;0.009539827704429626;[];
78.0;MPIB1;42.3217163470008;2.370655733881904;-0.8400413393974304;-0.5424286723136902;0.0037853096146136522;[];
78.05;MPIB4;58.69999998807907;32.876786592058636;0.7953448295593262;-0.5684955716133118;-0.2101181596517563;[];
78.05;MPIB3;56.39546343479719;19.05864537734169;0.8819097280502319;-0.22573775053024292;-0.41380611062049866;[];
78.05;MPIB2;18.30000001192093;2.560603693888112;-0.808938205242157;-0.5877386927604675;0.009539827704429626;[];
78.05;MPIB1;42.30000001192093;2.379487597406296;-0.8400413393974304;-0.5424286723136902;0.0037853096146136522;[];
78.1;MPIB4;58.69999998807907;32.98585694585901;0.7643858790397644;-0.5961612462997437;-0.24538584053516388;[];
78.1;MPIB3;56.39546343479719;19.05864537734169;0.8819097280502319;-0.22573775053024292;-0.41380611062049866;[];
78.1;MPIB2;18.30000001192093;2.560603693888112;-0.8074139952659607;-0.5898310542106628;0.009521853178739548;[];
78.1;MPIB1;42.30000001192093;2.379487597406296;-0.8400413393974304;-0.5424286723136902;0.0037853096146136522;[];
78.15;MPIB4;58.69999998807907;32.98585694585901;0.7643858790397644;-0.5961612462997437;-0.24538584053516388;[];
78.15;MPIB3;56.39546343479719;19.05864537734169;0.8819097280502319;-0.22573775053024292;-0.41380611062049866;[];
78.15;MPIB2;18.30000001192093;2.560603693888112;-0.8120764493942261;-0.5834643840789795;-0.00319214747287333;[];
78.15;MPIB1;42.30000001192093;2.379487597406296;-0.8400413393974304;-0.5424286723136902;0.0037853096146136522;[];
78.2;MPIB4;58.69999998807907;33.17096601886112;0.6876906752586365;-0.6128858327865601;-0.38904958963394165;[];
78.2;MPIB3;56.39546343479719;19.05864537734169;0.8819097280502319;-0.22573775053024292;-0.41380611062049866;[];
78.2;MPIB2;18.30000001192093;2.560603693888112;-0.8209842443466187;-0.5707020163536072;-0.013933164067566395;[];
78.2;MPIB1;42.30000001192093;2.379487597406296;-0.8400413393974304;-0.5424286723136902;0.0037853096146136522;[];
78.25;MPIB4;58.69999998807907;33.226378421429445;0.6131611466407776;-0.6128858327865601;-0.49830859899520874;[];
78.25;MPIB3;56.39546343479719;19.05864537734169;0.8819097280502319;-0.22573775053024292;-0.41380611062049866;[];
78.25;MPIB2;18.30000001192093;2.560603693888112;-0.8282731175422668;-0.5598674416542053;-0.020571338012814522;[];
78.25;MPIB1;42.30000001192093;2.379487597406296;-0.8400413393974304;-0.5424286723136902;0.0037853096146136522;[];
78.3;MPIB4;58.69999998807907;33.26143503027939;0.5860909223556519;-0.6107624769210815;-0.532328724861145;[];
78.3;MPIB3;56.39546343479719;19.05864537734169;0.8819097280502319;-0.22573775053024292;-0.41380611062049866;[];
78.3;MPIB2;18.30000001192093;2.560603693888112;-0.8353802561759949;-0.5490164160728455;-0.02515619806945324;[];
78.3;MPIB1;42.30000001192093;2.379487597406296;-0.8400413393974304;-0.5424286723136902;0.0037853096146136522;[];
78.35;MPIB4;58.69999998807907;33.26143503027939;0.43275749683380127;-0.5401714444160461;-0.7216984033584595;[];
78.35;MPIB3;56.39546343479719;19.05864537734169;0.8819097280502319;-0.22573775053024292;-0.41380611062049866;[];
78.35;MPIB2;18.30000001192093;2.560603693888112;-0.8396009802818298;-0.5424286723136902;-0.027458829805254936;[];
78.35;MPIB1;42.30000001192093;2.379487597406296;-0.8400413393974304;-0.5424286723136902;0.0037853096146136522;[];
78.4;MPIB4;58.69999998807907;33.20705677065044;0.23075653612613678;-0.5044492483139038;-0.8319848775863647;[];
78.4;MPIB3;56.39546343479719;19.05864537734169;0.8819097280502319;-0.22573775053024292;-0.41380611062049866;[];
78.4;MPIB2;18.30000001192093;2.560603693888112;-0.8437634706497192;-0.5358073711395264;-0.02978164702653885;[];
78.4;MPIB1;42.30000001192093;2.379487597406296;-0.8400413393974304;-0.5424286723136902;0.0037853096146136522;[];
78.45;MPIB4;58.69999998807907;33.08553387892687;0.22420871257781982;-0.5044492483139038;-0.8337732553482056;[];
78.45;MPIB3;56.39546343479719;19.05864537734169;0.8730689883232117;-0.22573775053024292;-0.43214672803878784;[];
78.45;MPIB2;18.30000001192093;2.560603693888112;-0.8477780222892761;-0.5291529893875122;-0.034400176256895065;[];
78.45;MPIB1;42.30000001192093;2.379487597406296;-0.8400413393974304;-0.5424286723136902;0.0037853096146136522;[];
78.5;MPIB4;58.69999998807907;33.08553387892687;0.22420871257781982;-0.5044492483139038;-0.8337732553482056;[];
78.5;MPIB3;56.39546343479719;19.05864537734169;0.8020170331001282;-0.22573775053024292;-0.5529638528823853;[];
78.5;MPIB2;18.30000001192093;2.560603693888112;-0.8477780222892761;-0.5291529893875122;-0.034400176256895065;[];
78.5;MPIB1;42.30000001192093;2.379487597406296;-0.8400413393974304;-0.5424286723136902;0.0037853096146136522;[];
78.55;MPIB4;58.69999998807907;32.98295444553389;0.18632982671260834;-0.5089951753616333;-0.8403100967407227;[];
78.55;MPIB3;56.39546343479719;19.05864537734169;0.7246878743171692;-0.22573775053024292;-0.6510205268859863;[];
78.55;MPIB2;18.30000001192093;2.560603693888112;-0.8477780222892761;-0.5291529893875122;-0.034400176256895065;[];
78.55;MPIB1;42.30000001192093;2.379487597406296;-0.8400413393974304;-0.5424286723136902;0.0037853096146136522;[];
78.6;MPIB4;58.69999998807907;32.98295444553389;0.1816171407699585;-0.5112216472625732;-0.8399900794029236;[];
78.6;MPIB3;56.39546343479719;19.05864537734169;0.7038605809211731;-0.22573775053024292;-0.6734838485717773;[];
78.6;MPIB2;18.30000001192093;2.560603693888112;-0.8477780222892761;-0.5291529893875122;-0.034400176256895065;[];
78.6;MPIB1;42.30000001192093;2.379487597406296;-0.8400413393974304;-0.5424286723136902;0.0037853096146136522;[];
78.65;MPIB4;58.69999998807907;32.952373868064484;0.1816171407699585;-0.5112216472625732;-0.8399900794029236;[];
78.65;MPIB3;56.39546343479719;19.05864537734169;0.6750342845916748;-0.22573775053024292;-0.7023738026618958;[];
78.65;MPIB2;18.30000001192093;2.560603693888112;-0.8477780222892761;-0.5291529893875122;-0.034400176256895065;[];
78.65;MPIB1;42.30000001192093;2.379487597406296;-0.8400413393974304;-0.5424286723136902;0.0037853096146136522;[];
78.7;MPIB4;58.69999998807907;32.952373868064484;0.1816171407699585;-0.5112216472625732;-0.8399900794029236;[];
78.7;MPIB3;56.39546343479719;19.05864537734169;0.669491708278656;-0.22573775053024292;-0.7076588869094849;[];
78.7;MPIB2;18.30000001192093;2.5296065498879727;-0.8477780222892761;-0.5291529893875122;-0.034400176256895065;[];
78.7;MPIB1;42.30000001192093;2.379487597406296;-0.8400413393974304;-0.5424286723136902;0.0037853096146136522;[];
78.75;MPIB4;58.69999998807907;32.99598588030389;0.1816171407699585;-0.5112216472625732;-0.8399900794029236;[];
78.75;MPIB3;56.39546343479719;19.05864537734169;0.669491708278656;-0.22573775053024292;-0.7076588869094849;[];
78.75;MPIB2;18.30000001192093;2.5296065498879727;-0.8477780222892761;-0.5291529893875122;-0.034400176256895065;[];
78.75;MPIB1;42.30000001192093;2.379487597406296;-0.8400413393974304;-0.5424286723136902;0.0037853096146136522;[];
78.8;MPIB4;58.69999998807907;33.03242023460021;0.1816171407699585;-0.5112216472625732;-0.8399900794029236;[];
78.8;MPIB3;56.39546343479719;19.05864537734169;0.669491708278656;-0.22573775053024292;-0.7076588869094849;[];
78.8;MPIB2;18.30000001192093;2.5296065498879727;-0.8477780222892761;-0.5291529893875122;-0.034400176256895065;[];
78.8;MPIB1;42.30000001192093;2.379487597406296;-0.8400413393974304;-0.5424286723136902;0.0037853096146136522;[];
78.85;MPIB4;58.69999998807907;33.07302375275282;0.1816171407699585;-0.5112216472625732;-0.8399900794029236;[];
78.85;MPIB3;56.39546343479719;19.05864537734169;0.669491708278656;-0.22573775053024292;-0.7076588869094849;[];
78.85;MPIB2;18.30000001192093;2.5296065498879727;-0.8477780222892761;-0.5291529893875122;-0.034400176256895065;[];
78.85;MPIB1;42.30000001192093;2.379487597406296;-0.8400413393974304;-0.5424286723136902;0.0037853096146136522;[];
78.9;MPIB4;58.69999998807907;33.07302375275282;0.1816171407699585;-0.5112216472625732;-0.8399900794029236;[];
78.9;MPIB3;56.56693672912445;18.877396525446613;0.669491708278656;-0.22573775053024292;-0.7076588869094849;[];
78.9;MPIB2;18.30000001192093;2.5296065498879727;-0.8477780222892761;-0.5291529893875122;-0.034400176256895065;[];
78.9;MPIB1;42.20200101286173;2.3869946814020295;-0.8400413393974304;-0.5424286723136902;0.0037853096146136522;[];
78.95;MPIB4;58.69999998807907;33.115903634635345;0.1816171407699585;-0.5112216472625732;-0.8399900794029236;[];
78.95;MPIB3;56.689823247110326;18.744893245331554;0.6564216017723083;-0.22573775053024292;-0.7197992205619812;[];
78.95;MPIB2;18.30000001192093;2.5296065498879727;-0.8477780222892761;-0.5291529893875122;-0.034400176256895065;[];
78.95;MPIB1;42.05049455410108;2.387436274578249;-0.8400413393974304;-0.5424286723136902;0.0037853096146136522;[];
79.0;MPIB4;58.69999998807907;33.152099234699534;0.1816171407699585;-0.5112216472625732;-0.8399900794029236;[];
79.0;MPIB3;56.821036874376205;18.598432115872527;0.6365712285041809;-0.2308715432882309;-0.7358208298683167;[];
79.0;MPIB2;18.30000001192093;2.5296065498879727;-0.8477780222892761;-0.5291529893875122;-0.034400176256895065;[];
79.0;MPIB1;41.86977301895013;2.3878778677544688;-0.8400413393974304;-0.5424286723136902;0.0037853096146136522;[];
79.05;MPIB4;58.69999998807907;33.152099234699534;0.1816171407699585;-0.5112216472625732;-0.8399900794029236;[];
79.05;MPIB3;56.95443514685326;18.442370700896873;0.6119581460952759;-0.23851358890533447;-0.7540385127067566;[];
79.05;MPIB2;18.30000001192093;2.5296065498879727;-0.8491440415382385;-0.526954710483551;-0.03445560485124588;[];
79.05;MPIB1;41.67310005023728;2.3883194609306884;-0.8400413393974304;-0.5424286723136902;0.0037853096146136522;[];
79.1;MPIB4;58.69999998807907;33.152099234699534;0.1816171407699585;-0.5112216472625732;-0.8399900794029236;[];
79.1;MPIB3;57.08762254264445;18.30000001192093;0.5980484485626221;-0.23851358890533447;-0.7651176452636719;[];
79.1;MPIB2;18.30000001192093;2.4983368349532213;-0.8493139743804932;-0.526954710483551;-0.02997755818068981;[];
79.1;MPIB1;41.467717597787896;2.388761054106908;-0.8400413393974304;-0.5424286723136902;0.0037853096146136522;[];
79.15;MPIB4;58.69999998807907;33.152099234699534;0.19038517773151398;-0.5112216472625732;-0.8380463123321533;[];
79.15;MPIB3;57.21720142367553;18.30000001192093;0.5611851811408997;-0.25375300645828247;-0.7878029942512512;[];
79.15;MPIB2;18.30000001192093;2.4983368349532213;-0.8480912446975708;-0.5291529893875122;-0.0255389716476202;[];
79.15;MPIB1;41.25757976666614;2.3892026472831276;-0.8400413393974304;-0.5424286723136902;0.0037853096146136522;[];
79.2;MPIB4;58.69999998807907;33.222849913271176;0.21141785383224487;-0.5313476920127869;-0.8202961683273315;[];
79.2;MPIB3;57.34312173522903;18.219004683196545;0.5441499352455139;-0.25625601410865784;-0.798865556716919;[];
79.2;MPIB2;18.30000001192093;2.4983368349532213;-0.8480912446975708;-0.5291529893875122;-0.0255389716476202;[];
79.2;MPIB1;41.044845498487575;2.389644240459347;-0.8400413393974304;-0.5424286723136902;0.0037853096146136522;[];
79.25;MPIB4;58.69999998807907;33.26775427012305;0.21283119916915894;-0.5358073711395264;-0.8170230388641357;[];
79.25;MPIB3;57.46641382439702;18.09335991290635;0.5375586748123169;-0.2587572932243347;-0.8025131225585938;[];
79.25;MPIB2;18.30000001192093;2.4983368349532213;-0.8480912446975708;-0.5291529893875122;-0.0255389716476202;[];
79.25;MPIB1;40.83069357551153;2.390085833635567;-0.8400413393974304;-0.5424286723136902;0.0037853096146136522;[];
79.3;MPIB4;58.69999998807907;33.31772101113276;0.21888673305511475;-0.5379912257194519;-0.8139821887016296;[];
79.3;MPIB3;57.588270903975854;17.943336544689572;0.5375586748123169;-0.2587572932243347;-0.8025131225585938;[];
79.3;MPIB2;18.30000001192093;2.4983368349532213;-0.8480912446975708;-0.5291529893875122;-0.0255389716476202;[];
79.3;MPIB1;40.61576761292599;2.3905274268117864;-0.8400413393974304;-0.5424286723136902;0.0037853096146136522;[];
79.35;MPIB4;58.69999998807907;33.31772101113276;0.21888673305511475;-0.5379912257194519;-0.8139821887016296;[];
79.35;MPIB3;57.70934446822798;17.78000246045883;0.5375586748123169;-0.2587572932243347;-0.8025131225585938;[];
79.35;MPIB2;18.30000001192093;2.4983368349532213;-0.8453412055969238;-0.533538818359375;-0.025456156581640244;[];
79.35;MPIB1;40.40041902466464;2.390969019988006;-0.8400413393974304;-0.5424286723136902;0.0037853096146136522;[];
79.4;MPIB4;58.69999998807907;33.31772101113276;0.21888673305511475;-0.5379912257194519;-0.8139821887016296;[];
79.4;MPIB3;57.82999023306206;17.60940072444029;0.5375586748123169;-0.2587572932243347;-0.8025131225585938;[];
79.4;MPIB2;18.30000001192093;2.4983368349532213;-0.8454064726829529;-0.533538818359375;-0.023186778649687767;[];
79.4;MPIB1;40.184839682757456;2.3914106131642257;-0.8400413393974304;-0.5424286723136902;0.0037853096146136522;[];
79.45;MPIB4;58.69999998807907;33.359898743316165;0.21888673305511475;-0.5379912257194519;-0.8139821887016296;[];
79.45;MPIB3;57.950402419386705;17.434830850084694;0.5375586748123169;-0.2587572932243347;-0.8025131225585938;[];
79.45;MPIB2;18.30000001192093;2.4983368349532213;-0.8454064726829529;-0.533538818359375;-0.023186778649687767;[];
79.45;MPIB1;39.96913434934504;2.3918522063404453;-0.8400413393974304;-0.5424286723136902;0.0037853096146136522;[];
79.5;MPIB4;58.69999998807907;33.359898743316165;0.2560790479183197;-0.5424286723136902;-0.8000670671463013;[];
79.5;MPIB3;58.070687071830434;17.25809437194542;0.5375586748123169;-0.2587572932243347;-0.8025131225585938;[];
79.5;MPIB2;18.30000001192093;2.4983368349532213;-0.8454064726829529;-0.533538818359375;-0.023186778649687767;[];
79.5;MPIB1;39.75336022456281;2.392293799516665;-0.8400413393974304;-0.5424286723136902;0.0037853096146136522;[];
79.55;MPIB4;58.69999998807907;33.359898743316165;0.2728198766708374;-0.5424286723136902;-0.7945143580436707;[];
79.55;MPIB3;58.136362499693064;17.161596243672875;0.5375586748123169;-0.2587572932243347;-0.8025131225585938;[];
79.55;MPIB2;18.30000001192093;2.4983368349532213;-0.8454064726829529;-0.533538818359375;-0.023186778649687767;[];
79.55;MPIB1;39.53754853968826;2.3927353926928845;-0.8400413393974304;-0.5424286723136902;0.0037853096146136522;[];
79.6;MPIB4;58.69999998807907;33.359898743316165;0.2728198766708374;-0.5424286723136902;-0.7945143580436707;[];
79.6;MPIB3;58.17222128747119;17.108908259516227;0.5375586748123169;-0.2587572932243347;-0.8025131225585938;[];
79.6;MPIB2;18.30000001192093;2.4983368349532213;-0.8454064726829529;-0.533538818359375;-0.023186778649687767;[];
79.6;MPIB1;39.3217163470008;2.393176985869104;-0.8400413393974304;-0.5424286723136902;0.0037853096146136522;[];
79.65;MPIB4;58.791823141276836;33.406714487991536;0.2935193181037903;-0.5424286723136902;-0.7871024012565613;[];
79.65;MPIB3;58.19180018787222;17.080140616825247;0.5375586748123169;-0.2587572932243347;-0.8025131225585938;[];
79.65;MPIB2;18.20203686505556;2.4674670380810824;-0.8454064726829529;-0.533538818359375;-0.023186778649687767;[];
79.65;MPIB1;39.3217163470008;2.393176985869104;-0.8400413393974304;-0.5424286723136902;0.0037853096146136522;[];
79.7;MPIB4;58.93323201575576;33.4610919150887;0.3058583736419678;-0.5424286723136902;-0.7823901772499084;[];
79.7;MPIB3;58.19180018787222;17.080140616825247;0.5375586748123169;-0.2587572932243347;-0.8025131225585938;[];
79.7;MPIB2;18.050585833789;2.4647802241417196;-0.8454064726829529;-0.533538818359375;-0.023186778649687767;[];
79.7;MPIB1;39.3217163470008;2.393176985869104;-0.8400413393974304;-0.5424286723136902;0.0037853096146136522;[];
79.75;MPIB4;59.28497967896149;33.59783751254332;0.3058583736419678;-0.5424286723136902;-0.7823901772499084;[];
79.75;MPIB3;58.19180018787222;17.080140616825247;0.5375586748123169;-0.2587572932243347;-0.8025131225585938;[];
79.75;MPIB2;17.869930414247165;2.462093410202357;-0.8454064726829529;-0.533538818359375;-0.023186778649687767;[];
79.75;MPIB1;39.3217163470008;2.393176985869104;-0.8400413393974304;-0.5424286723136902;0.0037853096146136522;[];
79.8;MPIB4;59.476315797636005;33.672489165848674;0.3058583736419678;-0.5424286723136902;-0.7823901772499084;[];
79.8;MPIB3;58.21151393844684;17.05117483626475;0.5375586748123169;-0.2587572932243347;-0.8025131225585938;[];
79.8;MPIB2;17.67332939685491;2.459406596262994;-0.8454064726829529;-0.533538818359375;-0.023186778649687767;[];
79.8;MPIB1;39.3217163470008;2.393176985869104;-0.8400413393974304;-0.5424286723136902;0.0037853096146136522;[];
79.85;MPIB4;59.5807853305667;33.71324897328776;0.3058583736419678;-0.5424286723136902;-0.7823901772499084;[];
79.85;MPIB3;58.21151393844684;17.05117483626475;0.5375586748123169;-0.2587572932243347;-0.8025131225585938;[];
79.85;MPIB2;17.468022082025072;2.4567197823236313;-0.8454064726829529;-0.533538818359375;-0.023186778649687767;[];
79.85;MPIB1;39.3217163470008;2.393176985869104;-0.8400413393974304;-0.5424286723136902;0.0037853096146136522;[];
79.9;MPIB4;59.5807853305667;33.71324897328776;0.3058583736419678;-0.5424286723136902;-0.7823901772499084;[];
79.9;MPIB3;58.21151393844684;17.05117483626475;0.5375586748123169;-0.2587572932243347;-0.8025131225585938;[];
79.9;MPIB2;17.257961128242187;2.4540329683842685;-0.8454064726829529;-0.533538818359375;-0.023186778649687767;[];
79.9;MPIB1;39.3217163470008;2.393176985869104;-0.8400413393974304;-0.5424286723136902;0.0037853096146136522;[];
79.95;MPIB4;59.66896974868634;33.747654984311765;0.17718879878520966;-0.5598674416542053;-0.8093600273132324;[];
79.95;MPIB3;58.21151393844684;17.05117483626475;0.5375586748123169;-0.2587572932243347;-0.8025131225585938;[];
79.95;MPIB2;17.143267834154813;2.4540329683842685;-0.8454064726829529;-0.533538818359375;-0.023186778649687767;[];
79.95;MPIB1;39.3217163470008;2.393176985869104;-0.8400413393974304;-0.5424286723136902;0.0037853096146136522;[];
80.0;MPIB4;59.66896974868634;33.747654984311765;0.10457345098257065;-0.5598674416542053;-0.8219025731086731;[];
80.0;MPIB3;58.21151393844684;17.05117483626475;0.5375586748123169;-0.2587572932243347;-0.8025131225585938;[];
80.0;MPIB2;17.08064528830937;2.4540329683842685;-0.8454064726829529;-0.533538818359375;-0.023186778649687767;[];
80.0;MPIB1;39.3217163470008;2.393176985869104;-0.8400413393974304;-0.5424286723136902;0.0037853096146136522;[];
80.05;MPIB4;59.66896974868634;33.747654984311765;-0.025433147326111794;-0.5511781573295593;-0.8339470028877258;[];
80.05;MPIB3;58.21151393844684;17.05117483626475;0.5375586748123169;-0.2587572932243347;-0.8025131225585938;[];
80.05;MPIB2;17.046453374306225;2.4540329683842685;-0.8454064726829529;-0.533538818359375;-0.023186778649687767;[];
80.05;MPIB1;39.3217163470008;2.393176985869104;-0.8400413393974304;-0.5424286723136902;0.0037853096146136522;[];
80.1;MPIB4;59.66896974868634;33.747654984311765;-0.025433147326111794;-0.5511781573295593;-0.8339470028877258;[];
80.1;MPIB3;58.21151393844684;17.05117483626475;0.5375586748123169;-0.2587572932243347;-0.8025131225585938;[];
80.1;MPIB2;17.046453374306225;2.4540329683842685;-0.8454064726829529;-0.533538818359375;-0.023186778649687767;[];
80.1;MPIB1;39.3217163470008;2.393176985869104;-0.8400413393974304;-0.5424286723136902;0.0037853096146136522;[];
80.15;MPIB4;59.7003283006116;33.75791196907693;-0.11461465060710907;-0.526954710483551;-0.8420785665512085;[];
80.15;MPIB3;58.21151393844684;17.05117483626475;0.5375586748123169;-0.2587572932243347;-0.8025131225585938;[];
80.15;MPIB2;17.046453374306225;2.4540329683842685;-0.8454064726829529;-0.533538818359375;-0.023186778649687767;[];
80.15;MPIB1;39.3217163470008;2.393176985869104;-0.8400413393974304;-0.5424286723136902;0.0037853096146136522;[];
80.2;MPIB4;59.7003283006116;33.75791196907693;-0.1257929503917694;-0.5246713161468506;-0.841908872127533;[];
80.2;MPIB3;58.21151393844684;17.05117483626475;0.5375586748123169;-0.2587572932243347;-0.8025131225585938;[];
80.2;MPIB2;17.012025962627263;2.4540329683842685;-0.8454064726829529;-0.533538818359375;-0.023186778649687767;[];
80.2;MPIB1;39.3217163470008;2.393176985869104;-0.840028703212738;-0.5424286723136902;0.005959819070994854;[];
80.25;MPIB4;59.7003283006116;33.75791196907693;-0.1240060105919838;-0.5202569365501404;-0.8449082970619202;[];
80.25;MPIB3;58.21151393844684;17.05117483626475;0.5375586748123169;-0.2587572932243347;-0.8025131225585938;[];
80.25;MPIB2;17.012025962627263;2.4540329683842685;-0.8454064726829529;-0.533538818359375;-0.023186778649687767;[];
80.25;MPIB1;39.3217163470008;2.393176985869104;-0.8399559259414673;-0.5424286723136902;0.012563580647110939;[];
80.3;MPIB4;59.7003283006116;33.75791196907693;-0.10971289128065109;-0.5044492483139038;-0.8563938736915588;[];
80.3;MPIB3;58.21151393844684;17.05117483626475;0.5375586748123169;-0.2587572932243347;-0.8025131225585938;[];
80.3;MPIB2;17.012025962627263;2.4540329683842685;-0.8426903486251831;-0.5379912257194519;-0.018746819347143173;[];
80.3;MPIB1;39.3217163470008;2.393176985869104;-0.8399205803871155;-0.5424286723136902;0.014737838879227638;[];
80.35;MPIB4;59.7003283006116;33.75791196907693;-0.09068973362445831;-0.48403051495552063;-0.8702922463417053;[];
80.35;MPIB3;58.21151393844684;17.05117483626475;0.5375586748123169;-0.2587572932243347;-0.8025131225585938;[];
80.35;MPIB2;17.012025962627263;2.4540329683842685;-0.8426903486251831;-0.5379912257194519;-0.018746819347143173;[];
80.35;MPIB1;39.3217163470008;2.393176985869104;-0.8398779630661011;-0.5424286723136902;0.016992520540952682;[];
80.4;MPIB4;59.7003283006116;33.75791196907693;-0.09068973362445831;-0.48403051495552063;-0.8702922463417053;[];
80.4;MPIB3;58.21151393844684;17.05117483626475;0.5375586748123169;-0.2587572932243347;-0.8025131225585938;[];
80.4;MPIB2;17.012025962627263;2.4540329683842685;-0.8426903486251831;-0.5379912257194519;-0.018746819347143173;[];
80.4;MPIB1;39.3217163470008;2.393176985869104;-0.8413310050964355;-0.5401714444160461;0.017021918669342995;[];
80.45;MPIB4;59.7003283006116;33.75791196907693;-0.0753796249628067;-0.47021257877349854;-0.8792829513549805;[];
80.45;MPIB3;58.21151393844684;17.05117483626475;0.5375586748123169;-0.2587572932243347;-0.8025131225585938;[];
80.45;MPIB2;17.012025962627263;2.4540329683842685;-0.8426903486251831;-0.5379912257194519;-0.018746819347143173;[];
80.45;MPIB1;39.3217163470008;2.393176985869104;-0.8413310050964355;-0.5401714444160461;0.017021918669342995;[];
80.5;MPIB4;59.7003283006116;33.75791196907693;-0.07320386916399002;-0.46792641282081604;-0.8806853890419006;[];
80.5;MPIB3;58.21151393844684;17.05117483626475;0.5375586748123169;-0.2587572932243347;-0.8025131225585938;[];
80.5;MPIB2;17.012025962627263;2.4540329683842685;-0.8426903486251831;-0.5379912257194519;-0.018746819347143173;[];
80.5;MPIB1;39.3217163470008;2.393176985869104;-0.844016432762146;-0.5358073711395264;0.02144816517829895;[];
80.55;MPIB4;59.7003283006116;33.75791196907693;-0.07320386916399002;-0.46792641282081604;-0.8806853890419006;[];
80.55;MPIB3;58.21151393844684;17.05117483626475;0.5375586748123169;-0.2587572932243347;-0.8025131225585938;[];
80.55;MPIB2;16.91101147233485;2.451853361566606;-0.8426903486251831;-0.5379912257194519;-0.018746819347143173;[];
80.55;MPIB1;39.3217163470008;2.393176985869104;-0.8481409549713135;-0.5291529893875122;0.02383141592144966;[];
80.6;MPIB4;59.7003283006116;33.75791196907693;-0.07103628665208817;-0.4632597863674164;-0.8833264112472534;[];
80.6;MPIB3;58.21151393844684;17.05117483626475;0.5375586748123169;-0.2587572932243347;-0.8025131225585938;[];
80.6;MPIB2;16.759540963118866;2.449673754748943;-0.8426903486251831;-0.5379912257194519;-0.018746819347143173;[];
80.6;MPIB1;39.30000001192093;2.415856476837689;-0.8495075702667236;-0.526954710483551;0.023869816213846207;[];
80.65;MPIB4;59.7003283006116;33.75791196907693;-0.07103628665208817;-0.4632597863674164;-0.8833264112472534;[];
80.65;MPIB3;58.21151393844684;17.05117483626475;0.5375586748123169;-0.2587572932243347;-0.8025131225585938;[];
80.65;MPIB2;16.578862309683586;2.4474941479312804;-0.8426903486251831;-0.5379912257194519;-0.018746819347143173;[];
80.65;MPIB1;39.30000001192093;2.415856476837689;-0.8508539795875549;-0.5246713161468506;0.026112066581845284;[];
80.7;MPIB4;59.7003283006116;33.75791196907693;-0.06884229183197021;-0.460964173078537;-0.8847001791000366;[];
80.7;MPIB3;58.21151393844684;17.05117483626475;0.5375586748123169;-0.2587572932243347;-0.8025131225585938;[];
80.7;MPIB2;16.410525258681787;2.375773927782717;-0.8414161801338196;-0.5401714444160461;-0.01210129912942648;[];
80.7;MPIB1;39.30000001192093;2.415856476837689;-0.852138340473175;-0.5224658846855164;0.02835957705974579;[];
80.75;MPIB4;59.7003283006116;33.75791196907693;-0.06884229183197021;-0.460964173078537;-0.8847001791000366;[];
80.75;MPIB3;58.21151393844684;17.05117483626475;0.5375586748123169;-0.2587572932243347;-0.8025131225585938;[];
80.75;MPIB2;16.246526541203707;2.2673073408614925;-0.8398876190185547;-0.5424286723136902;0.016509385779500008;[];
80.75;MPIB1;39.30000001192093;2.415856476837689;-0.852138340473175;-0.5224658846855164;0.02835957705974579;[];
80.8;MPIB4;59.7003283006116;33.75791196907693;-0.06884229183197021;-0.460964173078537;-0.8847001791000366;[];
80.8;MPIB3;58.21151393844684;17.05117483626475;0.5375586748123169;-0.2587572932243347;-0.8025131225585938;[];
80.8;MPIB2;16.15120826508462;2.110254892908472;-0.834306538105011;-0.5490164160728455;0.0492497943341732;[];
80.8;MPIB1;39.30000001192093;2.415856476837689;-0.852138340473175;-0.5224658846855164;0.02835957705974579;[];
80.85;MPIB4;59.68097153538167;33.50915596453734;-0.06884229183197021;-0.460964173078537;-0.8847001791000366;[];
80.85;MPIB3;58.21151393844684;17.05117483626475;0.5375586748123169;-0.2587572932243347;-0.8025131225585938;[];
80.85;MPIB2;16.099164480278546;2.0245042463659786;-0.8238750100135803;-0.5598674416542053;0.08768966048955917;[];
80.85;MPIB1;39.30000001192093;2.415856476837689;-0.852138340473175;-0.5224658846855164;0.02835957705974579;[];
80.9;MPIB4;59.674553877329856;33.42668190668158;-0.06884229183197021;-0.460964173078537;-0.8847001791000366;[];
80.9;MPIB3;58.21151393844684;17.05117483626475;0.5375586748123169;-0.2587572932243347;-0.8025131225585938;[];
80.9;MPIB2;16.070748570473825;1.9776843879155308;-0.8101310133934021;-0.5707020163536072;0.13377976417541504;[];
80.9;MPIB1;39.30000001192093;2.415856476837689;-0.852138340473175;-0.5224658846855164;0.02835957705974579;[];
80.95;MPIB4;59.67104983562655;33.38165106586189;-0.06865619122982025;-0.46555230021476746;-0.8823085427284241;[];
80.95;MPIB3;58.21151393844684;17.05117483626475;0.5375586748123169;-0.2587572932243347;-0.8025131225585938;[];
80.95;MPIB2;16.070748570473825;1.9776843879155308;-0.7952462434768677;-0.5771399736404419;0.18547900021076202;[];
80.95;MPIB1;39.30000001192093;2.415856476837689;-0.852138340473175;-0.5224658846855164;0.02835957705974579;[];
81.0;MPIB4;59.67104983562655;33.38165106586189;-0.06837008148431778;-0.47249555587768555;-0.8786317110061646;[];
81.0;MPIB3;58.21151393844684;17.05117483626475;0.5375586748123169;-0.2587572932243347;-0.8025131225585938;[];
81.0;MPIB2;16.0467622425831;1.9381629900680082;-0.7637158632278442;-0.5834643840789795;0.2760733962059021;[];
81.0;MPIB1;39.30000001192093;2.415856476837689;-0.852138340473175;-0.5224658846855164;0.02835957705974579;[];
81.05;MPIB4;59.67104983562655;33.34363980665816;-0.06837008148431778;-0.47249555587768555;-0.8786317110061646;[];
81.05;MPIB3;58.21151393844684;17.05117483626475;0.5375586748123169;-0.2587572932243347;-0.8025131225585938;[];
81.05;MPIB2;16.0467622425831;1.9381629900680082;-0.7181653380393982;-0.5834643840789795;0.37910017371177673;[];
81.05;MPIB1;39.30000001192093;2.415856476837689;-0.852138340473175;-0.5224658846855164;0.02835957705974579;[];
81.1;MPIB4;59.67104983562655;33.34363980665816;-0.06837008148431778;-0.47249555587768555;-0.8786317110061646;[];
81.1;MPIB3;58.21151393844684;17.05117483626475;0.5375586748123169;-0.2587572932243347;-0.8025131225585938;[];
81.1;MPIB2;16.0467622425831;1.9381629900680082;-0.6999307870864868;-0.5792520046234131;0.4177002012729645;[];
81.1;MPIB1;39.30000001192093;2.4481997503544335;-0.852138340473175;-0.5224658846855164;0.02835957705974579;[];
81.15;MPIB4;59.67104983562655;33.34363980665816;-0.06837008148431778;-0.47249555587768555;-0.8786317110061646;[];
81.15;MPIB3;58.21151393844684;17.05117483626475;0.5375586748123169;-0.2587572932243347;-0.8025131225585938;[];
81.15;MPIB2;16.0467622425831;1.9381629900680082;-0.6999307870864868;-0.5792520046234131;0.4177002012729645;[];
81.15;MPIB1;39.30000001192093;2.4481997503544335;-0.8539384603500366;-0.5202569365501404;0.006058505270630121;[];
81.2;MPIB4;59.67104983562655;33.34363980665816;-0.06837008148431778;-0.47249555587768555;-0.8786317110061646;[];
81.2;MPIB3;58.21151393844684;17.05117483626475;0.5375586748123169;-0.2587572932243347;-0.8025131225585938;[];
81.2;MPIB2;16.0467622425831;1.9381629900680082;-0.7001305818557739;-0.5771399736404419;0.4202810525894165;[];
81.2;MPIB1;39.30000001192093;2.4481997503544335;-0.8552373647689819;-0.5179625153541565;-0.014104394242167473;[];
81.25;MPIB4;59.66344702150724;33.30000001192093;-0.06837008148431778;-0.47249555587768555;-0.8786317110061646;[];
81.25;MPIB3;58.21151393844684;17.05117483626475;0.5375586748123169;-0.2587572932243347;-0.8025131225585938;[];
81.25;MPIB2;15.991698481680942;1.8423574612363325;-0.7001305818557739;-0.5771399736404419;0.4202810525894165;[];
81.25;MPIB1;39.30000001192093;2.4481997503544335;-0.8552373647689819;-0.5179625153541565;-0.014104394242167473;[];
81.3;MPIB4;59.66344702150724;33.30000001192093;-0.06837008148431778;-0.47249555587768555;-0.8786317110061646;[];
81.3;MPIB3;58.21151393844684;17.05117483626475;0.5375586748123169;-0.2587572932243347;-0.8025131225585938;[];
81.3;MPIB2;15.913720613620626;1.7124570243342134;-0.7001305818557739;-0.5771399736404419;0.4202810525894165;[];
81.3;MPIB1;39.30000001192093;2.4481997503544335;-0.8552373647689819;-0.5179625153541565;-0.014104394242167473;[];
81.35;MPIB4;59.66344702150724;33.30000001192093;-0.06837008148431778;-0.47249555587768555;-0.8786317110061646;[];
81.35;MPIB3;58.21151393844684;17.05117483626475;0.5375586748123169;-0.2587572932243347;-0.8025131225585938;[];
81.35;MPIB2;15.820047232623324;1.5579069400961032;-0.6968048810958862;-0.5771399736404419;0.42577219009399414;[];
81.35;MPIB1;39.30000001192093;2.4481997503544335;-0.8552373647689819;-0.5179625153541565;-0.014104394242167473;[];
81.4;MPIB4;59.62241460541158;33.30000001192093;-0.06837008148431778;-0.47249555587768555;-0.8786317110061646;[];
81.4;MPIB3;58.21151393844684;17.05117483626475;0.5375586748123169;-0.2587572932243347;-0.8025131225585938;[];
81.4;MPIB2;15.715846210920631;1.3911264197641628;-0.6891197562217712;-0.5728257298469543;0.4437280297279358;[];
81.4;MPIB1;39.30000001192093;2.4481997503544335;-0.8552373647689819;-0.5179625153541565;-0.014104394242167473;[];
81.45;MPIB4;59.60648092624821;33.20229537785053;-0.06837008148431778;-0.47249555587768555;-0.8786317110061646;[];
81.45;MPIB3;58.21151393844684;17.05117483626475;0.5375586748123169;-0.2587572932243347;-0.8025131225585938;[];
81.45;MPIB2;15.6043972501476;1.2186533825803565;-0.6808791756629944;-0.5728257298469543;0.4562720060348511;[];
81.45;MPIB1;39.20201334357262;2.4391991688398775;-0.8552373647689819;-0.5179625153541565;-0.014104394242167473;[];
81.5;MPIB4;59.5901783222952;33.05124400738134;-0.0675852820277214;-0.4908948540687561;-0.868546187877655;[];
81.5;MPIB3;58.21151393844684;17.05117483626475;0.5375586748123169;-0.2587572932243347;-0.8025131225585938;[];
81.5;MPIB2;15.487086191879257;1.0443814394063509;-0.6711395382881165;-0.5707020163536072;0.4730549454689026;[];
81.5;MPIB1;39.050525948091945;2.4375831934385133;-0.8552373647689819;-0.5179625153541565;-0.014104394242167473;[];
81.55;MPIB4;59.57469571947097;32.870991204529986;-0.05789167061448097;-0.5067653059959412;-0.8600893616676331;[];
81.55;MPIB3;58.21151393844684;17.05117483626475;0.5375586748123169;-0.2587572932243347;-0.8025131225585938;[];
81.55;MPIB2;15.423034346624945;0.9492289473811297;-0.6420464515686035;-0.5620104074478149;0.5213746428489685;[];
81.55;MPIB1;38.869827152203925;2.435967218037149;-0.8552373647689819;-0.5179625153541565;-0.014104394242167473;[];
81.6;MPIB4;59.57469571947097;32.870991204529986;-0.05789167061448097;-0.5067653059959412;-0.8600893616676331;[];
81.6;MPIB3;58.21151393844684;17.05117483626475;0.5375586748123169;-0.2587572932243347;-0.8025131225585938;[];
81.6;MPIB2;15.388062035053963;0.925000011920929;-0.5819368958473206;-0.5358073711395264;0.6116969585418701;[];
81.6;MPIB1;38.673178929841015;2.4343512426357847;-0.8552373647689819;-0.5179625153541565;-0.014104394242167473;[];
81.65;MPIB4;59.54733054280362;32.46974881411313;-0.0396997407078743;-0.5112216472625732;-0.8584824204444885;[];
81.65;MPIB3;58.21151393844684;17.05117483626475;0.5371840000152588;-0.2612568736076355;-0.8019537329673767;[];
81.65;MPIB2;15.388062035053963;0.925000011920929;-0.5486689209938049;-0.5157464742660522;0.6579385995864868;[];
81.65;MPIB1;38.46782231961129;2.4327352672344205;-0.8552373647689819;-0.5179625153541565;-0.014104394242167473;[];
81.7;MPIB4;59.54733054280362;32.46974881411313;-0.0396997407078743;-0.5112216472625732;-0.8584824204444885;[];
81.7;MPIB3;58.21151393844684;17.05117483626475;0.5367916226387024;-0.26384714245796204;-0.801367998123169;[];
81.7;MPIB2;15.388062035053963;0.925000011920929;-0.5138570666313171;-0.5044492483139038;0.6938287019729614;[];
81.7;MPIB1;38.25771092905393;2.431119291833056;-0.8552373647689819;-0.5179625153541565;-0.014104394242167473;[];
81.75;MPIB4;59.53321403278636;32.0472222936811;0.0030858090613037348;-0.49314841628074646;-0.869892418384552;[];
81.75;MPIB3;58.21151393844684;17.05117483626475;0.5367916226387024;-0.26384714245796204;-0.801367998123169;[];
81.75;MPIB2;15.352848850798978;0.925000011920929;-0.4917850196361542;-0.49314841628074646;0.7175443172454834;[];
81.75;MPIB1;38.04500342813617;2.429503316431692;-0.8552373647689819;-0.5179625153541565;-0.014104394242167473;[];
81.8;MPIB4;59.53560968013147;31.833165174613413;0.0215134397149086;-0.47477537393569946;-0.879798412322998;[];
81.8;MPIB3;58.21151393844684;17.05117483626475;0.5360239148139954;-0.2688373327255249;-0.8002219200134277;[];
81.8;MPIB2;15.352848850798978;0.925000011920929;-0.47730985283851624;-0.4908948540687561;0.728776752948761;[];
81.8;MPIB1;37.830878450796945;2.4278873410303277;-0.8552373647689819;-0.5179625153541565;-0.014104394242167473;[];
81.85;MPIB4;59.5382589254495;31.6183257989816;0.023956159129738808;-0.4632597863674164;-0.8858543038368225;[];
81.85;MPIB3;58.21151393844684;17.05117483626475;0.5360239148139954;-0.2688373327255249;-0.8002219200134277;[];
81.85;MPIB2;15.352848850798978;0.925000011920929;-0.4600892663002014;-0.48403051495552063;0.7442789077758789;[];
81.85;MPIB1;37.61597953124169;2.4262713656289634;-0.8552373647689819;-0.5179625153541565;-0.014104394242167473;[];
81.9;MPIB4;59.54090817076752;31.40305931121617;0.023988502100110054;-0.460964173078537;-0.8870503306388855;[];
81.9;MPIB3;58.21151393844684;17.05117483626475;0.5360239148139954;-0.2688373327255249;-0.8002219200134277;[];
81.9;MPIB2;15.352848850798978;0.925000011920929;-0.44110608100891113;-0.4816797375679016;0.7571849822998047;[];
81.9;MPIB1;37.40065803918742;2.424655390227599;-0.8552373647689819;-0.5179625153541565;-0.014104394242167473;[];
81.95;MPIB4;59.61350452704022;31.216750495788546;0.024021873250603676;-0.45858025550842285;-0.8882843255996704;[];
81.95;MPIB3;58.21151393844684;17.05117483626475;0.5360239148139954;-0.2688373327255249;-0.8002219200134277;[];
81.95;MPIB2;15.352848850798978;0.925000011920929;-0.42837750911712646;-0.4771362841129303;0.7673025727272034;[];
81.95;MPIB1;37.18510582252202;2.423039414826235;-0.8552373647689819;-0.5179625153541565;-0.014104394242167473;[];
82.0;MPIB4;59.72410319285835;31.044566482553023;0.003117329441010952;-0.4771362841129303;-0.8787780404090881;[];
82.0;MPIB3;58.21151393844684;17.05117483626475;0.5360239148139954;-0.2688373327255249;-0.8002219200134277;[];
82.0;MPIB2;15.352848850798978;0.925000011920929;-0.4182625412940979;-0.4771362841129303;0.7728629112243652;[];
82.0;MPIB1;36.96942763020411;2.4214234394248706;-0.8552373647689819;-0.5179625153541565;-0.014104394242167473;[];
82.05;MPIB4;59.85376976447621;30.8784407472304;-0.017299186438322067;-0.5044492483139038;-0.8632196187973022;[];
82.05;MPIB3;58.21151393844684;17.05117483626475;0.5360239148139954;-0.2688373327255249;-0.8002219200134277;[];
82.05;MPIB2;15.352848850798978;0.925000011920929;-0.4060593843460083;-0.4771362841129303;0.7793435454368591;[];
82.05;MPIB1;36.75368065517205;2.4198074640235063;-0.8552373647689819;-0.5179625153541565;-0.014104394242167473;[];
82.1;MPIB4;59.99095997861258;30.712955978664183;-0.050405073910951614;-0.526954710483551;-0.8483467698097229;[];
82.1;MPIB3;58.21151393844684;17.05117483626475;0.5360239148139954;-0.2688373327255249;-0.8002219200134277;[];
82.1;MPIB2;15.352848850798978;0.925000011920929;-0.3902498781681061;-0.47477537393569946;0.7888048887252808;[];
82.1;MPIB1;36.537896124773624;2.418191488622142;-0.8552373647689819;-0.5179625153541565;-0.014104394242167473;[];
82.15;MPIB4;60.16199925516217;30.603565377069856;-0.16007661819458008;-0.5663641095161438;-0.8084044456481934;[];
82.15;MPIB3;58.21151393844684;17.05117483626475;0.5360239148139954;-0.2688373327255249;-0.8002219200134277;[];
82.15;MPIB2;15.260057060704867;0.925000011920929;-0.35527941584587097;-0.47249555587768555;0.8065015077590942;[];
82.15;MPIB1;36.32209108914299;2.416575513220778;-0.8552373647689819;-0.5179625153541565;-0.014104394242167473;[];
82.2;MPIB4;60.34644296104122;30.507606103307666;-0.29388853907585144;-0.606654942035675;-0.7385843992233276;[];
82.2;MPIB3;58.21151393844684;17.05117483626475;0.5360239148139954;-0.2688373327255249;-0.8002219200134277;[];
82.2;MPIB2;15.120795995658455;0.925000011920929;-0.34350156784057617;-0.46792641282081604;0.8142310380935669;[];
82.2;MPIB1;36.32209108914299;2.416575513220778;-0.8552373647689819;-0.5179625153541565;-0.014104394242167473;[];
82.25;MPIB4;60.535305690413594;30.412405350753772;-0.34443172812461853;-0.61492919921875;-0.7093207240104675;[];
82.25;MPIB3;58.21151393844684;17.05117483626475;0.5360239148139954;-0.2688373327255249;-0.8002219200134277;[];
82.25;MPIB2;15.044759445311229;0.925000011920929;-0.3349740505218506;-0.46792641282081604;0.8177762031555176;[];
82.25;MPIB1;36.32209108914299;2.416575513220778;-0.8552373647689819;-0.5179625153541565;-0.014104394242167473;[];
82.3;MPIB4;60.63842475262845;30.360425733821785;-0.471914678812027;-0.6024546027183533;-0.6436247825622559;[];
82.3;MPIB3;58.21151393844684;17.05117483626475;0.5360239148139954;-0.2688373327255249;-0.8002219200134277;[];
82.3;MPIB2;15.003243483999427;0.925000011920929;-0.33544906973838806;-0.46555230021476746;0.8189358711242676;[];
82.3;MPIB1;36.32209108914299;2.416575513220778;-0.8552373647689819;-0.5179625153541565;-0.014104394242167473;[];
82.35;MPIB4;60.63842475262845;30.360425733821785;-0.471914678812027;-0.6024546027183533;-0.6436247825622559;[];
82.35;MPIB3;58.21151393844684;17.05117483626475;0.5360239148139954;-0.2688373327255249;-0.8002219200134277;[];
82.35;MPIB2;15.003243483999427;0.925000011920929;-0.3311261236667633;-0.46555230021476746;0.82069331407547;[];
82.35;MPIB1;36.32209108914299;2.416575513220778;-0.8552373647689819;-0.5179625153541565;-0.014104394242167473;[];
82.4;MPIB4;60.72546921663016;30.316548900599315;-0.5579728484153748;-0.5749456286430359;-0.5983424186706543;[];
82.4;MPIB3;58.21151393844684;17.05117483626475;0.5360239148139954;-0.2688373327255249;-0.8002219200134277;[];
82.4;MPIB2;14.968199191292797;0.925000011920929;-0.3160429894924164;-0.46555230021476746;0.8266189098358154;[];
82.4;MPIB1;36.32209108914299;2.416575513220778;-0.8552373647689819;-0.5179625153541565;-0.014104394242167473;[];
82.45;MPIB4;60.72546921663016;30.316548900599315;-0.5805597305297852;-0.5728257298469543;-0.578559398651123;[];
82.45;MPIB3;58.21151393844684;17.05117483626475;0.5360239148139954;-0.2688373327255249;-0.8002219200134277;[];
82.45;MPIB2;14.968199191292797;0.925000011920929;-0.2964611351490021;-0.46555230021476746;0.8338422179222107;[];
82.45;MPIB1;36.32209108914299;2.416575513220778;-0.8552373647689819;-0.5179625153541565;-0.014104394242167473;[];
82.5;MPIB4;60.72546921663016;30.316548900599315;-0.5805597305297852;-0.5728257298469543;-0.578559398651123;[];
82.5;MPIB3;58.21151393844684;17.05117483626475;0.5360239148139954;-0.2688373327255249;-0.8002219200134277;[];
82.5;MPIB2;14.968199191292797;0.925000011920929;-0.27671438455581665;-0.46555230021476746;0.8406016826629639;[];
82.5;MPIB1;36.32209108914299;2.416575513220778;-0.8552373647689819;-0.5179625153541565;-0.014104394242167473;[];
82.55;MPIB4;60.83866934823244;30.085940355719742;-0.6649337410926819;-0.5642287731170654;-0.489305317401886;[];
82.55;MPIB3;58.21151393844684;17.05117483626475;0.5338737964630127;-0.2688373327255249;-0.8016579747200012;[];
82.55;MPIB2;14.968199191292797;0.925000011920929;-0.25496652722358704;-0.4632597863674164;0.8487071394920349;[];
82.55;MPIB1;36.32209108914299;2.416575513220778;-0.8552373647689819;-0.5179625153541565;-0.014104394242167473;[];
82.6;MPIB4;60.82919731181832;29.910810898537136;-0.7037839293479919;-0.5598674416542053;-0.43720442056655884;[];
82.6;MPIB3;58.21151393844684;17.05117483626475;0.4632098376750946;-0.29651716351509094;-0.8351406455039978;[];
82.6;MPIB2;14.968199191292797;0.925000011920929;-0.23231981694698334;-0.44926875829696655;0.862617015838623;[];
82.6;MPIB1;36.32209108914299;2.416575513220778;-0.8552373647689819;-0.5179625153541565;-0.014104394242167473;[];
82.65;MPIB4;60.73583222234468;29.772459302418525;-0.7559880018234253;-0.5424286723136902;-0.36628663539886475;[];
82.65;MPIB3;58.21151393844684;17.05117483626475;0.315557062625885;-0.31395483016967773;-0.8954322934150696;[];
82.65;MPIB2;14.933511751101832;1.019954800605774;-0.22352957725524902;-0.42807504534721375;0.8756210207939148;[];
82.65;MPIB1;36.32209108914299;2.416575513220778;-0.8552373647689819;-0.5179625153541565;-0.014104394242167473;[];
82.7;MPIB4;60.68485487757093;29.69691932216361;-0.767534613609314;-0.5401714444160461;-0.3449901342391968;[];
82.7;MPIB3;58.21151393844684;17.05117483626475;0.21593455970287323;-0.3064810633659363;-0.9270305633544922;[];
82.7;MPIB2;14.896774563058102;1.1669402878303572;-0.21882161498069763;-0.4090942442417145;0.8858258724212646;[];
82.7;MPIB1;36.32209108914299;2.416575513220778;-0.8552373647689819;-0.5179625153541565;-0.014104394242167473;[];
82.75;MPIB4;60.65702124409151;29.65567448815372;-0.7754570245742798;-0.5401714444160461;-0.3267935812473297;[];
82.75;MPIB3;58.21151393844684;17.05117483626475;0.21593455970287323;-0.3064810633659363;-0.9270305633544922;[];
82.75;MPIB2;14.853962683267923;1.3425163637262472;-0.21355491876602173;-0.39231711626052856;0.8946576714515686;[];
82.75;MPIB1;36.32209108914299;2.416575513220778;-0.8552373647689819;-0.5179625153541565;-0.014104394242167473;[];
82.8;MPIB4;60.65702124409151;29.65567448815372;-0.7980128526687622;-0.5401714444160461;-0.26702648401260376;[];
82.8;MPIB3;58.21151393844684;17.05117483626475;0.21593455970287323;-0.3064810633659363;-0.9270305633544922;[];
82.8;MPIB2;14.808840542683583;1.533937558885782;-0.2061048299074173;-0.3705158829689026;0.9056339263916016;[];
82.8;MPIB1;36.30000001192093;2.3955678330030423;-0.8552373647689819;-0.5179625153541565;-0.014104394242167473;[];
82.85;MPIB4;60.633526425040614;29.62085905837654;-0.8180750608444214;-0.5401714444160461;-0.19718235731124878;[];
82.85;MPIB3;58.21151393844684;17.05117483626475;0.21593455970287323;-0.3064810633659363;-0.9270305633544922;[];
82.85;MPIB2;14.764707330081706;1.734494597116253;-0.18609648942947388;-0.3534461557865143;0.9167227149009705;[];
82.85;MPIB1;36.30000001192093;2.3955678330030423;-0.8552373647689819;-0.5179625153541565;-0.014104394242167473;[];
82.9;MPIB4;60.633526425040614;29.62085905837654;-0.8261303305625916;-0.5379912257194519;-0.1672937422990799;[];
82.9;MPIB3;58.21151393844684;17.05117483626475;0.21593455970287323;-0.3064810633659363;-0.9270305633544922;[];
82.9;MPIB2;14.722626502829257;1.9403344692548785;-0.17199988663196564;-0.3485085368156433;0.9213550686836243;[];
82.9;MPIB1;36.30000001192093;2.3955678330030423;-0.8552373647689819;-0.5179625153541565;-0.014104394242167473;[];
82.95;MPIB4;60.633526425040614;29.62085905837654;-0.8486642837524414;-0.5157464742660522;-0.11700308322906494;[];
82.95;MPIB3;58.21151393844684;17.05117483626475;0.21593455970287323;-0.3064810633659363;-0.9270305633544922;[];
82.95;MPIB2;14.682933135716894;2.149286674852249;-0.1600370556116104;-0.34608107805252075;0.9244208335876465;[];
82.95;MPIB1;36.30000001192093;2.3955678330030423;-0.8552373647689819;-0.5179625153541565;-0.014104394242167473;[];
83.0;MPIB4;60.633526425040614;29.62085905837654;-0.8585873246192932;-0.5044492483139038;-0.0909680649638176;[];
83.0;MPIB3;58.21151393844684;17.05117483626475;0.1362428516149521;-0.28146493434906006;-0.9498229622840881;[];
83.0;MPIB2;14.645553328286155;2.360107633467692;-0.15065854787826538;-0.3411290943622589;0.9278315305709839;[];
83.0;MPIB1;36.30000001192093;2.3955678330030423;-0.8552373647689819;-0.5179625153541565;-0.014104394242167473;[];
83.05;MPIB4;60.53139192902822;29.601678791866505;-0.8702178001403809;-0.48629406094551086;-0.07847001403570175;[];
83.05;MPIB3;58.21151393844684;17.05117483626475;0.036478158086538315;-0.2587572932243347;-0.9652284979820251;[];
83.05;MPIB2;14.609947020441268;2.5720304108989183;-0.14590045809745789;-0.33869463205337524;0.929482638835907;[];
83.05;MPIB1;36.30000001192093;2.3955678330030423;-0.8552373647689819;-0.5179625153541565;-0.014104394242167473;[];
83.1;MPIB4;60.380451121158146;29.588586884108878;-0.8756364583969116;-0.4771362841129303;-0.07430597394704819;[];
83.1;MPIB3;58.21151393844684;17.05117483626475;-0.06463547050952911;-0.25625601410865784;-0.9644209146499634;[];
83.1;MPIB2;14.57682380053484;2.7847804372079565;-0.131357803940773;-0.33869463205337524;0.9316490888595581;[];
83.1;MPIB1;36.30000001192093;2.3955678330030423;-0.8552373647689819;-0.5179625153541565;-0.014104394242167473;[];
83.15;MPIB4;60.30000001192093;29.581438701642924;-0.8770994544029236;-0.47477537393569946;-0.0721438080072403;[];
83.15;MPIB3;58.21151393844684;17.05117483626475;-0.1898941695690155;-0.2587572932243347;-0.9470674991607666;[];
83.15;MPIB2;14.546844856809912;2.9982175425507194;-0.11418694257736206;-0.33869463205337524;0.9339091181755066;[];
83.15;MPIB1;36.30000001192093;2.3955678330030423;-0.8552373647689819;-0.5179625153541565;-0.014104394242167473;[];
83.2;MPIB4;60.30000001192093;29.581438701642924;-0.8770994544029236;-0.47477537393569946;-0.0721438080072403;[];
83.2;MPIB3;58.21151393844684;17.05117483626475;-0.3242852985858917;-0.2789800465106964;-0.9038571715354919;[];
83.2;MPIB2;14.520618245371907;3.2122571177540635;-0.09418848156929016;-0.35102346539497375;0.93158358335495;[];
83.2;MPIB1;36.30000001192093;2.3955678330030423;-0.8552373647689819;-0.5179625153541565;-0.014104394242167473;[];
83.25;MPIB4;60.30000001192093;29.581438701642924;-0.8745480179786682;-0.48403051495552063;-0.028266021981835365;[];
83.25;MPIB3;58.21151393844684;17.05117483626475;-0.36185842752456665;-0.2789800465106964;-0.8894814848899841;[];
83.25;MPIB2;14.506298513863499;3.3291227393893337;-0.08419977873563766;-0.3582844138145447;0.9297733902931213;[];
83.25;MPIB1;36.30000001192093;2.3955678330030423;-0.8552373647689819;-0.5179625153541565;-0.014104394242167473;[];
83.3;MPIB4;60.30000001192093;29.581438701642924;-0.8724011778831482;-0.48855432868003845;-0.012212298810482025;[];
83.3;MPIB3;58.21151393844684;17.05117483626475;-0.3714219927787781;-0.276401162147522;-0.8863391280174255;[];
83.3;MPIB2;14.498479939551771;3.3929313762137383;-0.08419977873563766;-0.3582844138145447;0.9297733902931213;[];
83.3;MPIB1;36.30000001192093;2.3955678330030423;-0.8552373647689819;-0.5179625153541565;-0.014104394242167473;[];
83.35;MPIB4;60.30000001192093;29.581438701642924;-0.8698815107345581;-0.49314841628074646;-0.005337593145668507;[];
83.35;MPIB3;58.21151393844684;17.05117483626475;-0.40821999311447144;-0.276401162147522;-0.8700044751167297;[];
83.35;MPIB2;14.494210997481673;3.4277708959665745;-0.07432720810174942;-0.36320239305496216;0.9287058711051941;[];
83.35;MPIB1;36.30000001192093;2.3955678330030423;-0.8552373647689819;-0.5179625153541565;-0.014104394242167473;[];
83.4;MPIB4;60.30000001192093;29.581438701642924;-0.8698927164077759;-0.49314841628074646;-0.0030024091247469187;[];
83.4;MPIB3;58.21151393844684;17.05117483626475;-0.4987220764160156;-0.2789800465106964;-0.820606529712677;[];
83.4;MPIB2;14.494210997481673;3.4277708959665745;-0.06674705445766449;-0.3729189932346344;0.9254241585731506;[];
83.4;MPIB1;36.30000001192093;2.3955678330030423;-0.8552373647689819;-0.5179625153541565;-0.014104394242167473;[];
83.45;MPIB4;60.30000001192093;29.581438701642924;-0.8698927164077759;-0.49314841628074646;-0.0030024091247469187;[];
83.45;MPIB3;58.21151393844684;17.05117483626475;-0.5371779799461365;-0.2889999747276306;-0.7923797369003296;[];
83.45;MPIB2;14.494210997481673;3.4277708959665745;-0.06667478382587433;-0.37540847063064575;0.9244221448898315;[];
83.45;MPIB1;36.30000001192093;2.3955678330030423;-0.8552373647689819;-0.5179625153541565;-0.014104394242167473;[];
83.5;MPIB4;60.30000001192093;29.581438701642924;-0.8686178922653198;-0.49539870023727417;-7.494994206354022E-4;[];
83.5;MPIB3;58.21151393844684;17.05117483626475;-0.539303183555603;-0.2889999747276306;-0.7909349203109741;[];
83.5;MPIB2;14.494210997481673;3.462850373796357;-0.06179934740066528;-0.37540847063064575;0.9247608184814453;[];
83.5;MPIB1;36.30000001192093;2.3955678330030423;-0.8551980257034302;-0.5179625153541565;-0.01631820574402809;[];
83.55;MPIB4;60.30000001192093;29.581438701642924;-0.8686178922653198;-0.49539870023727417;-7.494994206354022E-4;[];
83.55;MPIB3;58.21151393844684;17.05117483626475;-0.539303183555603;-0.2889999747276306;-0.7909349203109741;[];
83.55;MPIB2;14.494210997481673;3.462850373796357;-0.059405308216810226;-0.37540847063064575;0.9249176979064941;[];
83.55;MPIB1;36.30000001192093;2.3955678330030423;-0.8538045287132263;-0.5202569365501404;-0.01629161648452282;[];
83.6;MPIB4;60.30000001192093;29.581438701642924;-0.8686178922653198;-0.49539870023727417;-7.494994206354022E-4;[];
83.6;MPIB3;58.21151393844684;17.05117483626475;-0.539303183555603;-0.2889999747276306;-0.7909349203109741;[];
83.6;MPIB2;14.494210997481673;3.462850373796357;-0.04485580697655678;-0.37540847063064575;0.9257374405860901;[];
83.6;MPIB1;36.30000001192093;2.3955678330030423;-0.8512498140335083;-0.5246713161468506;-0.0028564499225467443;[];
83.65;MPIB4;60.30000001192093;29.581438701642924;-0.8686178922653198;-0.49539870023727417;-7.494994206354022E-4;[];
83.65;MPIB3;58.21151393844684;17.05117483626475;-0.539303183555603;-0.2889999747276306;-0.7909349203109741;[];
83.65;MPIB2;14.494210997481673;3.462850373796357;-0.04245930165052414;-0.37540847063064575;0.9258504509925842;[];
83.65;MPIB1;36.30000001192093;2.3955678330030423;-0.8498021960258484;-0.526954710483551;0.008310589008033276;[];
83.7;MPIB4;60.30000001192093;29.581438701642924;-0.8686178922653198;-0.49539870023727417;-7.494994206354022E-4;[];
83.7;MPIB3;58.21151393844684;17.05117483626475;-0.539303183555603;-0.2889999747276306;-0.7909349203109741;[];
83.7;MPIB2;14.494210997481673;3.462850373796357;-0.04245930165052414;-0.37540847063064575;0.9258504509925842;[];
83.7;MPIB1;36.30000001192093;2.3955678330030423;-0.84977787733078;-0.526954710483551;0.010510350577533245;[];
83.75;MPIB4;60.30000001192093;29.581438701642924;-0.8686178922653198;-0.49539870023727417;-7.494994206354022E-4;[];
83.75;MPIB3;58.21151393844684;17.05117483626475;-0.539303183555603;-0.2889999747276306;-0.7909349203109741;[];
83.75;MPIB2;14.494210997481673;3.462850373796357;-0.04245930165052414;-0.37540847063064575;0.9258504509925842;[];
83.75;MPIB1;36.30000001192093;2.3955678330030423;-0.84977787733078;-0.526954710483551;0.010510350577533245;[];
83.8;MPIB4;60.30000001192093;29.581438701642924;-0.8686178922653198;-0.49539870023727417;-7.494994206354022E-4;[];
83.8;MPIB3;58.21151393844684;17.05117483626475;-0.539303183555603;-0.2889999747276306;-0.7909349203109741;[];
83.8;MPIB2;14.494210997481673;3.462850373796357;-0.04245930165052414;-0.37540847063064575;0.9258504509925842;[];
83.8;MPIB1;36.30000001192093;2.3750864277762957;-0.84977787733078;-0.526954710483551;0.010510350577533245;[];
83.85;MPIB4;60.30000001192093;29.581438701642924;-0.8686178922653198;-0.49539870023727417;-7.494994206354022E-4;[];
83.85;MPIB3;58.21151393844684;17.05117483626475;-0.539303183555603;-0.2889999747276306;-0.7909349203109741;[];
83.85;MPIB2;14.494210997481673;3.462850373796357;-0.04245930165052414;-0.37540847063064575;0.9258504509925842;[];
83.85;MPIB1;36.30000001192093;2.3750864277762957;-0.84977787733078;-0.526954710483551;0.010510350577533245;[];
83.9;MPIB4;60.30000001192093;29.581438701642924;-0.8659921288490295;-0.49997231364250183;0.0014944687718525529;[];
83.9;MPIB3;58.21151393844684;17.05117483626475;-0.539303183555603;-0.2889999747276306;-0.7909349203109741;[];
83.9;MPIB2;14.494210997481673;3.462850373796357;-0.04245930165052414;-0.37540847063064575;0.9258504509925842;[];
83.9;MPIB1;36.30000001192093;2.3750864277762957;-0.84977787733078;-0.526954710483551;0.010510350577533245;[];
83.95;MPIB4;60.30000001192093;29.581438701642924;-0.8646880388259888;-0.5022124648094177;0.003730564843863249;[];
83.95;MPIB3;58.21151393844684;17.05117483626475;-0.539303183555603;-0.2889999747276306;-0.7909349203109741;[];
83.95;MPIB2;14.494210997481673;3.462850373796357;-0.04245930165052414;-0.37540847063064575;0.9258504509925842;[];
83.95;MPIB1;36.30000001192093;2.3750864277762957;-0.84977787733078;-0.526954710483551;0.010510350577533245;[];
84.0;MPIB4;60.20200093090534;29.578127715721678;-0.8633849024772644;-0.5044492483139038;0.003724942682310939;[];
84.0;MPIB3;58.21151393844684;17.05117483626475;-0.539303183555603;-0.2889999747276306;-0.7909349203109741;[];
84.0;MPIB2;14.494210997481673;3.462850373796357;-0.027897225692868233;-0.37540847063064575;0.9264035224914551;[];
84.0;MPIB1;36.20200751721859;2.3799344502558597;-0.84977787733078;-0.526954710483551;0.010510350577533245;[];
84.05;MPIB4;60.05049434544021;29.57855051783514;-0.8633849024772644;-0.5044492483139038;0.003724942682310939;[];
84.05;MPIB3;58.21151393844684;17.05117483626475;-0.539303183555603;-0.2889999747276306;-0.7909349203109741;[];
84.05;MPIB2;14.494210997481673;3.462850373796357;-0.022987669333815575;-0.3778064548969269;0.9255629777908325;[];
84.05;MPIB1;36.05051111419425;2.3811464558757507;-0.84977787733078;-0.526954710483551;0.010510350577533245;[];
84.1;MPIB4;59.86977265915221;29.578973319948602;-0.8633849024772644;-0.5044492483139038;0.003724942682310939;[];
84.1;MPIB3;58.21151393844684;17.05117483626475;-0.539303183555603;-0.2889999747276306;-0.7909349203109741;[];
84.1;MPIB2;14.494210997481673;3.462850373796357;0.006220019422471523;-0.37540847063064575;0.9268026351928711;[];
84.1;MPIB1;35.869801573832774;2.3823584614956417;-0.84977787733078;-0.526954710483551;0.010510350577533245;[];
84.15;MPIB4;59.67309952596213;29.579396122062064;-0.8633849024772644;-0.5044492483139038;0.003724942682310939;[];
84.15;MPIB3;58.21151393844684;17.05117483626475;-0.539303183555603;-0.2889999747276306;-0.7909349203109741;[];
84.15;MPIB2;14.494210997481673;3.462850373796357;0.006220019422471523;-0.37540847063064575;0.9268026351928711;[];
84.15;MPIB1;35.67314165863263;2.3835704671155327;-0.84977787733078;-0.526954710483551;0.010510350577533245;[];
84.2;MPIB4;59.67309952596213;29.579396122062064;-0.8633849024772644;-0.5044492483139038;0.003724942682310939;[];
84.2;MPIB3;58.21151393844684;17.05117483626475;-0.539303183555603;-0.2889999747276306;-0.7909349203109741;[];
84.2;MPIB2;14.494859291300486;3.563944517300115;0.006220019422471523;-0.37540847063064575;0.9268026351928711;[];
84.2;MPIB1;35.46777283775896;2.3847824727354237;-0.84977787733078;-0.526954710483551;0.010510350577533245;[];
84.25;MPIB4;59.25759080220178;29.581528886497438;-0.8724219799041748;-0.48855432868003845;0.010623111389577389;[];
84.25;MPIB3;58.21151393844684;17.05117483626475;-0.539303183555603;-0.2889999747276306;-0.7909349203109741;[];
84.25;MPIB2;14.495507585119299;3.7154491906779583;0.006220019422471523;-0.37540847063064575;0.9268026351928711;[];
84.25;MPIB1;35.257648953835314;2.3859944783553146;-0.84977787733078;-0.526954710483551;0.010510350577533245;[];
84.3;MPIB4;59.04486725206661;29.582722102218725;-0.8736838102340698;-0.48629406094551086;0.010638476349413395;[];
84.3;MPIB3;58.21151393844684;17.05117483626475;-0.539303183555603;-0.2889999747276306;-0.7909349203109741;[];
84.3;MPIB2;14.495507585119299;3.7154491906779583;0.006220019422471523;-0.37540847063064575;0.9268026351928711;[];
84.3;MPIB1;35.257648953835314;2.3859944783553146;-0.84977787733078;-0.526954710483551;0.010510350577533245;[];
84.35;MPIB4;58.83072745453168;29.58391531794001;-0.8736838102340698;-0.48629406094551086;0.010638476349413395;[];
84.35;MPIB3;58.21151393844684;17.05117483626475;-0.539303183555603;-0.2889999747276306;-0.7909349203109741;[];
84.35;MPIB2;14.495507585119299;3.7154491906779583;0.006220019422471523;-0.37540847063064575;0.9268026351928711;[];
84.35;MPIB1;35.257648953835314;2.3859944783553146;-0.84977787733078;-0.526954710483551;0.010510350577533245;[];
84.4;MPIB4;58.61581438582667;29.5851085336613;-0.8736838102340698;-0.48629406094551086;0.010638476349413395;[];
84.4;MPIB3;58.21151393844684;17.05117483626475;-0.539303183555603;-0.2889999747276306;-0.7909349203109741;[];
84.4;MPIB2;14.497452466575737;4.298219279429645;0.006220019422471523;-0.37540847063064575;0.9268026351928711;[];
84.4;MPIB1;34.61587939823721;2.3896304952149876;-0.84977787733078;-0.526954710483551;0.010510350577533245;[];
84.45;MPIB4;58.400479111013745;29.586301749382585;-0.8736838102340698;-0.48629406094551086;0.010638476349413395;[];
84.45;MPIB3;58.21151393844684;17.05117483626475;-0.539303183555603;-0.2889999747276306;-0.7909349203109741;[];
84.45;MPIB2;14.49810076039455;4.508354634244739;0.006220019422471523;-0.37540847063064575;0.9268026351928711;[];
84.45;MPIB1;34.40054510302048;2.3908425008348786;-0.84977787733078;-0.526954710483551;0.010510350577533245;[];
84.5;MPIB4;58.400479111013745;29.586301749382585;-0.8736838102340698;-0.48629406094551086;0.010638476349413395;[];
84.5;MPIB3;58.21151393844684;17.05117483626475;-0.539303183555603;-0.2889999747276306;-0.7909349203109741;[];
84.5;MPIB2;14.498749054213363;4.699999988079071;0.006220019422471523;-0.37540847063064575;0.9268026351928711;[];
84.5;MPIB1;34.18498006947334;2.3920545064547696;-0.84977787733078;-0.526954710483551;0.010510350577533245;[];
84.55;MPIB4;57.96922164583921;29.58868818082516;-0.8736838102340698;-0.48629406094551086;0.010638476349413395;[];
84.55;MPIB3;58.21151393844684;17.05117483626475;-0.539303183555603;-0.2889999747276306;-0.7909349203109741;[];
84.55;MPIB2;14.498749054213363;4.699999988079071;0.010922444984316826;-0.3946968615055084;0.9187085628509521;[];
84.55;MPIB1;33.969289052783324;2.3932665120746606;-0.84977787733078;-0.526954710483551;0.010510350577533245;[];
84.6;MPIB4;57.96922164583921;29.58868818082516;-0.8736838102340698;-0.48629406094551086;0.010638476349413395;[];
84.6;MPIB3;58.21151393844684;17.05117483626475;-0.539303183555603;-0.2889999747276306;-0.7909349203109741;[];
84.6;MPIB2;14.498749054213363;4.699999988079071;0.017846960574388504;-0.42807504534721375;0.9035258889198303;[];
84.6;MPIB1;33.75352924928916;2.3944785176945516;-0.84977787733078;-0.526954710483551;0.010510350577533245;[];
84.65;MPIB4;57.53766334528302;29.591074612267732;-0.8736838102340698;-0.48629406094551086;0.010638476349413395;[];
84.65;MPIB3;58.21151393844684;17.05117483626475;-0.539303183555603;-0.2889999747276306;-0.7909349203109741;[];
84.65;MPIB2;14.498749054213363;4.699999988079071;0.017711808905005455;-0.44223135709762573;0.8966836929321289;[];
84.65;MPIB1;33.53773188819582;2.3956905233144425;-0.84977787733078;-0.526954710483551;0.010510350577533245;[];
84.7;MPIB4;57.53766334528302;29.591074612267732;-0.8736838102340698;-0.48629406094551086;0.010638476349413395;[];
84.7;MPIB3;58.21151393844684;17.05117483626475;-0.539303183555603;-0.2889999747276306;-0.7909349203109741;[];
84.7;MPIB2;14.498749054213363;4.699999988079071;0.015330455265939236;-0.44926875829696655;0.8932220339775085;[];
84.7;MPIB1;33.32191402065064;2.3969025289343335;-0.84977787733078;-0.526954710483551;0.010510350577533245;[];
84.75;MPIB4;57.3218449461496;29.59226782798902;-0.8736838102340698;-0.48629406094551086;0.010638476349413395;[];
84.75;MPIB3;58.21151393844684;17.05117483626475;-0.539303183555603;-0.2889999747276306;-0.7909349203109741;[];
84.75;MPIB2;14.498749054213363;4.699999988079071;0.015227852389216423;-0.460964173078537;0.8872438669204712;[];
84.75;MPIB1;33.32191402065064;2.3969025289343335;-0.84977787733078;-0.526954710483551;0.010510350577533245;[];
84.8;MPIB4;57.3218449461496;29.59226782798902;-0.8749644756317139;-0.48403051495552063;0.008388874121010303;[];
84.8;MPIB3;58.21151393844684;17.05117483626475;-0.5388797521591187;-0.29147714376449585;-0.7903139591217041;[];
84.8;MPIB2;14.498749054213363;4.699999988079071;0.014536767266690731;-0.5313476920127869;0.8469781279563904;[];
84.8;MPIB1;33.32191402065064;2.3969025289343335;-0.84977787733078;-0.526954710483551;0.010510350577533245;[];
84.85;MPIB4;57.3218449461496;29.59226782798902;-0.8749832510948181;-0.48403051495552063;0.0061239218339324;[];
84.85;MPIB3;58.21151393844684;17.05117483626475;-0.5388797521591187;-0.29147714376449585;-0.7903139591217041;[];
84.85;MPIB2;14.498749054213363;4.699999988079071;0.013106309808790684;-0.6454440355300903;0.7636331915855408;[];
84.85;MPIB1;33.32191402065064;2.3969025289343335;-0.84977787733078;-0.526954710483551;0.010510350577533245;[];
84.9;MPIB4;57.3218449461496;29.59226782798902;-0.8749832510948181;-0.48403051495552063;0.0061239218339324;[];
84.9;MPIB3;58.21151393844684;17.05117483626475;-0.5404951572418213;-0.2939523458480835;-0.7882912755012512;[];
84.9;MPIB2;14.498749054213363;4.699999988079071;0.01307759154587984;-0.6474190354347229;0.7619599103927612;[];
84.9;MPIB1;33.32191402065064;2.3969025289343335;-0.84977787733078;-0.526954710483551;0.010510350577533245;[];
84.95;MPIB4;57.3218449461496;29.59226782798902;-0.8749832510948181;-0.48403051495552063;0.0061239218339324;[];
84.95;MPIB3;58.21151393844684;17.05117483626475;-0.5404951572418213;-0.2939523458480835;-0.7882912755012512;[];
84.95;MPIB2;14.498749054213363;4.699999988079071;0.01307759154587984;-0.6474190354347229;0.7619599103927612;[];
84.95;MPIB1;33.32191402065064;2.3969025289343335;-0.84977787733078;-0.526954710483551;0.010510350577533245;[];
85.0;MPIB4;57.3218449461496;29.59226782798902;-0.8749832510948181;-0.48403051495552063;0.0061239218339324;[];
85.0;MPIB3;58.21151393844684;17.05117483626475;-0.5400468111038208;-0.29651716351509094;-0.7876374125480652;[];
85.0;MPIB2;14.498749054213363;4.699999988079071;0.01307759154587984;-0.6474190354347229;0.7619599103927612;[];
85.0;MPIB1;33.32191402065064;2.3969025289343335;-0.84977787733078;-0.526954710483551;0.010510350577533245;[];
85.05;MPIB4;57.3218449461496;29.59226782798902;-0.8750033974647522;-0.48403051495552063;0.0015100197633728385;[];
85.05;MPIB3;58.21151393844684;17.05117483626475;-0.5400468111038208;-0.29651716351509094;-0.7876374125480652;[];
85.05;MPIB2;14.498749054213363;4.699999988079071;0.01307759154587984;-0.6474190354347229;0.7619599103927612;[];
85.05;MPIB1;33.32191402065064;2.3969025289343335;-0.84977787733078;-0.526954710483551;0.010510350577533245;[];
85.1;MPIB4;57.3218449461496;29.59226782798902;-0.8750033974647522;-0.48403051495552063;0.0015100197633728385;[];
85.1;MPIB3;58.21151393844684;17.05117483626475;-0.5400468111038208;-0.29651716351509094;-0.7876374125480652;[];
85.1;MPIB2;14.498749054213363;4.699999988079071;0.011056317016482353;-0.6454440355300903;0.7636656165122986;[];
85.1;MPIB1;33.32191402065064;2.3969025289343335;-0.84977787733078;-0.526954710483551;0.010510350577533245;[];
85.15;MPIB4;57.3218449461496;29.59226782798902;-0.8775400519371033;-0.4794096350669861;-0.003028803737834096;[];
85.15;MPIB3;58.21151393844684;17.05117483626475;-0.5400468111038208;-0.29651716351509094;-0.7876374125480652;[];
85.15;MPIB2;14.498749054213363;4.699999988079071;0.009100031107664108;-0.6433912515640259;0.7654216885566711;[];
85.15;MPIB1;33.32191402065064;2.3969025289343335;-0.84977787733078;-0.526954710483551;0.010510350577533245;[];
85.2;MPIB4;57.3218449461496;29.59226782798902;-0.8775400519371033;-0.4794096350669861;-0.003028803737834096;[];
85.2;MPIB3;58.21151393844684;17.05117483626475;-0.5400468111038208;-0.29651716351509094;-0.7876374125480652;[];
85.2;MPIB2;14.498749054213363;4.699999988079071;0.007134103681892157;-0.6414074897766113;0.767105758190155;[];
85.2;MPIB1;33.32191402065064;2.3969025289343335;-0.84977787733078;-0.526954710483551;0.010510350577533245;[];
85.25;MPIB4;57.3218449461496;29.59226782798902;-0.8775400519371033;-0.4794096350669861;-0.003028803737834096;[];
85.25;MPIB3;58.21151393844684;17.05117483626475;-0.5396108627319336;-0.29898834228515625;-0.7870014905929565;[];
85.25;MPIB2;14.498749054213363;4.699999988079071;0.00716546131297946;-0.6373530626296997;0.7704774737358093;[];
85.25;MPIB1;33.32191402065064;2.3969025289343335;-0.84977787733078;-0.526954710483551;0.010510350577533245;[];
85.3;MPIB4;57.3218449461496;29.59226782798902;-0.8812825083732605;-0.47249555587768555;-0.0030417207162827253;[];
85.3;MPIB3;58.21151393844684;17.05117483626475;-0.5396108627319336;-0.29898834228515625;-0.7870014905929565;[];
85.3;MPIB2;14.498749054213363;4.699999988079071;0.0031358094420284033;-0.6272518038749695;0.7787500619888306;[];
85.3;MPIB1;33.32191402065064;2.3969025289343335;-0.84977787733078;-0.526954710483551;0.010510350577533245;[];
85.35;MPIB4;57.3218449461496;29.59226782798902;-0.8825028538703918;-0.47021257877349854;-0.003045932622626424;[];
85.35;MPIB3;58.21151393844684;17.05117483626475;-0.5391712188720703;-0.3014575242996216;-0.7863603234291077;[];
85.35;MPIB2;14.498749054213363;4.699999988079071;0.0011316873133182526;-0.6169684529304504;0.7869279384613037;[];
85.35;MPIB1;33.32191402065064;2.3969025289343335;-0.84977787733078;-0.526954710483551;0.010510350577533245;[];
85.4;MPIB4;57.3218449461496;29.59226782798902;-0.8825028538703918;-0.47021257877349854;-0.003045932622626424;[];
85.4;MPIB3;58.21151393844684;17.05117483626475;-0.5391712188720703;-0.3014575242996216;-0.7863603234291077;[];
85.4;MPIB2;14.498749054213363;4.699999988079071;-9.868114721029997E-4;-0.6107624769210815;0.7917547225952148;[];
85.4;MPIB1;33.32191402065064;2.3969025289343335;-0.84977787733078;-0.526954710483551;0.010510350577533245;[];
85.45;MPIB4;57.3218449461496;29.59226782798902;-0.8825028538703918;-0.47021257877349854;-0.003045932622626424;[];
85.45;MPIB3;58.21151393844684;17.05117483626475;-0.5387115478515625;-0.30401602387428284;-0.7856898903846741;[];
85.45;MPIB2;14.498749054213363;4.699999988079071;-9.887788910418749E-4;-0.6087107062339783;0.7933332920074463;[];
85.45;MPIB1;33.32191402065064;2.3969025289343335;-0.84977787733078;-0.526954710483551;0.010510350577533245;[];
85.5;MPIB4;57.3218449461496;29.59226782798902;-0.8825028538703918;-0.47021257877349854;-0.003045932622626424;[];
85.5;MPIB3;58.21151393844684;17.05117483626475;-0.5387115478515625;-0.30401602387428284;-0.7856898903846741;[];
85.5;MPIB2;14.521654577010736;4.699999988079071;-9.907397907227278E-4;-0.606654942035675;0.7949065566062927;[];
85.5;MPIB1;33.32191402065064;2.3969025289343335;-0.84977787733078;-0.526954710483551;0.010510350577533245;[];
85.55;MPIB4;57.3218449461496;29.59226782798902;-0.8861728310585022;-0.4632597863674164;-0.003058599540963769;[];
85.55;MPIB3;58.21151393844684;17.05117483626475;-0.5387115478515625;-0.30401602387428284;-0.7856898903846741;[];
85.55;MPIB2;14.521654577010736;4.699999988079071;-9.947135113179684E-4;-0.6024546027183533;0.7980948090553284;[];
85.55;MPIB1;33.30000001192093;2.4175066244724803;-0.84977787733078;-0.526954710483551;0.010510350577533245;[];
85.6;MPIB4;57.3218449461496;29.59226782798902;-0.8861728310585022;-0.4632597863674164;-0.003058599540963769;[];
85.6;MPIB3;58.21151393844684;17.05117483626475;-0.5387115478515625;-0.30401602387428284;-0.7856898903846741;[];
85.6;MPIB2;14.521654577010736;4.699999988079071;-0.0010025068186223507;-0.5940809845924377;0.8043476939201355;[];
85.6;MPIB1;33.30000001192093;2.4175066244724803;-0.84977787733078;-0.526954710483551;0.010510350577533245;[];
85.65;MPIB4;57.3218449461496;29.59226782798902;-0.8873692750930786;-0.460964173078537;-0.003062729025259614;[];
85.65;MPIB3;58.21151393844684;17.05117483626475;-0.5387115478515625;-0.30401602387428284;-0.7856898903846741;[];
85.65;MPIB2;14.521654577010736;4.699999988079071;-0.0010121467057615519;-0.5834643840789795;0.8120821118354797;[];
85.65;MPIB1;33.30000001192093;2.4175066244724803;-0.84977787733078;-0.526954710483551;0.010510350577533245;[];
85.7;MPIB4;57.30000001192093;29.593423432073507;-0.8873692750930786;-0.460964173078537;-0.003062729025259614;[];
85.7;MPIB3;58.21151393844684;17.05117483626475;-0.5387115478515625;-0.30401602387428284;-0.7856898903846741;[];
85.7;MPIB2;14.521654577010736;4.699999988079071;-0.0010233885841444135;-0.5707020163536072;0.8211018443107605;[];
85.7;MPIB1;33.30000001192093;2.4175066244724803;-0.84977787733078;-0.526954710483551;0.010510350577533245;[];
85.75;MPIB4;57.30000001192093;29.593423432073507;-0.8873692750930786;-0.460964173078537;-0.003062729025259614;[];
85.75;MPIB3;58.21151393844684;17.05117483626475;-0.5387115478515625;-0.30401602387428284;-0.7856898903846741;[];
85.75;MPIB2;14.521654577010736;4.699999988079071;-0.0010289496276527643;-0.5642287731170654;0.8255637288093567;[];
85.75;MPIB1;33.30000001192093;2.4175066244724803;-0.84977787733078;-0.526954710483551;0.010510350577533245;[];
85.8;MPIB4;57.30000001192093;29.593423432073507;-0.8873692750930786;-0.460964173078537;-0.003062729025259614;[];
85.8;MPIB3;58.21151393844684;17.05117483626475;-0.5387115478515625;-0.30401602387428284;-0.7856898903846741;[];
85.8;MPIB2;14.521654577010736;4.699999988079071;-0.0010380987077951431;-0.5533362030982971;0.8329043388366699;[];
85.8;MPIB1;33.30000001192093;2.4175066244724803;-0.84977787733078;-0.526954710483551;0.010510350577533245;[];
85.85;MPIB4;57.30000001192093;29.593423432073507;-0.8873692750930786;-0.460964173078537;-0.003062729025259614;[];
85.85;MPIB3;58.21151393844684;17.05117483626475;-0.5387115478515625;-0.30401602387428284;-0.7856898903846741;[];
85.85;MPIB2;14.521654577010736;4.699999988079071;-0.003279615892097354;-0.5511781573295593;0.834328293800354;[];
85.85;MPIB1;33.30000001192093;2.4175066244724803;-0.84977787733078;-0.526954710483551;0.010510350577533245;[];
85.9;MPIB4;57.30000001192093;29.593423432073507;-0.8873692750930786;-0.460964173078537;-0.003062729025259614;[];
85.9;MPIB3;58.21151393844684;17.05117483626475;-0.5387115478515625;-0.30401602387428284;-0.7856898903846741;[];
85.9;MPIB2;14.521654577010736;4.699999988079071;-0.005448623560369015;-0.5490164160728455;0.8357411623001099;[];
85.9;MPIB1;33.30000001192093;2.4175066244724803;-0.84977787733078;-0.526954710483551;0.010510350577533245;[];
85.95;MPIB4;57.30000001192093;29.593423432073507;-0.8873692750930786;-0.460964173078537;-0.003062729025259614;[];
85.95;MPIB3;58.21151393844684;17.05117483626475;-0.5387115478515625;-0.30401602387428284;-0.7856898903846741;[];
85.95;MPIB2;14.521654577010736;4.699999988079071;-0.00546742370352149;-0.5446015000343323;0.838624894618988;[];
85.95;MPIB1;33.30000001192093;2.4175066244724803;-0.84977787733078;-0.526954710483551;0.010510350577533245;[];
86.0;MPIB4;57.30000001192093;29.593423432073507;-0.8873692750930786;-0.460964173078537;-0.003062729025259614;[];
86.0;MPIB3;58.21151393844684;17.05117483626475;-0.5387115478515625;-0.30401602387428284;-0.7856898903846741;[];
86.0;MPIB2;14.521654577010736;4.699999988079071;-0.005495171062648296;-0.5379912257194519;0.84288090467453;[];
86.0;MPIB1;33.30000001192093;2.4175066244724803;-0.84977787733078;-0.526954710483551;0.010510350577533245;[];
86.05;MPIB4;57.30000001192093;29.593423432073507;-0.8873692750930786;-0.460964173078537;-0.003062729025259614;[];
86.05;MPIB3;58.21151393844684;17.05117483626475;-0.5387115478515625;-0.30401602387428284;-0.7856898903846741;[];
86.05;MPIB2;14.521654577010736;4.699999988079071;-0.005504233296960592;-0.5358073711395264;0.8442709445953369;[];
86.05;MPIB1;33.30000001192093;2.4175066244724803;-0.84977787733078;-0.526954710483551;0.010510350577533245;[];
86.1;MPIB4;57.30000001192093;29.593423432073507;-0.8873692750930786;-0.460964173078537;-0.003062729025259614;[];
86.1;MPIB3;58.21151393844684;17.05117483626475;-0.5387115478515625;-0.30401602387428284;-0.7856898903846741;[];
86.1;MPIB2;14.521654577010736;4.699999988079071;-0.007740731351077557;-0.5268732309341431;0.8498581051826477;[];
86.1;MPIB1;33.30000001192093;2.4175066244724803;-0.84977787733078;-0.526954710483551;0.010510350577533245;[];
86.15;MPIB4;57.30000001192093;29.593423432073507;-0.8873692750930786;-0.460964173078537;-0.003062729025259614;[];
86.15;MPIB3;58.21151393844684;17.05117483626475;-0.5387115478515625;-0.30401602387428284;-0.7856898903846741;[];
86.15;MPIB2;14.521654577010736;4.699999988079071;-0.010054152458906174;-0.5224658846855164;0.8525508046150208;[];
86.15;MPIB1;33.30000001192093;2.4175066244724803;-0.84977787733078;-0.526954710483551;0.010510350577533245;[];
86.2;MPIB4;57.30000001192093;29.593423432073507;-0.8873692750930786;-0.460964173078537;-0.003062729025259614;[];
86.2;MPIB3;58.21151393844684;17.05117483626475;-0.5387115478515625;-0.30401602387428284;-0.7856898903846741;[];
86.2;MPIB2;14.521654577010736;4.699999988079071;-0.012300476431846619;-0.5179625153541565;0.855265200138092;[];
86.2;MPIB1;33.30000001192093;2.4175066244724803;-0.84977787733078;-0.526954710483551;0.010510350577533245;[];
86.25;MPIB4;57.30000001192093;29.593423432073507;-0.8873692750930786;-0.460964173078537;-0.003062729025259614;[];
86.25;MPIB3;58.21151393844684;17.05117483626475;-0.5387115478515625;-0.30401602387428284;-0.7856898903846741;[];
86.25;MPIB2;14.521654577010736;4.699999988079071;-0.012300476431846619;-0.5179625153541565;0.855265200138092;[];
86.25;MPIB1;33.30000001192093;2.4175066244724803;-0.84977787733078;-0.526954710483551;0.010510350577533245;[];
86.3;MPIB4;57.30000001192093;29.593423432073507;-0.8873692750930786;-0.460964173078537;-0.003062729025259614;[];
86.3;MPIB3;58.21151393844684;17.05117483626475;-0.5387115478515625;-0.30401602387428284;-0.7856898903846741;[];
86.3;MPIB2;14.521654577010736;4.699999988079071;-0.014559682458639145;-0.513526976108551;0.8579006195068359;[];
86.3;MPIB1;33.30000001192093;2.4175066244724803;-0.84977787733078;-0.526954710483551;0.010510350577533245;[];
86.35;MPIB4;57.30000001192093;29.593423432073507;-0.8873692750930786;-0.460964173078537;-0.003062729025259614;[];
86.35;MPIB3;58.21151393844684;17.05117483626475;-0.5400468111038208;-0.29651716351509094;-0.7876374125480652;[];
86.35;MPIB2;14.521654577010736;4.699999988079071;-0.016889669001102448;-0.5112216472625732;0.8592354655265808;[];
86.35;MPIB1;33.30000001192093;2.4175066244724803;-0.84977787733078;-0.526954710483551;0.010510350577533245;[];
86.4;MPIB4;57.30000001192093;29.593423432073507;-0.8873692750930786;-0.460964173078537;-0.003062729025259614;[];
86.4;MPIB3;58.21151393844684;17.05117483626475;-0.5400468111038208;-0.29651716351509094;-0.7876374125480652;[];
86.4;MPIB2;14.521654577010736;4.699999988079071;-0.016889669001102448;-0.5112216472625732;0.8592354655265808;[];
86.4;MPIB1;33.30000001192093;2.4175066244724803;-0.84977787733078;-0.526954710483551;0.010510350577533245;[];
86.45;MPIB4;57.30000001192093;29.593423432073507;-0.8873692750930786;-0.460964173078537;-0.003062729025259614;[];
86.45;MPIB3;58.21151393844684;17.05117483626475;-0.5400468111038208;-0.29651716351509094;-0.7876374125480652;[];
86.45;MPIB2;14.521654577010736;4.699999988079071;-0.016889669001102448;-0.5112216472625732;0.8592354655265808;[];
86.45;MPIB1;33.30000001192093;2.4175066244724803;-0.84977787733078;-0.526954710483551;0.010510350577533245;[];
86.5;MPIB4;57.30000001192093;29.593423432073507;-0.8873692750930786;-0.460964173078537;-0.003062729025259614;[];
86.5;MPIB3;58.21151393844684;17.05117483626475;-0.5400468111038208;-0.29651716351509094;-0.7876374125480652;[];
86.5;MPIB2;14.50374723480661;4.699999988079071;-0.016889669001102448;-0.5112216472625732;0.8592354655265808;[];
86.5;MPIB1;33.30000001192093;2.4175066244724803;-0.84977787733078;-0.526954710483551;0.010510350577533245;[];
86.55;MPIB4;57.202000603079796;29.587673316898474;-0.8873692750930786;-0.460964173078537;-0.003062729025259614;[];
86.55;MPIB3;58.21151393844684;17.05117483626475;-0.5400468111038208;-0.29651716351509094;-0.7876374125480652;[];
86.55;MPIB2;14.50374723480661;4.699999988079071;-0.016889669001102448;-0.5112216472625732;0.8592354655265808;[];
86.55;MPIB1;33.20200751721859;2.4417467368703;-0.84977787733078;-0.526954710483551;0.010510350577533245;[];
86.6;MPIB4;57.05049351079634;29.587335074829355;-0.8873692750930786;-0.460964173078537;-0.003062729025259614;[];
86.6;MPIB3;58.21151393844684;17.05117483626475;-0.5400468111038208;-0.29651716351509094;-0.7876374125480652;[];
86.6;MPIB2;14.50374723480661;4.699999988079071;-0.016889669001102448;-0.5112216472625732;0.8592354655265808;[];
86.6;MPIB1;33.05051111419425;2.442958742490191;-0.84977787733078;-0.526954710483551;0.010510350577533245;[];
86.65;MPIB4;56.869771219959965;29.586996832760235;-0.8873692750930786;-0.460964173078537;-0.003062729025259614;[];
86.65;MPIB3;58.21151393844684;17.05117483626475;-0.5400468111038208;-0.29651716351509094;-0.7876374125480652;[];
86.65;MPIB2;14.50374723480661;4.699999988079071;-0.016889669001102448;-0.5112216472625732;0.8592354655265808;[];
86.65;MPIB1;32.869801573832774;2.444170748110082;-0.84977787733078;-0.526954710483551;0.010510350577533245;[];
86.7;MPIB4;56.673097428860885;29.586658590691115;-0.8873692750930786;-0.460964173078537;-0.003062729025259614;[];
86.7;MPIB3;58.21151393844684;17.05117483626475;-0.5400468111038208;-0.29651716351509094;-0.7876374125480652;[];
86.7;MPIB2;14.50374723480661;4.699999988079071;-0.016889669001102448;-0.5112216472625732;0.8592354655265808;[];
86.7;MPIB1;32.67314165863263;2.445382753729973;-0.84977787733078;-0.526954710483551;0.010510350577533245;[];
86.75;MPIB4;56.673097428860885;29.586658590691115;-0.8873692750930786;-0.460964173078537;-0.003062729025259614;[];
86.75;MPIB3;58.21151393844684;17.05117483626475;-0.5519179105758667;-0.29898834228515625;-0.778420090675354;[];
86.75;MPIB2;14.50374723480661;4.699999988079071;-0.016889669001102448;-0.5112216472625732;0.8592354655265808;[];
86.75;MPIB1;32.46777283775896;2.446594759349864;-0.84977787733078;-0.526954710483551;0.010510350577533245;[];
86.8;MPIB4;56.25757540779556;29.585982106552876;-0.8873692750930786;-0.460964173078537;-0.003062729025259614;[];
86.8;MPIB3;58.21151393844684;17.05117483626475;-0.5981170535087585;-0.31641149520874023;-0.736262321472168;[];
86.8;MPIB2;14.50374723480661;4.699999988079071;-0.016889669001102448;-0.5112216472625732;0.8592354655265808;[];
86.8;MPIB1;32.257648953835314;2.447806764969755;-0.84977787733078;-0.526954710483551;0.010510350577533245;[];
86.85;MPIB4;56.04484025007066;29.585643864483757;-0.8873692750930786;-0.460964173078537;-0.003062729025259614;[];
86.85;MPIB3;58.21151393844684;17.05117483626475;-0.6881783604621887;-0.3582844138145447;-0.6308555603027344;[];
86.85;MPIB2;14.50374723480661;4.699999988079071;-0.016889669001102448;-0.5112216472625732;0.8592354655265808;[];
86.85;MPIB1;32.04492880518478;2.449018770589646;-0.84977787733078;-0.526954710483551;0.010510350577533245;[];
86.9;MPIB4;55.83068743162021;29.585305622414637;-0.8873692750930786;-0.460964173078537;-0.003062729025259614;[];
86.9;MPIB3;58.21151393844684;17.05117483626475;-0.7866694927215576;-0.41381287574768066;-0.45808058977127075;[];
86.9;MPIB2;14.488339391291333;4.7979810535907745;-0.016889669001102448;-0.5112216472625732;0.8592354655265808;[];
86.9;MPIB1;31.830791095828545;2.450230776209537;-0.84977787733078;-0.526954710483551;0.010510350577533245;[];
86.95;MPIB4;55.6157605703237;29.584967380345518;-0.8873692750930786;-0.460964173078537;-0.003062729025259614;[];
86.95;MPIB3;58.21151393844684;17.05117483626475;-0.8452598452568054;-0.45157986879348755;-0.28554198145866394;[];
86.95;MPIB2;14.486413410851924;4.949459787085772;-0.016889669001102448;-0.5112216472625732;0.8592354655265808;[];
86.95;MPIB1;31.61587939823721;2.451442781829428;-0.84977787733078;-0.526954710483551;0.010510350577533245;[];
87.0;MPIB4;55.40041108158415;29.584629138276398;-0.8873692750930786;-0.460964173078537;-0.003062729025259614;[];
87.0;MPIB3;58.21151393844684;17.05117483626475;-0.8517427444458008;-0.45858025550842285;-0.2532987892627716;[];
87.0;MPIB2;14.484487430412514;5.130148250692429;-0.016889669001102448;-0.5112216472625732;0.8592354655265808;[];
87.0;MPIB1;31.400545103020477;2.452654787449319;-0.84977787733078;-0.526954710483551;0.010510350577533245;[];
87.05;MPIB4;55.18483083823391;29.58429089620728;-0.8873692750930786;-0.460964173078537;-0.003062729025259614;[];
87.05;MPIB3;58.21151393844684;17.05117483626475;-0.8632871508598328;-0.45858025550842285;-0.21062132716178894;[];
87.05;MPIB2;14.482561449973105;5.326785228792517;-0.016889669001102448;-0.5112216472625732;0.8592354655265808;[];
87.05;MPIB1;31.18498006947334;2.45386679306921;-0.84977787733078;-0.526954710483551;0.010510350577533245;[];
87.1;MPIB4;55.18483083823391;29.58429089620728;-0.8873692750930786;-0.460964173078537;-0.003062729025259614;[];
87.1;MPIB3;58.21151393844684;17.05117483626475;-0.8870798945426941;-0.45858025550842285;-0.052109017968177795;[];
87.1;MPIB2;14.480635469533695;5.53213009681744;-0.016889669001102448;-0.5112216472625732;0.8592354655265808;[];
87.1;MPIB1;30.969289052783324;2.455078798689101;-0.84977787733078;-0.526954710483551;0.010510350577533245;[];
87.15;MPIB4;54.75334957581175;29.58361441206904;-0.8873692750930786;-0.460964173078537;-0.003062729025259614;[];
87.15;MPIB3;58.21151393844684;17.05117483626475;-0.8648185133934021;-0.45858025550842285;0.20424261689186096;[];
87.15;MPIB2;14.478709489094285;5.742229473293605;-0.01691562496125698;-0.5089951753616333;0.8605559468269348;[];
87.15;MPIB1;30.75352924928916;2.456290804308992;-0.84977787733078;-0.526954710483551;0.010510350577533245;[];
87.2;MPIB4;54.537536988522554;29.58327616999992;-0.8873692750930786;-0.460964173078537;-0.003062729025259614;[];
87.2;MPIB3;58.21151393844684;17.05117483626475;-0.8364059329032898;-0.45858025550842285;0.300085186958313;[];
87.2;MPIB2;14.477553853170207;5.9549369188791275;-0.010149792768061161;-0.5089951753616333;0.86066073179245;[];
87.2;MPIB1;30.53773188819582;2.457502809928883;-0.84977787733078;-0.526954710483551;0.010510350577533245;[];
87.25;MPIB4;54.32170389333483;29.5829379279308;-0.8873692750930786;-0.460964173078537;-0.003062729025259614;[];
87.25;MPIB3;58.21151393844684;17.05117483626475;-0.8290965557098389;-0.45858025550842285;0.31972649693489075;[];
87.25;MPIB2;14.476398217246128;6.16906837036376;-0.010149792768061161;-0.5089951753616333;0.86066073179245;[];
87.25;MPIB1;30.321914020650638;2.458714815548774;-0.84977787733078;-0.526954710483551;0.010510350577533245;[];
87.3;MPIB4;54.32170389333483;29.5829379279308;-0.8873692750930786;-0.460964173078537;-0.003062729025259614;[];
87.3;MPIB3;58.21151393844684;17.05117483626475;-0.8265573382377625;-0.45858025550842285;0.3262346386909485;[];
87.3;MPIB2;14.47524258132205;6.38397732915962;-0.010149792768061161;-0.5089951753616333;0.86066073179245;[];
87.3;MPIB1;30.321914020650638;2.458714815548774;-0.84977787733078;-0.526954710483551;0.010510350577533245;[];
87.35;MPIB4;54.32170389333483;29.5829379279308;-0.8873692750930786;-0.460964173078537;-0.003062729025259614;[];
87.35;MPIB3;58.21151393844684;17.05117483626475;-0.8265573382377625;-0.45858025550842285;0.3262346386909485;[];
87.35;MPIB2;14.474086945397971;6.599310806996726;-0.010149792768061161;-0.5089951753616333;0.86066073179245;[];
87.35;MPIB1;30.321914020650638;2.458714815548774;-0.84977787733078;-0.526954710483551;0.010510350577533245;[];
87.4;MPIB4;54.32170389333483;29.5829379279308;-0.8873692750930786;-0.460964173078537;-0.003062729025259614;[];
87.4;MPIB3;58.21151393844684;17.05117483626475;-0.8265573382377625;-0.45858025550842285;0.3262346386909485;[];
87.4;MPIB2;14.473194372769171;6.814878821521489;-0.007839343510568142;-0.5089951753616333;0.860684871673584;[];
87.4;MPIB1;30.321914020650638;2.458714815548774;-0.84977787733078;-0.526954710483551;0.010510350577533245;[];
87.45;MPIB4;54.32170389333483;29.5829379279308;-0.8873692750930786;-0.460964173078537;-0.003062729025259614;[];
87.45;MPIB3;58.21151393844684;17.05117483626475;-0.8265573382377625;-0.45858025550842285;0.3262346386909485;[];
87.45;MPIB2;14.472301800140372;7.03057489309262;-0.007839343510568142;-0.5089951753616333;0.860684871673584;[];
87.45;MPIB1;30.321914020650638;2.458714815548774;-0.84977787733078;-0.526954710483551;0.010510350577533245;[];
87.5;MPIB4;54.32170389333483;29.5829379279308;-0.8873692750930786;-0.460964173078537;-0.003062729025259614;[];
87.5;MPIB3;58.21151393844684;17.05117483626475;-0.8265573382377625;-0.45858025550842285;0.3262346386909485;[];
87.5;MPIB2;14.472433338947553;7.246344862429197;0.0012339301174506545;-0.513526976108551;0.8580232858657837;[];
87.5;MPIB1;30.321914020650638;2.458714815548774;-0.84977787733078;-0.526954710483551;0.010510350577533245;[];
87.55;MPIB4;54.32170389333483;29.5829379279308;-0.8873692750930786;-0.460964173078537;-0.003062729025259614;[];
87.55;MPIB3;58.21151393844684;17.05117483626475;-0.8265573382377625;-0.45858025550842285;0.3262346386909485;[];
87.55;MPIB2;14.472564877754735;7.462155179950429;0.0012339301174506545;-0.513526976108551;0.8580232858657837;[];
87.55;MPIB1;30.321914020650638;2.458714815548774;-0.84977787733078;-0.526954710483551;0.010510350577533245;[];
87.6;MPIB4;54.32170389333483;29.5829379279308;-0.8873692750930786;-0.460964173078537;-0.003062729025259614;[];
87.6;MPIB3;58.21151393844684;17.05117483626475;-0.8265573382377625;-0.45858025550842285;0.3262346386909485;[];
87.6;MPIB2;14.472696416561917;7.677987527583014;0.0012339301174506545;-0.513526976108551;0.8580232858657837;[];
87.6;MPIB1;30.321914020650638;2.458714815548774;-0.84977787733078;-0.526954710483551;0.010510350577533245;[];
87.65;MPIB4;54.32170389333483;29.5829379279308;-0.8873692750930786;-0.460964173078537;-0.003062729025259614;[];
87.65;MPIB3;58.21151393844684;17.05117483626475;-0.8265573382377625;-0.45858025550842285;0.3262346386909485;[];
87.65;MPIB2;14.472696416561917;7.677987527583014;0.0012339301174506545;-0.513526976108551;0.8580232858657837;[];
87.65;MPIB1;30.321914020650638;2.458714815548774;-0.84977787733078;-0.526954710483551;0.010510350577533245;[];
87.7;MPIB4;54.32170389333483;29.5829379279308;-0.8873692750930786;-0.460964173078537;-0.003062729025259614;[];
87.7;MPIB3;58.21151393844684;17.05117483626475;-0.8265573382377625;-0.45858025550842285;0.3262346386909485;[];
87.7;MPIB2;14.472696416561917;7.677987527583014;0.0012339301174506545;-0.513526976108551;0.8580232858657837;[];
87.7;MPIB1;30.321914020650638;2.458714815548774;-0.84977787733078;-0.526954710483551;0.010510350577533245;[];
87.75;MPIB4;54.32170389333483;29.5829379279308;-0.8873692750930786;-0.460964173078537;-0.003062729025259614;[];
87.75;MPIB3;58.21151393844684;17.05117483626475;-0.8265573382377625;-0.45858025550842285;0.3262346386909485;[];
87.75;MPIB2;14.472696416561917;7.677987527583014;0.0012339301174506545;-0.513526976108551;0.8580232858657837;[];
87.75;MPIB1;30.321914020650638;2.458714815548774;-0.84977787733078;-0.526954710483551;0.010510350577533245;[];
87.8;MPIB4;54.32170389333483;29.5829379279308;-0.8873692750930786;-0.460964173078537;-0.003062729025259614;[];
87.8;MPIB3;58.21151393844684;17.05117483626475;-0.8265573382377625;-0.45858025550842285;0.3262346386909485;[];
87.8;MPIB2;14.472696416561917;7.677987527583014;0.0012339301174506545;-0.513526976108551;0.8580232858657837;[];
87.8;MPIB1;30.321914020650638;2.458714815548774;-0.84977787733078;-0.526954710483551;0.010510350577533245;[];
87.85;MPIB4;54.32170389333483;29.5829379279308;-0.8873692750930786;-0.460964173078537;-0.003062729025259614;[];
87.85;MPIB3;58.21151393844684;17.05117483626475;-0.8265573382377625;-0.45858025550842285;0.3262346386909485;[];
87.85;MPIB2;14.472696416561917;7.677987527583014;0.0012339301174506545;-0.513526976108551;0.8580232858657837;[];
87.85;MPIB1;30.321914020650638;2.458714815548774;-0.84977787733078;-0.526954710483551;0.010510350577533245;[];
87.9;MPIB4;54.32170389333483;29.5829379279308;-0.8873692750930786;-0.460964173078537;-0.003062729025259614;[];
87.9;MPIB3;58.21151393844684;17.05117483626475;-0.8265573382377625;-0.45858025550842285;0.3262346386909485;[];
87.9;MPIB2;14.472696416561917;7.677987527583014;0.0012339301174506545;-0.513526976108551;0.8580232858657837;[];
87.9;MPIB1;30.321914020650638;2.458714815548774;-0.84977787733078;-0.526954710483551;0.010510350577533245;[];
87.95;MPIB4;54.32170389333483;29.5829379279308;-0.8873692750930786;-0.460964173078537;-0.003062729025259614;[];
87.95;MPIB3;58.21151393844684;17.05117483626475;-0.8265573382377625;-0.45858025550842285;0.3262346386909485;[];
87.95;MPIB2;14.472696416561917;7.677987527583014;0.0012339301174506545;-0.513526976108551;0.8580232858657837;[];
87.95;MPIB1;30.321914020650638;2.458714815548774;-0.84977787733078;-0.526954710483551;0.010510350577533245;[];
88.0;MPIB4;54.32170389333483;29.5829379279308;-0.8873692750930786;-0.460964173078537;-0.003062729025259614;[];
88.0;MPIB3;58.21151393844684;17.05117483626475;-0.8265573382377625;-0.45858025550842285;0.3262346386909485;[];
88.0;MPIB2;14.472696416561917;7.677987527583014;0.0012339301174506545;-0.513526976108551;0.8580232858657837;[];
88.0;MPIB1;30.321914020650638;2.458714815548774;-0.84977787733078;-0.526954710483551;0.010510350577533245;[];
88.05;MPIB4;54.32170389333483;29.5829379279308;-0.8873692750930786;-0.460964173078537;-0.003062729025259614;[];
88.05;MPIB3;58.21151393844684;17.05117483626475;-0.8265573382377625;-0.45858025550842285;0.3262346386909485;[];
88.05;MPIB2;14.472696416561917;7.677987527583014;0.0012339301174506545;-0.513526976108551;0.8580232858657837;[];
88.05;MPIB1;30.321914020650638;2.458714815548774;-0.84977787733078;-0.526954710483551;0.010510350577533245;[];
88.1;MPIB4;54.32170389333483;29.5829379279308;-0.8873692750930786;-0.460964173078537;-0.003062729025259614;[];
88.1;MPIB3;58.21151393844684;17.05117483626475;-0.8265573382377625;-0.45858025550842285;0.3262346386909485;[];
88.1;MPIB2;14.472696416561917;7.677987527583014;0.0012339301174506545;-0.513526976108551;0.8580232858657837;[];
88.1;MPIB1;30.30000001192093;2.4793189110869207;-0.84977787733078;-0.526954710483551;0.010510350577533245;[];
88.15;MPIB4;54.32170389333483;29.5829379279308;-0.8873692750930786;-0.460964173078537;-0.003062729025259614;[];
88.15;MPIB3;58.21151393844684;17.05117483626475;-0.8265573382377625;-0.45858025550842285;0.3262346386909485;[];
88.15;MPIB2;14.472696416561917;7.677987527583014;0.0012339301174506545;-0.513526976108551;0.8580232858657837;[];
88.15;MPIB1;30.30000001192093;2.4793189110869207;-0.84977787733078;-0.526954710483551;0.010510350577533245;[];
88.2;MPIB4;54.32170389333483;29.5829379279308;-0.8873692750930786;-0.460964173078537;-0.003062729025259614;[];
88.2;MPIB3;58.21151393844684;17.05117483626475;-0.8265573382377625;-0.45858025550842285;0.3262346386909485;[];
88.2;MPIB2;14.472696416561917;7.677987527583014;0.0012339301174506545;-0.513526976108551;0.8580232858657837;[];
88.2;MPIB1;30.30000001192093;2.4793189110869207;-0.84977787733078;-0.526954710483551;0.010510350577533245;[];
88.25;MPIB4;54.30000001192093;29.57617308654841;-0.8873692750930786;-0.460964173078537;-0.003062729025259614;[];
88.25;MPIB3;58.21151393844684;17.05117483626475;-0.8265573382377625;-0.45858025550842285;0.3262346386909485;[];
88.25;MPIB2;14.472696416561917;7.677987527583014;0.0012339301174506545;-0.513526976108551;0.8580232858657837;[];
88.25;MPIB1;30.30000001192093;2.4793189110869207;-0.84977787733078;-0.526954710483551;0.010510350577533245;[];
88.3;MPIB4;54.30000001192093;29.57617308654841;-0.8873692750930786;-0.460964173078537;-0.003062729025259614;[];
88.3;MPIB3;58.21151393844684;17.05117483626475;-0.8265573382377625;-0.45858025550842285;0.3262346386909485;[];
88.3;MPIB2;14.472696416561917;7.677987527583014;0.0012339301174506545;-0.513526976108551;0.8580232858657837;[];
88.3;MPIB1;30.30000001192093;2.4793189110869207;-0.84977787733078;-0.526954710483551;0.010510350577533245;[];
88.35;MPIB4;54.30000001192093;29.57617308654841;-0.8873692750930786;-0.460964173078537;-0.003062729025259614;[];
88.35;MPIB3;58.21151393844684;17.05117483626475;-0.8265573382377625;-0.45858025550842285;0.3262346386909485;[];
88.35;MPIB2;14.472696416561917;7.677987527583014;0.0012339301174506545;-0.513526976108551;0.8580232858657837;[];
88.35;MPIB1;30.30000001192093;2.4793189110869207;-0.84977787733078;-0.526954710483551;0.010510350577533245;[];
88.4;MPIB4;54.30000001192093;29.57617308654841;-0.8873692750930786;-0.460964173078537;-0.003062729025259614;[];
88.4;MPIB3;58.21151393844684;17.05117483626475;-0.8265573382377625;-0.45858025550842285;0.3262346386909485;[];
88.4;MPIB2;14.472696416561917;7.677987527583014;0.0012339301174506545;-0.513526976108551;0.8580232858657837;[];
88.4;MPIB1;30.30000001192093;2.4793189110869207;-0.84977787733078;-0.526954710483551;0.010510350577533245;[];
88.45;MPIB4;54.30000001192093;29.57617308654841;-0.8873692750930786;-0.460964173078537;-0.003062729025259614;[];
88.45;MPIB3;58.21151393844684;17.05117483626475;-0.8265573382377625;-0.45858025550842285;0.3262346386909485;[];
88.45;MPIB2;14.472696416561917;7.677987527583014;0.0012339301174506545;-0.513526976108551;0.8580232858657837;[];
88.45;MPIB1;30.30000001192093;2.4793189110869207;-0.84977787733078;-0.526954710483551;0.010510350577533245;[];
88.5;MPIB4;54.30000001192093;29.57617308654841;-0.8873692750930786;-0.460964173078537;-0.003062729025259614;[];
88.5;MPIB3;58.21151393844684;17.05117483626475;-0.8265573382377625;-0.45858025550842285;0.3262346386909485;[];
88.5;MPIB2;14.472696416561917;7.677987527583014;0.0012339301174506545;-0.513526976108551;0.8580232858657837;[];
88.5;MPIB1;30.30000001192093;2.4793189110869207;-0.84977787733078;-0.526954710483551;0.010510350577533245;[];
88.55;MPIB4;54.30000001192093;29.57617308654841;-0.8873692750930786;-0.460964173078537;-0.003062729025259614;[];
88.55;MPIB3;58.21151393844684;17.05117483626475;-0.8265573382377625;-0.45858025550842285;0.3262346386909485;[];
88.55;MPIB2;14.472696416561917;7.677987527583014;0.0012339301174506545;-0.513526976108551;0.8580232858657837;[];
88.55;MPIB1;30.30000001192093;2.4793189110869207;-0.84977787733078;-0.526954710483551;0.010510350577533245;[];
88.6;MPIB4;54.30000001192093;29.57617308654841;-0.8873692750930786;-0.460964173078537;-0.003062729025259614;[];
88.6;MPIB3;58.21151393844684;17.05117483626475;-0.8265573382377625;-0.45858025550842285;0.3262346386909485;[];
88.6;MPIB2;14.47532719270555;7.699999988079071;0.0012339301174506545;-0.513526976108551;0.8580232858657837;[];
88.6;MPIB1;30.30000001192093;2.4793189110869207;-0.8498021960258484;-0.526954710483551;0.008310589008033276;[];
88.65;MPIB4;54.30000001192093;29.57617308654841;-0.8873692750930786;-0.460964173078537;-0.003062729025259614;[];
88.65;MPIB3;58.21151393844684;17.05117483626475;-0.8265573382377625;-0.45858025550842285;0.3262346386909485;[];
88.65;MPIB2;14.47532719270555;7.699999988079071;0.0012339301174506545;-0.513526976108551;0.8580232858657837;[];
88.65;MPIB1;30.30000001192093;2.4793189110869207;-0.8498342633247375;-0.526954710483551;0.003829437308013439;[];
88.7;MPIB4;54.30000001192093;29.57617308654841;-0.8873692750930786;-0.460964173078537;-0.003062729025259614;[];
88.7;MPIB3;58.21151393844684;17.05117483626475;-0.8265573382377625;-0.45858025550842285;0.3262346386909485;[];
88.7;MPIB2;14.47532719270555;7.699999988079071;0.0012339301174506545;-0.513526976108551;0.8580232858657837;[];
88.7;MPIB1;30.30000001192093;2.4793189110869207;-0.849841296672821;-0.526954710483551;0.0016295522218570113;[];
88.75;MPIB4;54.30000001192093;29.57617308654841;-0.8873692750930786;-0.460964173078537;-0.003062729025259614;[];
88.75;MPIB3;58.21151393844684;17.05117483626475;-0.8265573382377625;-0.45858025550842285;0.3262346386909485;[];
88.75;MPIB2;14.47532719270555;7.699999988079071;0.0012339301174506545;-0.513526976108551;0.8580232858657837;[];
88.75;MPIB1;30.30000001192093;2.4793189110869207;-0.849841296672821;-0.526954710483551;0.0016295522218570113;[];
88.8;MPIB4;54.30000001192093;29.57617308654841;-0.8873692750930786;-0.460964173078537;-0.003062729025259614;[];
88.8;MPIB3;58.21151393844684;17.05117483626475;-0.8265573382377625;-0.45858025550842285;0.3262346386909485;[];
88.8;MPIB2;14.47532719270555;7.699999988079071;0.0012339301174506545;-0.513526976108551;0.8580232858657837;[];
88.8;MPIB1;30.30000001192093;2.4793189110869207;-0.8512228727340698;-0.5246713161468506;-0.007345079910010099;[];
88.85;MPIB4;54.30000001192093;29.57617308654841;-0.8873692750930786;-0.460964173078537;-0.003062729025259614;[];
88.85;MPIB3;58.21151393844684;17.05117483626475;-0.8265573382377625;-0.45858025550842285;0.3262346386909485;[];
88.85;MPIB2;14.47532719270555;7.699999988079071;0.0012339301174506545;-0.513526976108551;0.8580232858657837;[];
88.85;MPIB1;30.30000001192093;2.4793189110869207;-0.8512228727340698;-0.5246713161468506;-0.007345079910010099;[];
88.9;MPIB4;54.30000001192093;29.57617308654841;-0.8873692750930786;-0.460964173078537;-0.003062729025259614;[];
88.9;MPIB3;58.21151393844684;17.05117483626475;-0.8265573382377625;-0.45858025550842285;0.3262346386909485;[];
88.9;MPIB2;14.47532719270555;7.699999988079071;0.0012339301174506545;-0.513526976108551;0.8580232858657837;[];
88.9;MPIB1;30.30000001192093;2.4793189110869207;-0.8512228727340698;-0.5246713161468506;-0.007345079910010099;[];
88.95;MPIB4;54.30000001192093;29.57617308654841;-0.8873692750930786;-0.460964173078537;-0.003062729025259614;[];
88.95;MPIB3;58.21151393844684;17.05117483626475;-0.8265573382377625;-0.45858025550842285;0.3262346386909485;[];
88.95;MPIB2;14.47532719270555;7.699999988079071;0.0012339301174506545;-0.513526976108551;0.8580232858657837;[];
88.95;MPIB1;30.30000001192093;2.4793189110869207;-0.8512228727340698;-0.5246713161468506;-0.007345079910010099;[];
89.0;MPIB4;54.30000001192093;29.57617308654841;-0.8873692750930786;-0.460964173078537;-0.003062729025259614;[];
89.0;MPIB3;58.21151393844684;17.05117483626475;-0.825710117816925;-0.45858025550842285;0.32837316393852234;[];
89.0;MPIB2;14.47532719270555;7.699999988079071;0.0012339301174506545;-0.513526976108551;0.8580232858657837;[];
89.0;MPIB1;30.30000001192093;2.4793189110869207;-0.8512228727340698;-0.5246713161468506;-0.007345079910010099;[];
89.05;MPIB4;54.30000001192093;29.57617308654841;-0.8873692750930786;-0.460964173078537;-0.003062729025259614;[];
89.05;MPIB3;58.21151393844684;17.05117483626475;-0.825710117816925;-0.45858025550842285;0.32837316393852234;[];
89.05;MPIB2;14.47532719270555;7.699999988079071;0.0012339301174506545;-0.513526976108551;0.8580232858657837;[];
89.05;MPIB1;30.30000001192093;2.4793189110869207;-0.8512228727340698;-0.5246713161468506;-0.007345079910010099;[];
89.1;MPIB4;54.202000603079796;29.570422971373375;-0.8873692750930786;-0.460964173078537;-0.003062729025259614;[];
89.1;MPIB3;58.21151393844684;17.05117483626475;-0.8239670395851135;-0.45858025550842285;0.33272257447242737;[];
89.1;MPIB2;14.47532719270555;7.699999988079071;0.0012339301174506545;-0.513526976108551;0.8580232858657837;[];
89.1;MPIB1;30.202003672719;2.4855667854217245;-0.8512228727340698;-0.5246713161468506;-0.007345079910010099;[];
89.15;MPIB4;54.05049351079634;29.570084729304256;-0.8873692750930786;-0.460964173078537;-0.003062729025259614;[];
89.15;MPIB3;58.21151393844684;17.05117483626475;-0.8239670395851135;-0.45858025550842285;0.33272257447242737;[];
89.15;MPIB2;14.47532719270555;7.699999988079071;0.0012339301174506545;-0.513526976108551;0.8580232858657837;[];
89.15;MPIB1;30.0505013260979;2.4847211890528342;-0.8512228727340698;-0.5246713161468506;-0.007345079910010099;[];
89.2;MPIB4;53.869771219959965;29.569746487235136;-0.8873692750930786;-0.460964173078537;-0.003062729025259614;[];
89.2;MPIB3;58.21151393844684;17.05117483626475;-0.8239670395851135;-0.45858025550842285;0.33272257447242737;[];
89.2;MPIB2;14.47532719270555;7.699999988079071;0.0012339301174506545;-0.513526976108551;0.8580232858657837;[];
89.2;MPIB1;29.86978469603264;2.483875592683944;-0.8512228727340698;-0.5246713161468506;-0.007345079910010099;[];
89.25;MPIB4;53.673097428860885;29.569408245166017;-0.8873692750930786;-0.460964173078537;-0.003062729025259614;[];
89.25;MPIB3;58.21151393844684;17.05117483626475;-0.8239670395851135;-0.45858025550842285;0.33272257447242737;[];
89.25;MPIB2;14.47532719270555;7.699999988079071;0.0012339301174506545;-0.513526976108551;0.8580232858657837;[];
89.25;MPIB1;29.67311706535429;2.4830299963150537;-0.8512228727340698;-0.5246713161468506;-0.007345079910010099;[];
89.3;MPIB4;53.46771411760673;29.569070003096897;-0.8873692750930786;-0.460964173078537;-0.003062729025259614;[];
89.3;MPIB3;58.21151393844684;17.05117483626475;-0.8231030106544495;-0.45858025550842285;0.3348543643951416;[];
89.3;MPIB2;14.47532719270555;7.699999988079071;0.0012339301174506545;-0.513526976108551;0.8580232858657837;[];
89.3;MPIB1;29.467740187329355;2.4821843999461635;-0.8512228727340698;-0.5246713161468506;-0.007345079910010099;[];
89.35;MPIB4;53.25757540779556;29.568731761027777;-0.8873692750930786;-0.460964173078537;-0.003062729025259614;[];
89.35;MPIB3;58.21151393844684;17.05117483626475;-0.8224530816078186;-0.45627835392951965;0.33956316113471985;[];
89.35;MPIB2;14.47532719270555;7.699999988079071;0.0012339301174506545;-0.513526976108551;0.8580232858657837;[];
89.35;MPIB1;29.257608059700942;2.481338803577273;-0.8512228727340698;-0.5246713161468506;-0.007345079910010099;[];
89.4;MPIB4;53.04484025007066;29.568393518958658;-0.8873692750930786;-0.460964173078537;-0.003062729025259614;[];
89.4;MPIB3;58.21151393844684;17.05117483626475;-0.8160634636878967;-0.45627835392951965;0.3546443283557892;[];
89.4;MPIB2;14.47532719270555;7.699999988079071;0.0012339301174506545;-0.513526976108551;0.8580232858657837;[];
89.4;MPIB1;29.044879565487463;2.480493207208383;-0.8512228727340698;-0.5246713161468506;-0.007345079910010099;[];
89.45;MPIB4;52.83068743162021;29.568055276889538;-0.8873692750930786;-0.460964173078537;-0.003062729025259614;[];
89.45;MPIB3;58.21151393844684;17.05117483626475;-0.8132501840591431;-0.45627835392951965;0.3610489070415497;[];
89.45;MPIB2;14.477563352427637;7.797999888658524;0.0012339301174506545;-0.513526976108551;0.8580232858657837;[];
89.45;MPIB1;28.830733454953815;2.4796476108394927;-0.8512228727340698;-0.5246713161468506;-0.007345079910010099;[];
89.5;MPIB4;52.6157605703237;29.56771703482042;-0.8873692750930786;-0.460964173078537;-0.003062729025259614;[];
89.5;MPIB3;58.21151393844684;17.05117483626475;-0.8123128414154053;-0.45627835392951965;0.3631528615951538;[];
89.5;MPIB2;14.477694891234819;7.949507741169441;0.0012339301174506545;-0.513526976108551;0.8580232858657837;[];
89.5;MPIB1;28.615813325819545;2.4788020144706024;-0.8512228727340698;-0.5246713161468506;-0.007345079910010099;[];
89.55;MPIB4;52.40041108158415;29.5673787927513;-0.8873692750930786;-0.460964173078537;-0.003062729025259614;[];
89.55;MPIB3;58.21151393844684;17.05117483626475;-0.8123128414154053;-0.45627835392951965;0.3631528615951538;[];
89.55;MPIB2;14.477826430042;8.13023093882839;0.0012339301174506545;-0.513526976108551;0.8580232858657837;[];
89.55;MPIB1;28.40047058248024;2.477956418101712;-0.8512228727340698;-0.5246713161468506;-0.007345079910010099;[];
89.6;MPIB4;52.18483083823391;29.56704055068218;-0.8873692750930786;-0.460964173078537;-0.003062729025259614;[];
89.6;MPIB3;58.21151393844684;17.05117483626475;-0.8123128414154053;-0.45627835392951965;0.3631528615951538;[];
89.6;MPIB2;14.477957968849182;8.326905716790975;0.0012339301174506545;-0.513526976108551;0.8580232858657837;[];
89.6;MPIB1;28.184897091758103;2.477110821732822;-0.8512228727340698;-0.5246713161468506;-0.007345079910010099;[];
89.65;MPIB4;51.96912460285158;29.56670230861306;-0.8873692750930786;-0.460964173078537;-0.003062729025259614;[];
89.65;MPIB3;58.21151393844684;17.05117483626475;-0.8123128414154053;-0.45627835392951965;0.3631528615951538;[];
89.65;MPIB2;14.478089507656364;8.532290058610982;0.0012339301174506545;-0.513526976108551;0.8580232858657837;[];
89.65;MPIB1;27.96919761295044;2.4762652253639317;-0.8512228727340698;-0.5246713161468506;-0.007345079910010099;[];
89.7;MPIB4;51.75334957581175;29.56636406654394;-0.8873692750930786;-0.460964173078537;-0.003062729025259614;[];
89.7;MPIB3;58.21151393844684;17.05117483626475;-0.8123128414154053;-0.45627835392951965;0.3631528615951538;[];
89.7;MPIB2;14.478221046463545;8.742429822849488;0.0012339301174506545;-0.513526976108551;0.8580232858657837;[];
89.7;MPIB1;27.753429344639926;2.4754196289950414;-0.8512228727340698;-0.5246713161468506;-0.007345079910010099;[];
89.75;MPIB4;51.75334957581175;29.56636406654394;-0.8873692750930786;-0.460964173078537;-0.003062729025259614;[];
89.75;MPIB3;58.21151393844684;17.05117483626475;-0.8123128414154053;-0.45627835392951965;0.3631528615951538;[];
89.75;MPIB2;14.478352585270727;8.955166048030094;0.0012339301174506545;-0.513526976108551;0.8580232858657837;[];
89.75;MPIB1;27.537623517256634;2.474574032626151;-0.8512228727340698;-0.5246713161468506;-0.007345079910010099;[];
89.8;MPIB4;51.32170389333483;29.5656875824057;-0.8873692750930786;-0.460964173078537;-0.003062729025259614;[];
89.8;MPIB3;58.21151393844684;17.05117483626475;-0.8123128414154053;-0.45627835392951965;0.3631528615951538;[];
89.8;MPIB2;14.478484124077909;9.169319941049736;0.0012339301174506545;-0.513526976108551;0.8580232858657837;[];
89.8;MPIB1;27.321797182617047;2.473728436257261;-0.8512228727340698;-0.5246713161468506;-0.007345079910010099;[];
89.85;MPIB4;51.32170389333483;29.5656875824057;-0.8873692750930786;-0.460964173078537;-0.003062729025259614;[];
89.85;MPIB3;58.21151393844684;17.05117483626475;-0.8123128414154053;-0.45627835392951965;0.3631528615951538;[];
89.85;MPIB2;14.47861566288509;9.384247880799421;0.0012339301174506545;-0.513526976108551;0.8580232858657837;[];
89.85;MPIB1;27.321797182617047;2.473728436257261;-0.8512228727340698;-0.5246713161468506;-0.007345079910010099;[];
89.9;MPIB4;51.32170389333483;29.5656875824057;-0.8873692750930786;-0.460964173078537;-0.003062729025259614;[];
89.9;MPIB3;58.21151393844684;17.05117483626475;-0.8123128414154053;-0.45627835392951965;0.3631528615951538;[];
89.9;MPIB2;14.478747201692272;9.59959845011278;0.0012339301174506545;-0.513526976108551;0.8580232858657837;[];
89.9;MPIB1;27.321797182617047;2.473728436257261;-0.8512228727340698;-0.5246713161468506;-0.007345079910010099;[];
89.95;MPIB4;51.32170389333483;29.5656875824057;-0.8873692750930786;-0.460964173078537;-0.003062729025259614;[];
89.95;MPIB3;58.21151393844684;17.05117483626475;-0.8123128414154053;-0.45627835392951965;0.3631528615951538;[];
89.95;MPIB2;14.478878740499454;9.815179775194736;0.0012339301174506545;-0.513526976108551;0.8580232858657837;[];
89.95;MPIB1;27.321797182617047;2.473728436257261;-0.8512228727340698;-0.5246713161468506;-0.007345079910010099;[];
90.0;MPIB4;51.32170389333483;29.5656875824057;-0.8873692750930786;-0.460964173078537;-0.003062729025259614;[];
90.0;MPIB3;58.21151393844684;17.05117483626475;-0.8123128414154053;-0.45627835392951965;0.3631528615951538;[];
90.0;MPIB2;14.479010279306635;10.030887092940958;0.0012339301174506545;-0.513526976108551;0.8580232858657837;[];
90.0;MPIB1;27.321797182617047;2.473728436257261;-0.8512228727340698;-0.5246713161468506;-0.007345079910010099;[];
90.05;MPIB4;51.32170389333483;29.5656875824057;-0.8873692750930786;-0.460964173078537;-0.003062729025259614;[];
90.05;MPIB3;58.21151393844684;17.05117483626475;-0.8123128414154053;-0.45627835392951965;0.3631528615951538;[];
90.05;MPIB2;14.479141818113817;10.24666320268986;0.0012339301174506545;-0.513526976108551;0.8580232858657837;[];
90.05;MPIB1;27.321797182617047;2.473728436257261;-0.8512228727340698;-0.5246713161468506;-0.007345079910010099;[];
90.1;MPIB4;51.32170389333483;29.5656875824057;-0.8873692750930786;-0.460964173078537;-0.003062729025259614;[];
90.1;MPIB3;58.21151393844684;17.05117483626475;-0.8123128414154053;-0.45627835392951965;0.3631528615951538;[];
90.1;MPIB2;14.479273356920999;10.462476872876579;0.0012339301174506545;-0.513526976108551;0.8580232858657837;[];
90.1;MPIB1;27.321797182617047;2.473728436257261;-0.8512228727340698;-0.5246713161468506;-0.007345079910010099;[];
90.15;MPIB4;51.32170389333483;29.5656875824057;-0.8873692750930786;-0.460964173078537;-0.003062729025259614;[];
90.15;MPIB3;58.21151393844684;17.05117483626475;-0.8123128414154053;-0.45627835392951965;0.3631528615951538;[];
90.15;MPIB2;14.47940489572818;10.678311051064753;0.0012339301174506545;-0.513526976108551;0.8580232858657837;[];
90.15;MPIB1;27.321797182617047;2.473728436257261;-0.8512228727340698;-0.5246713161468506;-0.007345079910010099;[];
90.2;MPIB4;51.32170389333483;29.5656875824057;-0.8873692750930786;-0.460964173078537;-0.003062729025259614;[];
90.2;MPIB3;58.21151393844684;17.05117483626475;-0.8135531544685364;-0.45157986879348755;0.3662371337413788;[];
90.2;MPIB2;14.47940489572818;10.678311051064753;0.0012339301174506545;-0.513526976108551;0.8580232858657837;[];
90.2;MPIB1;27.321797182617047;2.473728436257261;-0.8512228727340698;-0.5246713161468506;-0.007345079910010099;[];
90.25;MPIB4;51.32170389333483;29.5656875824057;-0.8873692750930786;-0.460964173078537;-0.003062729025259614;[];
90.25;MPIB3;58.21151393844684;17.05117483626475;-0.8156744837760925;-0.446954607963562;0.3671920895576477;[];
90.25;MPIB2;14.47940489572818;10.678311051064753;0.0012339301174506545;-0.513526976108551;0.8580232858657837;[];
90.25;MPIB1;27.321797182617047;2.473728436257261;-0.8512228727340698;-0.5246713161468506;-0.007345079910010099;[];
90.3;MPIB4;51.32170389333483;29.5656875824057;-0.8873692750930786;-0.460964173078537;-0.003062729025259614;[];
90.3;MPIB3;58.21151393844684;17.05117483626475;-0.8219121098518372;-0.4351666569709778;0.36744430661201477;[];
90.3;MPIB2;14.47940489572818;10.678311051064753;0.0012339301174506545;-0.513526976108551;0.8580232858657837;[];
90.3;MPIB1;27.321797182617047;2.473728436257261;-0.8512228727340698;-0.5246713161468506;-0.007345079910010099;[];
90.35;MPIB4;51.32170389333483;29.5656875824057;-0.8873692750930786;-0.460964173078537;-0.003062729025259614;[];
90.35;MPIB3;58.21151393844684;17.05117483626475;-0.867210865020752;-0.3946968615055084;0.30346354842185974;[];
90.35;MPIB2;14.47940489572818;10.678311051064753;0.0012339301174506545;-0.513526976108551;0.8580232858657837;[];
90.35;MPIB1;27.321797182617047;2.473728436257261;-0.8512228727340698;-0.5246713161468506;-0.007345079910010099;[];
90.4;MPIB4;51.32170389333483;29.5656875824057;-0.8873692750930786;-0.460964173078537;-0.003062729025259614;[];
90.4;MPIB3;58.21151393844684;17.05117483626475;-0.9378293752670288;-0.34365129470825195;0.04814582318067551;[];
90.4;MPIB2;14.47940489572818;10.678311051064753;0.0012339301174506545;-0.513526976108551;0.8580232858657837;[];
90.4;MPIB1;27.321797182617047;2.473728436257261;-0.8512228727340698;-0.5246713161468506;-0.007345079910010099;[];
90.45;MPIB4;51.32170389333483;29.5656875824057;-0.8873692750930786;-0.460964173078537;-0.003062729025259614;[];
90.45;MPIB3;58.21151393844684;17.05117483626475;-0.8421350121498108;-0.25375300645828247;-0.47578462958335876;[];
90.45;MPIB2;14.47940489572818;10.678311051064753;0.0012339301174506545;-0.513526976108551;0.8580232858657837;[];
90.45;MPIB1;27.321797182617047;2.473728436257261;-0.8512228727340698;-0.5246713161468506;-0.007345079910010099;[];
90.5;MPIB4;51.32170389333483;29.5656875824057;-0.8873692750930786;-0.460964173078537;-0.003062729025259614;[];
90.5;MPIB3;58.21151393844684;17.05117483626475;-0.43007081747055054;-0.09143160283565521;-0.8981435298919678;[];
90.5;MPIB2;14.47940489572818;10.678311051064753;0.0012339301174506545;-0.513526976108551;0.8580232858657837;[];
90.5;MPIB1;27.321797182617047;2.473728436257261;-0.8512228727340698;-0.5246713161468506;-0.007345079910010099;[];
90.55;MPIB4;51.32170389333483;29.5656875824057;-0.8873692750930786;-0.460964173078537;-0.003062729025259614;[];
90.55;MPIB3;58.21151393844684;17.05117483626475;-0.053818896412849426;0.036615606397390366;-0.997879147529602;[];
90.55;MPIB2;14.47940489572818;10.678311051064753;0.0012339301174506545;-0.513526976108551;0.8580232858657837;[];
90.55;MPIB1;27.321797182617047;2.473728436257261;-0.8512228727340698;-0.5246713161468506;-0.007345079910010099;[];
90.6;MPIB4;51.32170389333483;29.5656875824057;-0.8873692750930786;-0.460964173078537;-0.003062729025259614;[];
90.6;MPIB3;58.21151393844684;17.05117483626475;0.12858732044696808;0.08627490699291229;-0.9879382252693176;[];
90.6;MPIB2;14.47940489572818;10.678311051064753;0.0012339301174506545;-0.513526976108551;0.8580232858657837;[];
90.6;MPIB1;27.321797182617047;2.473728436257261;-0.8512228727340698;-0.5246713161468506;-0.007345079910010099;[];
90.65;MPIB4;51.32170389333483;29.5656875824057;-0.8873692750930786;-0.460964173078537;-0.003062729025259614;[];
90.65;MPIB3;58.21151393844684;17.05117483626475;0.2711123824119568;0.10183289647102356;-0.9571458101272583;[];
90.65;MPIB2;14.47940489572818;10.678311051064753;0.0012339301174506545;-0.513526976108551;0.8580232858657837;[];
90.65;MPIB1;27.321797182617047;2.473728436257261;-0.8512228727340698;-0.5246713161468506;-0.007345079910010099;[];
90.7;MPIB4;51.32170389333483;29.5656875824057;-0.8873692750930786;-0.460964173078537;-0.003062729025259614;[];
90.7;MPIB3;58.21151393844684;17.05117483626475;0.398397296667099;0.10450303554534912;-0.9112401604652405;[];
90.7;MPIB2;14.47940489572818;10.678311051064753;0.0012339301174506545;-0.513526976108551;0.8580232858657837;[];
90.7;MPIB1;27.321797182617047;2.473728436257261;-0.8512228727340698;-0.5246713161468506;-0.007345079910010099;[];
90.75;MPIB4;51.32170389333483;29.5656875824057;-0.8873692750930786;-0.460964173078537;-0.003062729025259614;[];
90.75;MPIB3;58.21151393844684;17.05117483626475;0.4868772625923157;0.10450303554534912;-0.8671963810920715;[];
90.75;MPIB2;14.47940489572818;10.678311051064753;0.0012339301174506545;-0.513526976108551;0.8580232858657837;[];
90.75;MPIB1;27.321797182617047;2.473728436257261;-0.8512228727340698;-0.5246713161468506;-0.007345079910010099;[];
90.8;MPIB4;51.32170389333483;29.5656875824057;-0.8873692750930786;-0.460964173078537;-0.003062729025259614;[];
90.8;MPIB3;58.21151393844684;17.05117483626475;0.5192955732345581;0.08627490699291229;-0.8502286076545715;[];
90.8;MPIB2;14.47940489572818;10.678311051064753;0.0012339301174506545;-0.513526976108551;0.8580232858657837;[];
90.8;MPIB1;27.30000001192093;2.456816508879456;-0.8512228727340698;-0.5246713161468506;-0.007345079910010099;[];
90.85;MPIB4;51.32170389333483;29.5656875824057;-0.8873692750930786;-0.460964173078537;-0.003062729025259614;[];
90.85;MPIB3;58.21151393844684;17.05117483626475;0.5296043753623962;0.04447077214717865;-0.8470782041549683;[];
90.85;MPIB2;14.47940489572818;10.678311051064753;0.0012339301174506545;-0.513526976108551;0.8580232858657837;[];
90.85;MPIB1;27.30000001192093;2.456816508879456;-0.8512228727340698;-0.5246713161468506;-0.007345079910010099;[];
90.9;MPIB4;51.32170389333483;29.5656875824057;-0.8873692750930786;-0.460964173078537;-0.003062729025259614;[];
90.9;MPIB3;58.21151393844684;17.05117483626475;0.5301128625869751;0.00776569964364171;-0.8478915095329285;[];
90.9;MPIB2;14.47940489572818;10.678311051064753;0.0012339301174506545;-0.513526976108551;0.8580232858657837;[];
90.9;MPIB1;27.30000001192093;2.456816508879456;-0.8512228727340698;-0.5246713161468506;-0.007345079910010099;[];
90.95;MPIB4;51.32170389333483;29.5656875824057;-0.8873692750930786;-0.460964173078537;-0.003062729025259614;[];
90.95;MPIB3;58.21151393844684;17.05117483626475;0.47546690702438354;-0.036615606397390366;-0.87896728515625;[];
90.95;MPIB2;14.47940489572818;10.678311051064753;0.0012339301174506545;-0.513526976108551;0.8580232858657837;[];
90.95;MPIB1;27.30000001192093;2.456816508879456;-0.8512228727340698;-0.5246713161468506;-0.007345079910010099;[];
91.0;MPIB4;51.32170389333483;29.5656875824057;-0.8873692750930786;-0.460964173078537;-0.003062729025259614;[];
91.0;MPIB3;58.21151393844684;17.05117483626475;0.40399327874183655;-0.08102033287286758;-0.9111584424972534;[];
91.0;MPIB2;14.47940489572818;10.678311051064753;0.0012339301174506545;-0.513526976108551;0.8580232858657837;[];
91.0;MPIB1;27.30000001192093;2.456816508879456;-0.8512228727340698;-0.5246713161468506;-0.007345079910010099;[];
91.05;MPIB4;51.30000001192093;29.558659666464848;-0.8873177766799927;-0.460964173078537;-0.010038750246167183;[];
91.05;MPIB3;58.21151393844684;17.05117483626475;0.3621760308742523;-0.10707709938287735;-0.925927996635437;[];
91.05;MPIB2;14.47940489572818;10.678311051064753;0.0012339301174506545;-0.513526976108551;0.8580232858657837;[];
91.05;MPIB1;27.30000001192093;2.456816508879456;-0.8512228727340698;-0.5246713161468506;-0.007345079910010099;[];
91.1;MPIB4;51.30000001192093;29.558659666464848;-0.8836659789085388;-0.46792641282081604;-0.009997434914112091;[];
91.1;MPIB3;58.21151393844684;17.05117483626475;0.32248860597610474;-0.12269613146781921;-0.9385752081871033;[];
91.1;MPIB2;14.47940489572818;10.678311051064753;0.0012339301174506545;-0.513526976108551;0.8580232858657837;[];
91.1;MPIB1;27.30000001192093;2.456816508879456;-0.8512228727340698;-0.5246713161468506;-0.007345079910010099;[];
91.15;MPIB4;51.30000001192093;29.558659666464848;-0.882451593875885;-0.47021257877349854;-0.009983696043491364;[];
91.15;MPIB3;58.21151393844684;17.05117483626475;0.23457030951976776;-0.14341038465499878;-0.9614483714103699;[];
91.15;MPIB2;14.482035671871813;10.699999988079071;0.0012339301174506545;-0.513526976108551;0.8580232858657837;[];
91.15;MPIB1;27.30000001192093;2.456816508879456;-0.8512228727340698;-0.5246713161468506;-0.007345079910010099;[];
91.2;MPIB4;51.30000001192093;29.558659666464848;-0.8800051212310791;-0.47477537393569946;-0.009956018067896366;[];
91.2;MPIB3;58.21151393844684;17.05117483626475;0.19403643906116486;-0.1486269235610962;-0.969655454158783;[];
91.2;MPIB2;14.482035671871813;10.699999988079071;0.0012339301174506545;-0.513526976108551;0.8580232858657837;[];
91.2;MPIB1;27.30000001192093;2.456816508879456;-0.8512228727340698;-0.5246713161468506;-0.007345079910010099;[];
91.25;MPIB4;51.30000001192093;29.558659666464848;-0.8800051212310791;-0.47477537393569946;-0.009956018067896366;[];
91.25;MPIB3;58.21151393844684;17.05117483626475;0.19143274426460266;-0.1486269235610962;-0.9701728224754333;[];
91.25;MPIB2;14.482035671871813;10.699999988079071;0.0012339301174506545;-0.513526976108551;0.8580232858657837;[];
91.25;MPIB1;27.30000001192093;2.456816508879456;-0.8512228727340698;-0.5246713161468506;-0.007345079910010099;[];
91.3;MPIB4;51.30000001192093;29.558659666464848;-0.8787273168563843;-0.4771362841129303;-0.00994156114757061;[];
91.3;MPIB3;58.21151393844684;17.05117483626475;0.17615538835525513;-0.1486269235610962;-0.9730627536773682;[];
91.3;MPIB2;14.482035671871813;10.699999988079071;0.0012339301174506545;-0.513526976108551;0.8580232858657837;[];
91.3;MPIB1;27.30000001192093;2.456816508879456;-0.8512228727340698;-0.5246713161468506;-0.007345079910010099;[];
91.35;MPIB4;51.30000001192093;29.558659666464848;-0.8762845993041992;-0.4816797375679016;-0.0053768823854625225;[];
91.35;MPIB3;58.22695215239128;16.954398492382666;0.15584102272987366;-0.1460665911436081;-0.9769086241722107;[];
91.35;MPIB2;14.482035671871813;10.699999988079071;0.0012339301174506545;-0.513526976108551;0.8580232858657837;[];
91.35;MPIB1;27.30000001192093;2.456816508879456;-0.8512228727340698;-0.5246713161468506;-0.007345079910010099;[];
91.4;MPIB4;51.30000001192093;29.558659666464848;-0.8762845993041992;-0.4816797375679016;-0.0053768823854625225;[];
91.4;MPIB3;58.250569065377704;16.80474262151469;0.15331168472766876;-0.1460665911436081;-0.9773087501525879;[];
91.4;MPIB2;14.482035671871813;10.699999988079071;0.0012339301174506545;-0.513526976108551;0.8580232858657837;[];
91.4;MPIB1;27.30000001192093;2.456816508879456;-0.8512228727340698;-0.5246713161468506;-0.007345079910010099;[];
91.45;MPIB4;51.30000001192093;29.558659666464848;-0.8762845993041992;-0.4816797375679016;-0.0053768823854625225;[];
91.45;MPIB3;58.278651548559765;16.62621452555885;0.15331168472766876;-0.1460665911436081;-0.9773087501525879;[];
91.45;MPIB2;14.482035671871813;10.699999988079071;0.0012339301174506545;-0.513526976108551;0.8580232858657837;[];
91.45;MPIB1;27.30000001192093;2.456816508879456;-0.8512228727340698;-0.5246713161468506;-0.007345079910010099;[];
91.5;MPIB4;51.30000001192093;29.558659666464848;-0.8762845993041992;-0.4816797375679016;-0.0053768823854625225;[];
91.5;MPIB3;58.309172233351774;16.43192219287397;0.15331168472766876;-0.1460665911436081;-0.9773087501525879;[];
91.5;MPIB2;14.482035671871813;10.699999988079071;0.0012339301174506545;-0.513526976108551;0.8580232858657837;[];
91.5;MPIB1;27.30000001192093;2.456816508879456;-0.8512228727340698;-0.5246713161468506;-0.007345079910010099;[];
91.55;MPIB4;51.30000001192093;29.558659666464848;-0.8762845993041992;-0.4816797375679016;-0.0053768823854625225;[];
91.55;MPIB3;58.34102417637746;16.22902258593527;0.15331168472766876;-0.1460665911436081;-0.9773087501525879;[];
91.55;MPIB2;14.482035671871813;10.699999988079071;0.0012339301174506545;-0.513526976108551;0.8580232858657837;[];
91.55;MPIB1;27.30000001192093;2.456816508879456;-0.8512228727340698;-0.5246713161468506;-0.007345079910010099;[];
91.6;MPIB4;51.30000001192093;29.558659666464848;-0.8762845993041992;-0.4816797375679016;-0.0053768823854625225;[];
91.6;MPIB3;58.373602986483206;16.021423406708124;0.15331168472766876;-0.1460665911436081;-0.9773087501525879;[];
91.6;MPIB2;14.482035671871813;10.699999988079071;0.0012339301174506545;-0.513526976108551;0.8580232858657837;[];
91.6;MPIB1;27.30000001192093;2.456816508879456;-0.8512228727340698;-0.5246713161468506;-0.007345079910010099;[];
91.65;MPIB4;51.2020018696785;29.543363841788562;-0.8762845993041992;-0.4816797375679016;-0.0053768823854625225;[];
91.65;MPIB3;58.40657866606068;15.81125826071343;0.15331168472766876;-0.1460665911436081;-0.9773087501525879;[];
91.65;MPIB2;14.482035671871813;10.699999988079071;0.0012339301174506545;-0.513526976108551;0.8580232858657837;[];
91.65;MPIB1;27.202003672719;2.4424413706083214;-0.8512228727340698;-0.5246713161468506;-0.007345079910010099;[];
91.7;MPIB4;51.05049673555672;29.54276252516098;-0.8762845993041992;-0.4816797375679016;-0.0053768823854625225;[];
91.7;MPIB3;58.43977103639497;15.599692096700949;0.15331168472766876;-0.1460665911436081;-0.9773087501525879;[];
91.7;MPIB2;14.482035671871813;10.699999988079071;0.0012339301174506545;-0.513526976108551;0.8580232858657837;[];
91.7;MPIB1;27.0505013260979;2.441595774239431;-0.8512228727340698;-0.5246713161468506;-0.007345079910010099;[];
91.75;MPIB4;50.86977678047544;29.5421612085334;-0.8762845993041992;-0.4816797375679016;-0.0053768823854625225;[];
91.75;MPIB3;58.473081719896186;15.387360976761869;0.15331168472766876;-0.1460665911436081;-0.9773087501525879;[];
91.75;MPIB2;14.482035671871813;10.699999988079071;0.0012339301174506545;-0.513526976108551;0.8580232858657837;[];
91.75;MPIB1;26.86978469603264;2.440750177870541;-0.8512228727340698;-0.5246713161468506;-0.007345079910010099;[];
91.8;MPIB4;50.67310553129749;29.54155989190582;-0.8762845993041992;-0.4816797375679016;-0.0053768823854625225;[];
91.8;MPIB3;58.506457002394086;15.174612190838388;0.15331168472766876;-0.1460665911436081;-0.9773087501525879;[];
91.8;MPIB2;14.482035671871813;10.699999988079071;0.0012339301174506545;-0.513526976108551;0.8580232858657837;[];
91.8;MPIB1;26.67311706535429;2.4399045815016507;-0.8512228727340698;-0.5246713161468506;-0.007345079910010099;[];
91.85;MPIB4;50.467724874531136;29.54095857527824;-0.8762845993041992;-0.4816797375679016;-0.0053768823854625225;[];
91.85;MPIB3;58.53986755594826;14.961635359260924;0.15331168472766876;-0.1460665911436081;-0.9773087501525879;[];
91.85;MPIB2;14.482035671871813;10.699999988079071;0.0012339301174506545;-0.513526976108551;0.8580232858657837;[];
91.85;MPIB1;26.467740187329355;2.4390589851327604;-0.8512228727340698;-0.5246713161468506;-0.007345079910010099;[];
91.9;MPIB4;50.25758888066917;29.54035725865066;-0.8762845993041992;-0.4816797375679016;-0.0053768823854625225;[];
91.9;MPIB3;58.57329736750137;14.74853401474192;0.15331168472766876;-0.1460665911436081;-0.9773087501525879;[];
91.9;MPIB2;14.482035671871813;10.699999988079071;0.0012339301174506545;-0.513526976108551;0.8580232858657837;[];
91.9;MPIB1;26.257608059700942;2.43821338876387;-0.8512228727340698;-0.5246713161468506;-0.007345079910010099;[];
91.95;MPIB4;50.044856472451414;29.539755942023078;-0.8762845993041992;-0.4816797375679016;-0.0053768823854625225;[];
91.95;MPIB3;58.60673769392315;14.535364686148938;0.15331168472766876;-0.1460665911436081;-0.9773087501525879;[];
91.95;MPIB2;14.482035671871813;10.699999988079071;0.0012339301174506545;-0.513526976108551;0.8580232858657837;[];
91.95;MPIB1;26.044879565487463;2.43736779239498;-0.8512228727340698;-0.5246713161468506;-0.007345079910010099;[];
92.0;MPIB4;49.83070642183074;29.539154625395497;-0.8762845993041992;-0.4816797375679016;-0.0053768823854625225;[];
92.0;MPIB3;58.640183761463845;14.322158238247255;0.15331168472766876;-0.1460665911436081;-0.9773087501525879;[];
92.0;MPIB2;14.484271831593901;10.797999888658524;0.0012339301174506545;-0.513526976108551;0.8580232858657837;[];
92.0;MPIB1;25.830733454953815;2.4365221960260897;-0.8512228727340698;-0.5246713161468506;-0.007345079910010099;[];
92.05;MPIB4;49.61578233836816;29.538553308767916;-0.8762845993041992;-0.4816797375679016;-0.0053768823854625225;[];
92.05;MPIB3;58.673632963655905;14.108931523200653;0.15331168472766876;-0.1460665911436081;-0.9773087501525879;[];
92.05;MPIB2;14.484403370401083;10.949507741169441;0.0012339301174506545;-0.513526976108551;0.8580232858657837;[];
92.05;MPIB1;25.615813325819545;2.4356765996571994;-0.8512228727340698;-0.5246713161468506;-0.007345079910010099;[];
92.1;MPIB4;49.61578233836816;29.538553308767916;-0.8762845993041992;-0.4816797375679016;-0.0053768823854625225;[];
92.1;MPIB3;58.70708387736772;13.895693742291655;0.15331168472766876;-0.1460665911436081;-0.9773087501525879;[];
92.1;MPIB2;14.484534909208264;11.13023093882839;0.0012339301174506545;-0.513526976108551;0.8580232858657837;[];
92.1;MPIB1;25.40047058248024;2.434831003288309;-0.8512228727340698;-0.5246713161468506;-0.007345079910010099;[];
92.15;MPIB4;49.18485817585318;29.537350675512755;-0.8762845993041992;-0.4816797375679016;-0.0053768823854625225;[];
92.15;MPIB3;58.74027577201855;13.68240950002135;0.1506875902414322;-0.1460665911436081;-0.9777168035507202;[];
92.15;MPIB2;14.484666448015446;11.326905716790975;0.0012339301174506545;-0.513526976108551;0.8580232858657837;[];
92.15;MPIB1;25.184897091758103;2.433985406919419;-0.8512228727340698;-0.5246713161468506;-0.007345079910010099;[];
92.2;MPIB4;48.96915472837785;29.536749358885174;-0.8762845993041992;-0.4816797375679016;-0.0053768823854625225;[];
92.2;MPIB3;58.77256433842308;13.46898553088323;0.14299654960632324;-0.1460665911436081;-0.9788711667060852;[];
92.2;MPIB2;14.484797986822628;11.532290058610982;0.0012339301174506545;-0.513526976108551;0.8580232858657837;[];
92.2;MPIB1;24.96919761295044;2.4331398105505286;-0.8512228727340698;-0.5246713161468506;-0.007345079910010099;[];
92.25;MPIB4;48.75338249013412;29.536148042257594;-0.8762845993041992;-0.4816797375679016;-0.0053768823854625225;[];
92.25;MPIB3;58.80359690735099;13.255376902171662;0.13529665768146515;-0.1460665911436081;-0.979965090751648;[];
92.25;MPIB2;14.48492952562981;11.742429822849488;0.0012339301174506545;-0.513526976108551;0.8580232858657837;[];
92.25;MPIB1;24.753429344639926;2.4322942141816384;-0.8512228727340698;-0.5246713161468506;-0.007345079910010099;[];
92.3;MPIB4;48.53757269212648;29.535546725630013;-0.8762845993041992;-0.4816797375679016;-0.0053768823854625225;[];
92.3;MPIB3;58.83394370157703;13.041667449321267;0.13529665768146515;-0.1460665911436081;-0.979965090751648;[];
92.3;MPIB2;14.48506106443699;11.955166048030094;0.0012339301174506545;-0.513526976108551;0.8580232858657837;[];
92.3;MPIB1;24.537623517256634;2.431448617812748;-0.8512228727340698;-0.5246713161468506;-0.007345079910010099;[];
92.35;MPIB4;48.53757269212648;29.535546725630013;-0.8762845993041992;-0.4816797375679016;-0.0053768823854625225;[];
92.35;MPIB3;58.86391606277232;12.82790294648467;0.13529665768146515;-0.1460665911436081;-0.979965090751648;[];
92.35;MPIB2;14.485192603244172;12.169319941049736;0.0012339301174506545;-0.513526976108551;0.8580232858657837;[];
92.35;MPIB1;24.321797182617047;2.430603021443858;-0.8512228727340698;-0.5246713161468506;-0.007345079910010099;[];
92.4;MPIB4;48.32174238648536;29.534945409002432;-0.8762845993041992;-0.4816797375679016;-0.0053768823854625225;[];
92.4;MPIB3;58.89368398350905;12.614108386352115;0.13529665768146515;-0.1460665911436081;-0.979965090751648;[];
92.4;MPIB2;14.485324142051354;12.384247880799421;0.0012339301174506545;-0.513526976108551;0.8580232858657837;[];
92.4;MPIB1;24.321797182617047;2.430603021443858;-0.8512228727340698;-0.5246713161468506;-0.007345079910010099;[];
92.45;MPIB4;48.32174238648536;29.534945409002432;-0.8762845993041992;-0.4816797375679016;-0.0053768823854625225;[];
92.45;MPIB3;58.92334027974243;12.400297414934073;0.13529665768146515;-0.1460665911436081;-0.979965090751648;[];
92.45;MPIB2;14.485455680858536;12.59959845011278;0.0012339301174506545;-0.513526976108551;0.8580232858657837;[];
92.45;MPIB1;24.321797182617047;2.430603021443858;-0.8512228727340698;-0.5246713161468506;-0.007345079910010099;[];
92.5;MPIB4;48.32174238648536;29.534945409002432;-0.8762845993041992;-0.4816797375679016;-0.0053768823854625225;[];
92.5;MPIB3;58.95293562898996;12.300000011920929;0.13529665768146515;-0.1460665911436081;-0.979965090751648;[];
92.5;MPIB2;14.485587219665717;12.815179775194736;0.0012339301174506545;-0.513526976108551;0.8580232858657837;[];
92.5;MPIB1;24.321797182617047;2.430603021443858;-0.8512228727340698;-0.5246713161468506;-0.007345079910010099;[];
92.55;MPIB4;48.32174238648536;29.534945409002432;-0.8762845993041992;-0.4816797375679016;-0.0053768823854625225;[];
92.55;MPIB3;58.95293562898996;12.300000011920929;0.13529665768146515;-0.1460665911436081;-0.979965090751648;[];
92.55;MPIB2;14.485718758472899;13.030887092940958;0.0012339301174506545;-0.513526976108551;0.8580232858657837;[];
92.55;MPIB1;24.321797182617047;2.430603021443858;-0.8512228727340698;-0.5246713161468506;-0.007345079910010099;[];
92.6;MPIB4;48.32174238648536;29.534945409002432;-0.8762845993041992;-0.4816797375679016;-0.0053768823854625225;[];
92.6;MPIB3;59.012041604092815;12.300000011920929;0.13529665768146515;-0.1460665911436081;-0.979965090751648;[];
92.6;MPIB2;14.48585029728008;13.24666320268986;0.0012339301174506545;-0.513526976108551;0.8580232858657837;[];
92.6;MPIB1;24.321797182617047;2.430603021443858;-0.8512228727340698;-0.5246713161468506;-0.007345079910010099;[];
92.65;MPIB4;48.32174238648536;29.534945409002432;-0.8762845993041992;-0.4816797375679016;-0.0053768823854625225;[];
92.65;MPIB3;59.012041604092815;12.300000011920929;0.13529665768146515;-0.1460665911436081;-0.979965090751648;[];
92.65;MPIB2;14.485981836087262;13.462476872876579;0.0012339301174506545;-0.513526976108551;0.8580232858657837;[];
92.65;MPIB1;24.321797182617047;2.430603021443858;-0.8512228727340698;-0.5246713161468506;-0.007345079910010099;[];
92.7;MPIB4;48.32174238648536;29.534945409002432;-0.8762845993041992;-0.4816797375679016;-0.0053768823854625225;[];
92.7;MPIB3;59.0577011428918;12.300000011920929;0.1327594816684723;-0.1460665911436081;-0.9803120493888855;[];
92.7;MPIB2;14.486113374894444;13.678311051064753;0.0012339301174506545;-0.513526976108551;0.8580232858657837;[];
92.7;MPIB1;24.321797182617047;2.430603021443858;-0.8512228727340698;-0.5246713161468506;-0.007345079910010099;[];
92.75;MPIB4;48.32174238648536;29.534945409002432;-0.8762845993041992;-0.4816797375679016;-0.0053768823854625225;[];
92.75;MPIB3;59.0577011428918;12.300000011920929;0.11982337385416031;-0.1538393348455429;-0.9807887673377991;[];
92.75;MPIB2;14.486113374894444;13.678311051064753;0.0012339301174506545;-0.513526976108551;0.8580232858657837;[];
92.75;MPIB1;24.321797182617047;2.430603021443858;-0.8512228727340698;-0.5246713161468506;-0.007345079910010099;[];
92.8;MPIB4;48.32174238648536;29.534945409002432;-0.8762845993041992;-0.4816797375679016;-0.0053768823854625225;[];
92.8;MPIB3;59.0577011428918;12.300000011920929;0.09636839479207993;-0.17190642654895782;-0.9803717732429504;[];
92.8;MPIB2;14.486113374894444;13.678311051064753;0.0012339301174506545;-0.513526976108551;0.8580232858657837;[];
92.8;MPIB1;24.321797182617047;2.430603021443858;-0.8512228727340698;-0.5246713161468506;-0.007345079910010099;[];
92.85;MPIB4;48.32174238648536;29.534945409002432;-0.8762845993041992;-0.4816797375679016;-0.0053768823854625225;[];
92.85;MPIB3;59.0577011428918;12.300000011920929;0.09378755837678909;-0.1744559109210968;-0.9801714420318604;[];
92.85;MPIB2;14.486113374894444;13.678311051064753;0.0012339301174506545;-0.513526976108551;0.8580232858657837;[];
92.85;MPIB1;24.321797182617047;2.430603021443858;-0.8512228727340698;-0.5246713161468506;-0.007345079910010099;[];
92.9;MPIB4;48.32174238648536;29.534945409002432;-0.8762845993041992;-0.4816797375679016;-0.0053768823854625225;[];
92.9;MPIB3;59.0577011428918;12.300000011920929;0.09378755837678909;-0.1744559109210968;-0.9801714420318604;[];
92.9;MPIB2;14.486113374894444;13.678311051064753;0.0012339301174506545;-0.513526976108551;0.8580232858657837;[];
92.9;MPIB1;24.321797182617047;2.430603021443858;-0.8512228727340698;-0.5246713161468506;-0.007345079910010099;[];
92.95;MPIB4;48.32174238648536;29.534945409002432;-0.8762845993041992;-0.4816797375679016;-0.0053768823854625225;[];
92.95;MPIB3;59.0577011428918;12.300000011920929;0.09378755837678909;-0.1744559109210968;-0.9801714420318604;[];
92.95;MPIB2;14.486113374894444;13.678311051064753;0.0012339301174506545;-0.513526976108551;0.8580232858657837;[];
92.95;MPIB1;24.321797182617047;2.430603021443858;-0.8512228727340698;-0.5246713161468506;-0.007345079910010099;[];
93.0;MPIB4;48.32174238648536;29.534945409002432;-0.8762845993041992;-0.4816797375679016;-0.0053768823854625225;[];
93.0;MPIB3;59.0577011428918;12.300000011920929;0.09378755837678909;-0.1744559109210968;-0.9801714420318604;[];
93.0;MPIB2;14.486113374894444;13.678311051064753;0.0012339301174506545;-0.513526976108551;0.8580232858657837;[];
93.0;MPIB1;24.321797182617047;2.430603021443858;-0.8512228727340698;-0.5246713161468506;-0.007345079910010099;[];
93.05;MPIB4;48.32174238648536;29.534945409002432;-0.8762845993041992;-0.4816797375679016;-0.0053768823854625225;[];
93.05;MPIB3;59.0577011428918;12.300000011920929;0.09378755837678909;-0.1744559109210968;-0.9801714420318604;[];
93.05;MPIB2;14.486113374894444;13.678311051064753;0.0012339301174506545;-0.513526976108551;0.8580232858657837;[];
93.05;MPIB1;24.321797182617047;2.430603021443858;-0.8512228727340698;-0.5246713161468506;-0.007345079910010099;[];
93.1;MPIB4;48.32174238648536;29.534945409002432;-0.8762845993041992;-0.4816797375679016;-0.0053768823854625225;[];
93.1;MPIB3;59.0577011428918;12.300000011920929;0.09378755837678909;-0.1744559109210968;-0.9801714420318604;[];
93.1;MPIB2;14.486113374894444;13.678311051064753;0.0012339301174506545;-0.513526976108551;0.8580232858657837;[];
93.1;MPIB1;24.321797182617047;2.430603021443858;-0.8512228727340698;-0.5246713161468506;-0.007345079910010099;[];
93.15;MPIB4;48.32174238648536;29.534945409002432;-0.8762845993041992;-0.4816797375679016;-0.0053768823854625225;[];
93.15;MPIB3;59.0577011428918;12.300000011920929;0.09378755837678909;-0.1744559109210968;-0.9801714420318604;[];
93.15;MPIB2;14.486113374894444;13.678311051064753;0.0012339301174506545;-0.513526976108551;0.8580232858657837;[];
93.15;MPIB1;24.321797182617047;2.430603021443858;-0.8512228727340698;-0.5246713161468506;-0.007345079910010099;[];
93.2;MPIB4;48.32174238648536;29.534945409002432;-0.8762845993041992;-0.4816797375679016;-0.0053768823854625225;[];
93.2;MPIB3;59.0577011428918;12.300000011920929;0.09378755837678909;-0.1744559109210968;-0.9801714420318604;[];
93.2;MPIB2;14.486113374894444;13.678311051064753;0.0012339301174506545;-0.513526976108551;0.8580232858657837;[];
93.2;MPIB1;24.321797182617047;2.430603021443858;-0.8512228727340698;-0.5246713161468506;-0.007345079910010099;[];
93.25;MPIB4;48.32174238648536;29.534945409002432;-0.8762845993041992;-0.4816797375679016;-0.0053768823854625225;[];
93.25;MPIB3;59.0577011428918;12.300000011920929;0.09378755837678909;-0.1744559109210968;-0.9801714420318604;[];
93.25;MPIB2;14.486113374894444;13.678311051064753;0.0012339301174506545;-0.513526976108551;0.8580232858657837;[];
93.25;MPIB1;24.321797182617047;2.430603021443858;-0.8512228727340698;-0.5246713161468506;-0.007345079910010099;[];
93.3;MPIB4;48.32174238648536;29.534945409002432;-0.8762845993041992;-0.4816797375679016;-0.0053768823854625225;[];
93.3;MPIB3;59.0577011428918;12.300000011920929;0.09378755837678909;-0.1744559109210968;-0.9801714420318604;[];
93.3;MPIB2;14.486113374894444;13.678311051064753;0.0012339301174506545;-0.513526976108551;0.8580232858657837;[];
93.3;MPIB1;24.321797182617047;2.430603021443858;-0.8512228727340698;-0.5246713161468506;-0.007345079910010099;[];
93.35;MPIB4;48.30000001192093;29.52291907645082;-0.8762845993041992;-0.4816797375679016;-0.0053768823854625225;[];
93.35;MPIB3;59.0577011428918;12.300000011920929;0.09378755837678909;-0.1744559109210968;-0.9801714420318604;[];
93.35;MPIB2;14.486113374894444;13.678311051064753;0.0012339301174506545;-0.513526976108551;0.8580232858657837;[];
93.35;MPIB1;24.30000001192093;2.4136910940660528;-0.8512228727340698;-0.5246713161468506;-0.007345079910010099;[];
93.4;MPIB4;48.30000001192093;29.52291907645082;-0.8762845993041992;-0.4816797375679016;-0.0053768823854625225;[];
93.4;MPIB3;59.0577011428918;12.300000011920929;0.09378755837678909;-0.1744559109210968;-0.9801714420318604;[];
93.4;MPIB2;14.486113374894444;13.678311051064753;0.0012339301174506545;-0.513526976108551;0.8580232858657837;[];
93.4;MPIB1;24.30000001192093;2.4136910940660528;-0.8512228727340698;-0.5246713161468506;-0.007345079910010099;[];
93.45;MPIB4;48.30000001192093;29.52291907645082;-0.8762845993041992;-0.4816797375679016;-0.0053768823854625225;[];
93.45;MPIB3;59.0577011428918;12.300000011920929;0.09378755837678909;-0.1744559109210968;-0.9801714420318604;[];
93.45;MPIB2;14.486113374894444;13.678311051064753;0.0012339301174506545;-0.513526976108551;0.8580232858657837;[];
93.45;MPIB1;24.30000001192093;2.4136910940660528;-0.8512228727340698;-0.5246713161468506;-0.007345079910010099;[];
93.5;MPIB4;48.30000001192093;29.52291907645082;-0.8762845993041992;-0.4816797375679016;-0.0053768823854625225;[];
93.5;MPIB3;59.0577011428918;12.300000011920929;0.09378755837678909;-0.1744559109210968;-0.9801714420318604;[];
93.5;MPIB2;14.486113374894444;13.678311051064753;0.0012339301174506545;-0.513526976108551;0.8580232858657837;[];
93.5;MPIB1;24.30000001192093;2.4136910940660528;-0.8512228727340698;-0.5246713161468506;-0.007345079910010099;[];
93.55;MPIB4;48.30000001192093;29.52291907645082;-0.8762845993041992;-0.4816797375679016;-0.0053768823854625225;[];
93.55;MPIB3;59.0577011428918;12.300000011920929;0.09378755837678909;-0.1744559109210968;-0.9801714420318604;[];
93.55;MPIB2;14.486113374894444;13.678311051064753;0.0012339301174506545;-0.513526976108551;0.8580232858657837;[];
93.55;MPIB1;24.30000001192093;2.4136910940660528;-0.8512228727340698;-0.5246713161468506;-0.007345079910010099;[];
93.6;MPIB4;48.30000001192093;29.52291907645082;-0.8762845993041992;-0.4816797375679016;-0.0053768823854625225;[];
93.6;MPIB3;59.0577011428918;12.300000011920929;0.09378755837678909;-0.1744559109210968;-0.9801714420318604;[];
93.6;MPIB2;14.486113374894444;13.678311051064753;0.0012339301174506545;-0.513526976108551;0.8580232858657837;[];
93.6;MPIB1;24.30000001192093;2.4136910940660528;-0.8512228727340698;-0.5246713161468506;-0.007345079910010099;[];
93.65;MPIB4;48.30000001192093;29.52291907645082;-0.8762845993041992;-0.4816797375679016;-0.0053768823854625225;[];
93.65;MPIB3;59.0577011428918;12.300000011920929;0.09378755837678909;-0.1744559109210968;-0.9801714420318604;[];
93.65;MPIB2;14.486113374894444;13.678311051064753;0.0012339301174506545;-0.513526976108551;0.8580232858657837;[];
93.65;MPIB1;24.30000001192093;2.4136910940660528;-0.8512228727340698;-0.5246713161468506;-0.007345079910010099;[];
93.7;MPIB4;48.30000001192093;29.52291907645082;-0.8762845993041992;-0.4816797375679016;-0.0053768823854625225;[];
93.7;MPIB3;59.07131298512252;12.300000011920929;0.09378755837678909;-0.1744559109210968;-0.9801714420318604;[];
93.7;MPIB2;14.488744151038077;13.699999988079071;0.0012339301174506545;-0.513526976108551;0.8580232858657837;[];
93.7;MPIB1;24.30000001192093;2.4136910940660528;-0.8512228727340698;-0.5246713161468506;-0.007345079910010099;[];
93.75;MPIB4;48.30000001192093;29.52291907645082;-0.8762845993041992;-0.4816797375679016;-0.0053768823854625225;[];
93.75;MPIB3;59.07131298512252;12.300000011920929;0.09378755837678909;-0.1744559109210968;-0.9801714420318604;[];
93.75;MPIB2;14.488744151038077;13.699999988079071;0.0012339301174506545;-0.513526976108551;0.8580232858657837;[];
93.75;MPIB1;24.30000001192093;2.4136910940660528;-0.8512228727340698;-0.5246713161468506;-0.007345079910010099;[];
93.8;MPIB4;48.30000001192093;29.52291907645082;-0.8762845993041992;-0.4816797375679016;-0.0053768823854625225;[];
93.8;MPIB3;59.07131298512252;12.300000011920929;0.09378755837678909;-0.1744559109210968;-0.9801714420318604;[];
93.8;MPIB2;14.488744151038077;13.699999988079071;0.0012339301174506545;-0.513526976108551;0.8580232858657837;[];
93.8;MPIB1;24.30000001192093;2.4136910940660528;-0.8512228727340698;-0.5246713161468506;-0.007345079910010099;[];
93.85;MPIB4;48.30000001192093;29.52291907645082;-0.8762845993041992;-0.4816797375679016;-0.0053768823854625225;[];
93.85;MPIB3;59.07131298512252;12.300000011920929;0.09378755837678909;-0.1744559109210968;-0.9801714420318604;[];
93.85;MPIB2;14.488744151038077;13.699999988079071;0.0012339301174506545;-0.513526976108551;0.8580232858657837;[];
93.85;MPIB1;24.30000001192093;2.4136910940660528;-0.8512228727340698;-0.5246713161468506;-0.007345079910010099;[];
93.9;MPIB4;48.30000001192093;29.52291907645082;-0.8762845993041992;-0.4816797375679016;-0.0053768823854625225;[];
93.9;MPIB3;59.07131298512252;12.300000011920929;0.09378755837678909;-0.1744559109210968;-0.9801714420318604;[];
93.9;MPIB2;14.488744151038077;13.699999988079071;0.0012339301174506545;-0.513526976108551;0.8580232858657837;[];
93.9;MPIB1;24.30000001192093;2.4136910940660528;-0.8512228727340698;-0.5246713161468506;-0.007345079910010099;[];
93.95;MPIB4;48.30000001192093;29.52291907645082;-0.8762845993041992;-0.4816797375679016;-0.0053768823854625225;[];
93.95;MPIB3;59.07131298512252;12.300000011920929;0.09378755837678909;-0.1744559109210968;-0.9801714420318604;[];
93.95;MPIB2;14.488744151038077;13.699999988079071;0.0012339301174506545;-0.513526976108551;0.8580232858657837;[];
93.95;MPIB1;24.30000001192093;2.4136910940660528;-0.8512228727340698;-0.5246713161468506;-0.007345079910010099;[];
94.0;MPIB4;48.30000001192093;29.52291907645082;-0.8762845993041992;-0.4816797375679016;-0.0053768823854625225;[];
94.0;MPIB3;59.07131298512252;12.300000011920929;0.09378755837678909;-0.1744559109210968;-0.9801714420318604;[];
94.0;MPIB2;14.488744151038077;13.699999988079071;0.0012339301174506545;-0.513526976108551;0.8580232858657837;[];
94.0;MPIB1;24.30000001192093;2.4136910940660528;-0.8512228727340698;-0.5246713161468506;-0.007345079910010099;[];
94.05;MPIB4;48.30000001192093;29.52291907645082;-0.8762845993041992;-0.4816797375679016;-0.0053768823854625225;[];
94.05;MPIB3;59.07131298512252;12.300000011920929;0.09378755837678909;-0.1744559109210968;-0.9801714420318604;[];
94.05;MPIB2;14.488744151038077;13.699999988079071;0.0012339301174506545;-0.513526976108551;0.8580232858657837;[];
94.05;MPIB1;24.30000001192093;2.4136910940660528;-0.8512228727340698;-0.5246713161468506;-0.007345079910010099;[];
94.1;MPIB4;48.30000001192093;29.52291907645082;-0.8762845993041992;-0.4816797375679016;-0.0053768823854625225;[];
94.1;MPIB3;59.07131298512252;12.300000011920929;0.09378755837678909;-0.1744559109210968;-0.9801714420318604;[];
94.1;MPIB2;14.488744151038077;13.699999988079071;0.0012339301174506545;-0.513526976108551;0.8580232858657837;[];
94.1;MPIB1;24.30000001192093;2.4136910940660528;-0.8512228727340698;-0.5246713161468506;-0.007345079910010099;[];
94.15;MPIB4;48.30000001192093;29.52291907645082;-0.8762845993041992;-0.4816797375679016;-0.0053768823854625225;[];
94.15;MPIB3;59.07131298512252;12.300000011920929;0.09378755837678909;-0.1744559109210968;-0.9801714420318604;[];
94.15;MPIB2;14.488744151038077;13.699999988079071;0.0012339301174506545;-0.513526976108551;0.8580232858657837;[];
94.15;MPIB1;24.30000001192093;2.4136910940660528;-0.8512228727340698;-0.5246713161468506;-0.007345079910010099;[];
94.2;MPIB4;48.2020018696785;29.512696693781947;-0.8762845993041992;-0.4816797375679016;-0.0053768823854625225;[];
94.2;MPIB3;59.07131298512252;12.300000011920929;0.09378755837678909;-0.1744559109210968;-0.9801714420318604;[];
94.2;MPIB2;14.488744151038077;13.699999988079071;0.0012339301174506545;-0.513526976108551;0.8580232858657837;[];
94.2;MPIB1;24.202003672719;2.3993159557949184;-0.8512228727340698;-0.5246713161468506;-0.007345079910010099;[];
94.25;MPIB4;48.05049673555672;29.512095377154367;-0.8762845993041992;-0.4816797375679016;-0.0053768823854625225;[];
94.25;MPIB3;59.07131298512252;12.300000011920929;0.09378755837678909;-0.1744559109210968;-0.9801714420318604;[];
94.25;MPIB2;14.488744151038077;13.699999988079071;0.0012339301174506545;-0.513526976108551;0.8580232858657837;[];
94.25;MPIB1;24.0505013260979;2.398470359426028;-0.8512228727340698;-0.5246713161468506;-0.007345079910010099;[];
94.3;MPIB4;47.86977678047544;29.511494060526786;-0.8762845993041992;-0.4816797375679016;-0.0053768823854625225;[];
94.3;MPIB3;59.07131298512252;12.300000011920929;0.09378755837678909;-0.1744559109210968;-0.9801714420318604;[];
94.3;MPIB2;14.488744151038077;13.699999988079071;0.0012339301174506545;-0.513526976108551;0.8580232858657837;[];
94.3;MPIB1;23.86978469603264;2.397624763057138;-0.8512228727340698;-0.5246713161468506;-0.007345079910010099;[];
94.35;MPIB4;47.67310553129749;29.510892743899205;-0.8762845993041992;-0.4816797375679016;-0.0053768823854625225;[];
94.35;MPIB3;59.07131298512252;12.300000011920929;0.09378755837678909;-0.1744559109210968;-0.9801714420318604;[];
94.35;MPIB2;14.488744151038077;13.699999988079071;0.0012339301174506545;-0.513526976108551;0.8580232858657837;[];
94.35;MPIB1;23.67311706535429;2.3967791666882476;-0.8512228727340698;-0.5246713161468506;-0.007345079910010099;[];
94.4;MPIB4;47.467724874531136;29.510291427271625;-0.8762845993041992;-0.4816797375679016;-0.0053768823854625225;[];
94.4;MPIB3;59.07131298512252;12.300000011920929;0.09378755837678909;-0.1744559109210968;-0.9801714420318604;[];
94.4;MPIB2;14.488744151038077;13.699999988079071;0.0012339301174506545;-0.513526976108551;0.8580232858657837;[];
94.4;MPIB1;23.467740187329355;2.3959335703193574;-0.8512228727340698;-0.5246713161468506;-0.007345079910010099;[];
94.45;MPIB4;47.25758888066917;29.509690110644044;-0.8762845993041992;-0.4816797375679016;-0.0053768823854625225;[];
94.45;MPIB3;59.07131298512252;12.300000011920929;0.09378755837678909;-0.1744559109210968;-0.9801714420318604;[];
94.45;MPIB2;14.488744151038077;13.699999988079071;0.0012339301174506545;-0.513526976108551;0.8580232858657837;[];
94.45;MPIB1;23.257608059700942;2.395087973950467;-0.8512228727340698;-0.5246713161468506;-0.007345079910010099;[];
94.5;MPIB4;47.044856472451414;29.509088794016463;-0.8762845993041992;-0.4816797375679016;-0.0053768823854625225;[];
94.5;MPIB3;59.07131298512252;12.300000011920929;0.09378755837678909;-0.1744559109210968;-0.9801714420318604;[];
94.5;MPIB2;14.488744151038077;13.699999988079071;0.0012339301174506545;-0.513526976108551;0.8580232858657837;[];
94.5;MPIB1;23.044879565487463;2.394242377581577;-0.8512228727340698;-0.5246713161468506;-0.007345079910010099;[];
94.55;MPIB4;47.044856472451414;29.509088794016463;-0.8762845993041992;-0.4816797375679016;-0.0053768823854625225;[];
94.55;MPIB3;59.07131298512252;12.300000011920929;0.09378755837678909;-0.1744559109210968;-0.9801714420318604;[];
94.55;MPIB2;14.490980310760165;13.797999888658524;0.0012339301174506545;-0.513526976108551;0.8580232858657837;[];
94.55;MPIB1;22.830733454953815;2.3933967812126866;-0.8512228727340698;-0.5246713161468506;-0.007345079910010099;[];
94.6;MPIB4;46.61578233836816;29.507886160761302;-0.8762845993041992;-0.4816797375679016;-0.0053768823854625225;[];
94.6;MPIB3;59.07131298512252;12.300000011920929;0.09378755837678909;-0.1744559109210968;-0.9801714420318604;[];
94.6;MPIB2;14.491111849567346;13.949507741169441;0.0012339301174506545;-0.513526976108551;0.8580232858657837;[];
94.6;MPIB1;22.615813325819545;2.3925511848437964;-0.8512228727340698;-0.5246713161468506;-0.007345079910010099;[];
94.65;MPIB4;46.40043563292482;29.50728484413372;-0.8762845993041992;-0.4816797375679016;-0.0053768823854625225;[];
94.65;MPIB3;59.07131298512252;12.300000011920929;0.09378755837678909;-0.1744559109210968;-0.9801714420318604;[];
94.65;MPIB2;14.491243388374528;14.13023093882839;0.0012339301174506545;-0.513526976108551;0.8580232858657837;[];
94.65;MPIB1;22.40047058248024;2.391705588474906;-0.8512228727340698;-0.5246713161468506;-0.007345079910010099;[];
94.7;MPIB4;46.18485817585318;29.50668352750614;-0.8762845993041992;-0.4816797375679016;-0.0053768823854625225;[];
94.7;MPIB3;59.07131298512252;12.300000011920929;0.09378755837678909;-0.1744559109210968;-0.9801714420318604;[];
94.7;MPIB2;14.49137492718171;14.326905716790975;0.0012339301174506545;-0.513526976108551;0.8580232858657837;[];
94.7;MPIB1;22.184897091758103;2.390859992106016;-0.8512228727340698;-0.5246713161468506;-0.007345079910010099;[];
94.75;MPIB4;45.96915472837785;29.50608221087856;-0.8762845993041992;-0.4816797375679016;-0.0053768823854625225;[];
94.75;MPIB3;59.07131298512252;12.300000011920929;0.09378755837678909;-0.1744559109210968;-0.9801714420318604;[];
94.75;MPIB2;14.491506465988891;14.532290058610982;0.0012339301174506545;-0.513526976108551;0.8580232858657837;[];
94.75;MPIB1;21.96919761295044;2.3900143957371256;-0.8512228727340698;-0.5246713161468506;-0.007345079910010099;[];
94.8;MPIB4;45.75338249013412;29.50548089425098;-0.8762845993041992;-0.4816797375679016;-0.0053768823854625225;[];
94.8;MPIB3;59.07131298512252;12.300000011920929;0.09378755837678909;-0.1744559109210968;-0.9801714420318604;[];
94.8;MPIB2;14.491638004796073;14.742429822849488;0.0012339301174506545;-0.513526976108551;0.8580232858657837;[];
94.8;MPIB1;21.753429344639926;2.3891687993682353;-0.8512228727340698;-0.5246713161468506;-0.007345079910010099;[];
94.85;MPIB4;45.53757269212648;29.5048795776234;-0.8762845993041992;-0.4816797375679016;-0.0053768823854625225;[];
94.85;MPIB3;59.07131298512252;12.300000011920929;0.09378755837678909;-0.1744559109210968;-0.9801714420318604;[];
94.85;MPIB2;14.491769543603255;14.955166048030094;0.0012339301174506545;-0.513526976108551;0.8580232858657837;[];
94.85;MPIB1;21.537623517256634;2.388323202999345;-0.8512228727340698;-0.5246713161468506;-0.007345079910010099;[];
94.9;MPIB4;45.32174238648536;29.504278260995818;-0.8762845993041992;-0.4816797375679016;-0.0053768823854625225;[];
94.9;MPIB3;59.07131298512252;12.300000011920929;0.09378755837678909;-0.1744559109210968;-0.9801714420318604;[];
94.9;MPIB2;14.491901082410436;15.169319941049736;0.0012339301174506545;-0.513526976108551;0.8580232858657837;[];
94.9;MPIB1;21.321797182617047;2.387477606630455;-0.8512228727340698;-0.5246713161468506;-0.007345079910010099;[];
94.95;MPIB4;45.32174238648536;29.504278260995818;-0.8762845993041992;-0.4816797375679016;-0.0053768823854625225;[];
94.95;MPIB3;59.07131298512252;12.300000011920929;0.09378755837678909;-0.1744559109210968;-0.9801714420318604;[];
94.95;MPIB2;14.492032621217618;15.384247880799421;0.0012339301174506545;-0.513526976108551;0.8580232858657837;[];
94.95;MPIB1;21.321797182617047;2.387477606630455;-0.8512228727340698;-0.5246713161468506;-0.007345079910010099;[];
95.0;MPIB4;45.32174238648536;29.504278260995818;-0.8762845993041992;-0.4816797375679016;-0.0053768823854625225;[];
95.0;MPIB3;59.07131298512252;12.300000011920929;0.09378755837678909;-0.1744559109210968;-0.9801714420318604;[];
95.0;MPIB2;14.4921641600248;15.59959845011278;0.0012339301174506545;-0.513526976108551;0.8580232858657837;[];
95.0;MPIB1;21.321797182617047;2.387477606630455;-0.8512228727340698;-0.5246713161468506;-0.007345079910010099;[];
95.05;MPIB4;45.32174238648536;29.504278260995818;-0.8762845993041992;-0.4816797375679016;-0.0053768823854625225;[];
95.05;MPIB3;59.07131298512252;12.300000011920929;0.09378755837678909;-0.1744559109210968;-0.9801714420318604;[];
95.05;MPIB2;14.492295698831981;15.815179775194736;0.0012339301174506545;-0.513526976108551;0.8580232858657837;[];
95.05;MPIB1;21.321797182617047;2.387477606630455;-0.8512228727340698;-0.5246713161468506;-0.007345079910010099;[];
95.1;MPIB4;45.32174238648536;29.504278260995818;-0.8762845993041992;-0.4816797375679016;-0.0053768823854625225;[];
95.1;MPIB3;59.07131298512252;12.300000011920929;0.09378755837678909;-0.1744559109210968;-0.9801714420318604;[];
95.1;MPIB2;14.492427237639163;16.030887092940958;0.0012339301174506545;-0.513526976108551;0.8580232858657837;[];
95.1;MPIB1;21.321797182617047;2.387477606630455;-0.8512228727340698;-0.5246713161468506;-0.007345079910010099;[];
95.15;MPIB4;45.32174238648536;29.504278260995818;-0.8762845993041992;-0.4816797375679016;-0.0053768823854625225;[];
95.15;MPIB3;59.07131298512252;12.300000011920929;0.09378755837678909;-0.1744559109210968;-0.9801714420318604;[];
95.15;MPIB2;14.492558776446344;16.24666320268986;0.0012339301174506545;-0.513526976108551;0.8580232858657837;[];
95.15;MPIB1;21.321797182617047;2.387477606630455;-0.8512228727340698;-0.5246713161468506;-0.007345079910010099;[];
95.2;MPIB4;45.32174238648536;29.504278260995818;-0.8762845993041992;-0.4816797375679016;-0.0053768823854625225;[];
95.2;MPIB3;59.07131298512252;12.300000011920929;0.09378755837678909;-0.1744559109210968;-0.9801714420318604;[];
95.2;MPIB2;14.492690315253526;16.46247687287658;0.0012339301174506545;-0.513526976108551;0.8580232858657837;[];
95.2;MPIB1;21.321797182617047;2.387477606630455;-0.8512228727340698;-0.5246713161468506;-0.007345079910010099;[];
95.25;MPIB4;45.32174238648536;29.504278260995818;-0.8762845993041992;-0.4816797375679016;-0.0053768823854625225;[];
95.25;MPIB3;59.07131298512252;12.300000011920929;0.09378755837678909;-0.1744559109210968;-0.9801714420318604;[];
95.25;MPIB2;14.492821854060708;16.678311051064753;0.0012339301174506545;-0.513526976108551;0.8580232858657837;[];
95.25;MPIB1;21.321797182617047;2.387477606630455;-0.8512228727340698;-0.5246713161468506;-0.007345079910010099;[];
95.3;MPIB4;45.32174238648536;29.504278260995818;-0.8762845993041992;-0.4816797375679016;-0.0053768823854625225;[];
95.3;MPIB3;59.07131298512252;12.300000011920929;0.09378755837678909;-0.1744559109210968;-0.9801714420318604;[];
95.3;MPIB2;14.492821854060708;16.678311051064753;0.0012339301174506545;-0.513526976108551;0.8580232858657837;[];
95.3;MPIB1;21.321797182617047;2.387477606630455;-0.8512228727340698;-0.5246713161468506;-0.007345079910010099;[];
95.35;MPIB4;45.32174238648536;29.504278260995818;-0.8762845993041992;-0.4816797375679016;-0.0053768823854625225;[];
95.35;MPIB3;59.07131298512252;12.300000011920929;0.09378755837678909;-0.1744559109210968;-0.9801714420318604;[];
95.35;MPIB2;14.492821854060708;16.678311051064753;0.0012339301174506545;-0.513526976108551;0.8580232858657837;[];
95.35;MPIB1;21.321797182617047;2.387477606630455;-0.8512228727340698;-0.5246713161468506;-0.007345079910010099;[];
95.4;MPIB4;45.32174238648536;29.504278260995818;-0.8762845993041992;-0.4816797375679016;-0.0053768823854625225;[];
95.4;MPIB3;59.07131298512252;12.300000011920929;0.09378755837678909;-0.1744559109210968;-0.9801714420318604;[];
95.4;MPIB2;14.492821854060708;16.678311051064753;0.0012339301174506545;-0.513526976108551;0.8580232858657837;[];
95.4;MPIB1;21.321797182617047;2.387477606630455;-0.8512228727340698;-0.5246713161468506;-0.007345079910010099;[];
95.45;MPIB4;45.32174238648536;29.504278260995818;-0.8762845993041992;-0.4816797375679016;-0.0053768823854625225;[];
95.45;MPIB3;59.07131298512252;12.300000011920929;0.09378755837678909;-0.1744559109210968;-0.9801714420318604;[];
95.45;MPIB2;14.492821854060708;16.678311051064753;0.0012339301174506545;-0.513526976108551;0.8580232858657837;[];
95.45;MPIB1;21.321797182617047;2.387477606630455;-0.8512228727340698;-0.5246713161468506;-0.007345079910010099;[];
95.5;MPIB4;45.32174238648536;29.504278260995818;-0.8762845993041992;-0.4816797375679016;-0.0053768823854625225;[];
95.5;MPIB3;59.07131298512252;12.300000011920929;0.09378755837678909;-0.1744559109210968;-0.9801714420318604;[];
95.5;MPIB2;14.492821854060708;16.678311051064753;0.0012339301174506545;-0.513526976108551;0.8580232858657837;[];
95.5;MPIB1;21.321797182617047;2.387477606630455;-0.8512228727340698;-0.5246713161468506;-0.007345079910010099;[];
95.55;MPIB4;45.32174238648536;29.504278260995818;-0.8762845993041992;-0.4816797375679016;-0.0053768823854625225;[];
95.55;MPIB3;59.07131298512252;12.300000011920929;0.09378755837678909;-0.1744559109210968;-0.9801714420318604;[];
95.55;MPIB2;14.492821854060708;16.678311051064753;0.0012339301174506545;-0.513526976108551;0.8580232858657837;[];
95.55;MPIB1;21.321797182617047;2.387477606630455;-0.8512228727340698;-0.5246713161468506;-0.007345079910010099;[];
95.6;MPIB4;45.32174238648536;29.504278260995818;-0.8762845993041992;-0.4816797375679016;-0.0053768823854625225;[];
95.6;MPIB3;59.07131298512252;12.300000011920929;0.09378755837678909;-0.1744559109210968;-0.9801714420318604;[];
95.6;MPIB2;14.492821854060708;16.678311051064753;0.0012339301174506545;-0.513526976108551;0.8580232858657837;[];
95.6;MPIB1;21.321797182617047;2.387477606630455;-0.8512228727340698;-0.5246713161468506;-0.007345079910010099;[];
95.65;MPIB4;45.32174238648536;29.504278260995818;-0.8762845993041992;-0.4816797375679016;-0.0053768823854625225;[];
95.65;MPIB3;59.07131298512252;12.300000011920929;0.09378755837678909;-0.1744559109210968;-0.9801714420318604;[];
95.65;MPIB2;14.492821854060708;16.678311051064753;0.0012339301174506545;-0.513526976108551;0.8580232858657837;[];
95.65;MPIB1;21.321797182617047;2.387477606630455;-0.8512228727340698;-0.5246713161468506;-0.007345079910010099;[];
95.7;MPIB4;45.32174238648536;29.504278260995818;-0.8762845993041992;-0.4816797375679016;-0.0053768823854625225;[];
95.7;MPIB3;59.07131298512252;12.300000011920929;0.09378755837678909;-0.1744559109210968;-0.9801714420318604;[];
95.7;MPIB2;14.492821854060708;16.678311051064753;0.0012339301174506545;-0.513526976108551;0.8580232858657837;[];
95.7;MPIB1;21.321797182617047;2.387477606630455;-0.8512228727340698;-0.5246713161468506;-0.007345079910010099;[];
95.75;MPIB4;45.32174238648536;29.504278260995818;-0.8762845993041992;-0.4816797375679016;-0.0053768823854625225;[];
95.75;MPIB3;59.07131298512252;12.300000011920929;0.09378755837678909;-0.1744559109210968;-0.9801714420318604;[];
95.75;MPIB2;14.492821854060708;16.678311051064753;0.0012339301174506545;-0.513526976108551;0.8580232858657837;[];
95.75;MPIB1;21.321797182617047;2.387477606630455;-0.8512228727340698;-0.5246713161468506;-0.007345079910010099;[];
95.8;MPIB4;45.32174238648536;29.504278260995818;-0.8762845993041992;-0.4816797375679016;-0.0053768823854625225;[];
95.8;MPIB3;59.07131298512252;12.300000011920929;0.09378755837678909;-0.1744559109210968;-0.9801714420318604;[];
95.8;MPIB2;14.492821854060708;16.678311051064753;0.0012339301174506545;-0.513526976108551;0.8580232858657837;[];
95.8;MPIB1;21.321797182617047;2.387477606630455;-0.8512228727340698;-0.5246713161468506;-0.007345079910010099;[];
95.85;MPIB4;45.32174238648536;29.504278260995818;-0.8762845993041992;-0.4816797375679016;-0.0053768823854625225;[];
95.85;MPIB3;59.07131298512252;12.300000011920929;0.09378755837678909;-0.1744559109210968;-0.9801714420318604;[];
95.85;MPIB2;14.492821854060708;16.678311051064753;0.0012339301174506545;-0.513526976108551;0.8580232858657837;[];
95.85;MPIB1;21.321797182617047;2.387477606630455;-0.8512228727340698;-0.5246713161468506;-0.007345079910010099;[];
95.9;MPIB4;45.30000001192093;29.492251928444205;-0.8762845993041992;-0.4816797375679016;-0.0053768823854625225;[];
95.9;MPIB3;59.07131298512252;12.300000011920929;0.09378755837678909;-0.1744559109210968;-0.9801714420318604;[];
95.9;MPIB2;14.492821854060708;16.678311051064753;0.0012339301174506545;-0.513526976108551;0.8580232858657837;[];
95.9;MPIB1;21.30000001192093;2.3705656792526497;-0.8512228727340698;-0.5246713161468506;-0.007345079910010099;[];
95.95;MPIB4;45.30000001192093;29.492251928444205;-0.8762845993041992;-0.4816797375679016;-0.0053768823854625225;[];
95.95;MPIB3;59.07131298512252;12.300000011920929;0.09378755837678909;-0.1744559109210968;-0.9801714420318604;[];
95.95;MPIB2;14.492821854060708;16.678311051064753;0.0012339301174506545;-0.513526976108551;0.8580232858657837;[];
95.95;MPIB1;21.30000001192093;2.3705656792526497;-0.8512228727340698;-0.5246713161468506;-0.007345079910010099;[];
96.0;MPIB4;45.30000001192093;29.492251928444205;-0.8762845993041992;-0.4816797375679016;-0.0053768823854625225;[];
96.0;MPIB3;59.07131298512252;12.300000011920929;0.09378755837678909;-0.1744559109210968;-0.9801714420318604;[];
96.0;MPIB2;14.492821854060708;16.678311051064753;0.0012339301174506545;-0.513526976108551;0.8580232858657837;[];
96.0;MPIB1;21.30000001192093;2.3705656792526497;-0.8512228727340698;-0.5246713161468506;-0.007345079910010099;[];
96.05;MPIB4;45.30000001192093;29.492251928444205;-0.8762845993041992;-0.4816797375679016;-0.0053768823854625225;[];
96.05;MPIB3;59.07131298512252;12.300000011920929;0.09378755837678909;-0.1744559109210968;-0.9801714420318604;[];
96.05;MPIB2;14.492821854060708;16.678311051064753;0.0012339301174506545;-0.513526976108551;0.8580232858657837;[];
96.05;MPIB1;21.30000001192093;2.3705656792526497;-0.8512228727340698;-0.5246713161468506;-0.007345079910010099;[];
96.1;MPIB4;45.30000001192093;29.492251928444205;-0.8762845993041992;-0.4816797375679016;-0.0053768823854625225;[];
96.1;MPIB3;59.07131298512252;12.300000011920929;0.09378755837678909;-0.1744559109210968;-0.9801714420318604;[];
96.1;MPIB2;14.492821854060708;16.678311051064753;0.0012339301174506545;-0.513526976108551;0.8580232858657837;[];
96.1;MPIB1;21.30000001192093;2.3705656792526497;-0.8512228727340698;-0.5246713161468506;-0.007345079910010099;[];
96.15;MPIB4;45.30000001192093;29.492251928444205;-0.8762845993041992;-0.4816797375679016;-0.0053768823854625225;[];
96.15;MPIB3;59.07131298512252;12.300000011920929;0.09267444908618927;-0.2308715432882309;-0.9685384035110474;[];
96.15;MPIB2;14.492821854060708;16.678311051064753;0.0012339301174506545;-0.513526976108551;0.8580232858657837;[];
96.15;MPIB1;21.30000001192093;2.3705656792526497;-0.8512228727340698;-0.5246713161468506;-0.007345079910010099;[];
96.2;MPIB4;45.30000001192093;29.492251928444205;-0.8762845993041992;-0.4816797375679016;-0.0053768823854625225;[];
96.2;MPIB3;59.07131298512252;12.300000011920929;0.09810010343790054;-0.30401602387428284;-0.9475732445716858;[];
96.2;MPIB2;14.492821854060708;16.678311051064753;0.0012339301174506545;-0.513526976108551;0.8580232858657837;[];
96.2;MPIB1;21.30000001192093;2.3705656792526497;-0.8512228727340698;-0.5246713161468506;-0.007345079910010099;[];
96.25;MPIB4;45.30000001192093;29.492251928444205;-0.8762845993041992;-0.4816797375679016;-0.0053768823854625225;[];
96.25;MPIB3;59.07131298512252;12.300000011920929;0.12976650893688202;-0.3656129837036133;-0.9216412305831909;[];
96.25;MPIB2;14.49545263020434;16.69999998807907;0.0012339301174506545;-0.513526976108551;0.8580232858657837;[];
96.25;MPIB1;21.30000001192093;2.3705656792526497;-0.8512228727340698;-0.5246713161468506;-0.007345079910010099;[];
96.3;MPIB4;45.30000001192093;29.492251928444205;-0.8762845993041992;-0.4816797375679016;-0.0053768823854625225;[];
96.3;MPIB3;59.07131298512252;12.300000011920929;0.17934589087963104;-0.4539734125137329;-0.872734546661377;[];
96.3;MPIB2;14.49545263020434;16.69999998807907;0.0012339301174506545;-0.513526976108551;0.8580232858657837;[];
96.3;MPIB1;21.30000001192093;2.3705656792526497;-0.8512228727340698;-0.5246713161468506;-0.007345079910010099;[];
96.35;MPIB4;45.30000001192093;29.492251928444205;-0.8762845993041992;-0.4816797375679016;-0.0053768823854625225;[];
96.35;MPIB3;59.07131298512252;12.300000011920929;0.17934589087963104;-0.4539734125137329;-0.872734546661377;[];
96.35;MPIB2;14.49545263020434;16.69999998807907;0.0012339301174506545;-0.513526976108551;0.8580232858657837;[];
96.35;MPIB1;21.30000001192093;2.3705656792526497;-0.8512228727340698;-0.5246713161468506;-0.007345079910010099;[];
96.4;MPIB4;45.30000001192093;29.492251928444205;-0.8762845993041992;-0.4816797375679016;-0.0053768823854625225;[];
96.4;MPIB3;59.07131298512252;12.300000011920929;0.19437512755393982;-0.4816797375679016;-0.854471743106842;[];
96.4;MPIB2;14.49545263020434;16.69999998807907;0.0012339301174506545;-0.513526976108551;0.8580232858657837;[];
96.4;MPIB1;21.30000001192093;2.3705656792526497;-0.8512228727340698;-0.5246713161468506;-0.007345079910010099;[];
96.45;MPIB4;45.30000001192093;29.492251928444205;-0.8762845993041992;-0.4816797375679016;-0.0053768823854625225;[];
96.45;MPIB3;59.07131298512252;12.300000011920929;0.19437512755393982;-0.4816797375679016;-0.854471743106842;[];
96.45;MPIB2;14.49545263020434;16.69999998807907;0.0012339301174506545;-0.513526976108551;0.8580232858657837;[];
96.45;MPIB1;21.30000001192093;2.3705656792526497;-0.8512228727340698;-0.5246713161468506;-0.007345079910010099;[];
96.5;MPIB4;45.30000001192093;29.492251928444205;-0.8762845993041992;-0.4816797375679016;-0.0053768823854625225;[];
96.5;MPIB3;59.07131298512252;12.300000011920929;0.19437512755393982;-0.4816797375679016;-0.854471743106842;[];
96.5;MPIB2;14.49545263020434;16.69999998807907;0.0012339301174506545;-0.513526976108551;0.8580232858657837;[];
96.5;MPIB1;21.30000001192093;2.3705656792526497;-0.8512228727340698;-0.5246713161468506;-0.007345079910010099;[];
96.55;MPIB4;45.30000001192093;29.492251928444205;-0.8762845993041992;-0.4816797375679016;-0.0053768823854625225;[];
96.55;MPIB3;59.07131298512252;12.300000011920929;0.19658635556697845;-0.4816797375679016;-0.853965699672699;[];
96.55;MPIB2;14.49545263020434;16.69999998807907;0.0012339301174506545;-0.513526976108551;0.8580232858657837;[];
96.55;MPIB1;21.30000001192093;2.3705656792526497;-0.8512228727340698;-0.5246713161468506;-0.007345079910010099;[];
96.6;MPIB4;45.30000001192093;29.492251928444205;-0.8762845993041992;-0.4816797375679016;-0.0053768823854625225;[];
96.6;MPIB3;59.07131298512252;12.300000011920929;0.20215420424938202;-0.5067653059959412;-0.8379969000816345;[];
96.6;MPIB2;14.49545263020434;16.69999998807907;0.0012339301174506545;-0.513526976108551;0.8580232858657837;[];
96.6;MPIB1;21.30000001192093;2.3705656792526497;-0.8512228727340698;-0.5246713161468506;-0.007345079910010099;[];
96.65;MPIB4;45.30000001192093;29.492251928444205;-0.8762845993041992;-0.4816797375679016;-0.0053768823854625225;[];
96.65;MPIB3;59.07131298512252;12.300000011920929;0.21657592058181763;-0.5401714444160461;-0.8131558895111084;[];
96.65;MPIB2;14.49545263020434;16.69999998807907;0.0012339301174506545;-0.513526976108551;0.8580232858657837;[];
96.65;MPIB1;21.30000001192093;2.3705656792526497;-0.8512228727340698;-0.5246713161468506;-0.007345079910010099;[];
96.7;MPIB4;45.30000001192093;29.492251928444205;-0.8762845993041992;-0.4816797375679016;-0.0053768823854625225;[];
96.7;MPIB3;59.07131298512252;12.300000011920929;0.2527938485145569;-0.5598674416542053;-0.789021372795105;[];
96.7;MPIB2;14.49545263020434;16.69999998807907;0.0012339301174506545;-0.513526976108551;0.8580232858657837;[];
96.7;MPIB1;21.30000001192093;2.3705656792526497;-0.8512228727340698;-0.5246713161468506;-0.007345079910010099;[];
96.75;MPIB4;45.2020018696785;29.482029545775333;-0.8762845993041992;-0.4816797375679016;-0.0053768823854625225;[];
96.75;MPIB3;59.07131298512252;12.300000011920929;0.25898900628089905;-0.5598674416542053;-0.7870097160339355;[];
96.75;MPIB2;14.49545263020434;16.69999998807907;0.0012339301174506545;-0.513526976108551;0.8580232858657837;[];
96.75;MPIB1;21.202003672719;2.3561905409815154;-0.8512228727340698;-0.5246713161468506;-0.007345079910010099;[];
96.8;MPIB4;45.05049673555672;29.481428229147753;-0.8762845993041992;-0.4816797375679016;-0.0053768823854625225;[];
96.8;MPIB3;59.07131298512252;12.300000011920929;0.25898900628089905;-0.5598674416542053;-0.7870097160339355;[];
96.8;MPIB2;14.49545263020434;16.69999998807907;0.0012339301174506545;-0.513526976108551;0.8580232858657837;[];
96.8;MPIB1;21.0505013260979;2.355344944612625;-0.8512228727340698;-0.5246713161468506;-0.007345079910010099;[];
96.85;MPIB4;45.05049673555672;29.481428229147753;-0.8762845993041992;-0.4816797375679016;-0.0053768823854625225;[];
96.85;MPIB3;59.07131298512252;12.300000011920929;0.26516813039779663;-0.5598674416542053;-0.7849493026733398;[];
96.85;MPIB2;14.49545263020434;16.69999998807907;0.0012339301174506545;-0.513526976108551;0.8580232858657837;[];
96.85;MPIB1;20.86978469603264;2.354499348243735;-0.8512228727340698;-0.5246713161468506;-0.007345079910010099;[];
96.9;MPIB4;44.67310553129749;29.48022559589259;-0.8762845993041992;-0.4816797375679016;-0.0053768823854625225;[];
96.9;MPIB3;59.07131298512252;12.300000011920929;0.26719915866851807;-0.5598674416542053;-0.7842602133750916;[];
96.9;MPIB2;14.49545263020434;16.69999998807907;0.0012339301174506545;-0.513526976108551;0.8580232858657837;[];
96.9;MPIB1;20.67311706535429;2.3536537518748446;-0.8512228727340698;-0.5246713161468506;-0.007345079910010099;[];
96.95;MPIB4;44.467724874531136;29.47962427926501;-0.8762845993041992;-0.4816797375679016;-0.0053768823854625225;[];
96.95;MPIB3;59.07131298512252;12.300000011920929;0.26719915866851807;-0.5598674416542053;-0.7842602133750916;[];
96.95;MPIB2;14.49545263020434;16.69999998807907;0.0012339301174506545;-0.513526976108551;0.8580232858657837;[];
96.95;MPIB1;20.467740187329355;2.3528081555059543;-0.8512228727340698;-0.5246713161468506;-0.007345079910010099;[];
97.0;MPIB4;44.25758888066917;29.47902296263743;-0.8762845993041992;-0.4816797375679016;-0.0053768823854625225;[];
97.0;MPIB3;59.07131298512252;12.300000011920929;0.26719915866851807;-0.5598674416542053;-0.7842602133750916;[];
97.0;MPIB2;14.49545263020434;16.69999998807907;0.0012339301174506545;-0.513526976108551;0.8580232858657837;[];
97.0;MPIB1;20.257608059700942;2.351962559137064;-0.8512228727340698;-0.5246713161468506;-0.007345079910010099;[];
97.05;MPIB4;44.25758888066917;29.47902296263743;-0.8762845993041992;-0.4816797375679016;-0.0053768823854625225;[];
97.05;MPIB3;59.07131298512252;12.300000011920929;0.26719915866851807;-0.5598674416542053;-0.7842602133750916;[];
97.05;MPIB2;14.49545263020434;16.69999998807907;0.0012339301174506545;-0.513526976108551;0.8580232858657837;[];
97.05;MPIB1;20.044879565487463;2.351116962768174;-0.8512228727340698;-0.5246713161468506;-0.007345079910010099;[];
97.1;MPIB4;43.830771334090485;29.48346633500438;-0.8667304515838623;-0.4977288246154785;0.03100830502808094;[];
97.1;MPIB3;59.07131298512252;12.300000011920929;0.26719915866851807;-0.5598674416542053;-0.7842602133750916;[];
97.1;MPIB2;14.497688789926428;16.797999888658524;0.0012339301174506545;-0.513526976108551;0.8580232858657837;[];
97.1;MPIB1;19.830733454953815;2.3502713663992836;-0.8512228727340698;-0.5246713161468506;-0.007345079910010099;[];
97.15;MPIB4;43.61596188959601;29.487486536977997;-0.866554856300354;-0.4977288246154785;0.0355781726539135;[];
97.15;MPIB3;59.07131298512252;12.300000011920929;0.26922836899757385;-0.5598674416542053;-0.7835659384727478;[];
97.15;MPIB2;14.49782032873361;16.94950774116944;0.0012339301174506545;-0.513526976108551;0.8580232858657837;[];
97.15;MPIB1;19.615813325819545;2.3494257700303933;-0.8512228727340698;-0.5246713161468506;-0.007345079910010099;[];
97.2;MPIB4;43.40076915840754;29.49176019326802;-0.8651696443557739;-0.49997231364250183;0.037764884531497955;[];
97.2;MPIB3;59.07131298512252;12.300000011920929;0.26922836899757385;-0.5598674416542053;-0.7835659384727478;[];
97.2;MPIB2;14.497951867540792;17.13023093882839;0.0012339301174506545;-0.513526976108551;0.8580232858657837;[];
97.2;MPIB1;19.40047058248024;2.348580173661503;-0.8512228727340698;-0.5246713161468506;-0.007345079910010099;[];
97.25;MPIB4;43.18536715265984;29.496033849558046;-0.8651696443557739;-0.49997231364250183;0.037764884531497955;[];
97.25;MPIB3;59.07131298512252;12.300000011920929;0.26922836899757385;-0.5598674416542053;-0.7835659384727478;[];
97.25;MPIB2;14.498083406347973;17.326905716790975;0.0012339301174506545;-0.513526976108551;0.8580232858657837;[];
97.25;MPIB1;19.184897091758103;2.347734577292613;-0.8512228727340698;-0.5246713161468506;-0.007345079910010099;[];
97.3;MPIB4;42.96985088298954;29.50030750584807;-0.8651696443557739;-0.49997231364250183;0.037764884531497955;[];
97.3;MPIB3;59.07131298512252;12.300000011920929;0.26922836899757385;-0.5598674416542053;-0.7835659384727478;[];
97.3;MPIB2;14.498214945155155;17.532290058610982;0.0012339301174506545;-0.513526976108551;0.8580232858657837;[];
97.3;MPIB1;18.96919761295044;2.3468889809237226;-0.8512228727340698;-0.5246713161468506;-0.007345079910010099;[];
97.35;MPIB4;42.96985088298954;29.50030750584807;-0.8651696443557739;-0.49997231364250183;0.037764884531497955;[];
97.35;MPIB3;59.07131298512252;12.300000011920929;0.26922836899757385;-0.5598674416542053;-0.7835659384727478;[];
97.35;MPIB2;14.498346483962337;17.742429822849488;0.0012339301174506545;-0.513526976108551;0.8580232858657837;[];
97.35;MPIB1;18.753429344639926;2.3460433845548323;-0.8512228727340698;-0.5246713161468506;-0.007345079910010099;[];
97.4;MPIB4;42.754241655478054;29.503811329500934;-0.8654397130012512;-0.49997231364250183;0.030962128192186356;[];
97.4;MPIB3;59.07131298512252;12.300000011920929;0.26922836899757385;-0.5598674416542053;-0.7835659384727478;[];
97.4;MPIB2;14.498478022769518;17.955166048030094;0.0012339301174506545;-0.513526976108551;0.8580232858657837;[];
97.4;MPIB1;18.537623517256634;2.345197788185942;-0.8512228727340698;-0.5246713161468506;-0.007345079910010099;[];
97.45;MPIB4;42.32278438286396;29.507494171862675;-0.8658978343009949;-0.49997231364250183;0.012868568301200867;[];
97.45;MPIB3;59.07131298512252;12.300000011920929;0.26922836899757385;-0.5598674416542053;-0.7835659384727478;[];
97.45;MPIB2;14.4986095615767;18.169319941049736;0.0012339301174506545;-0.513526976108551;0.8580232858657837;[];
97.45;MPIB1;18.321797182617047;2.344352191817052;-0.8512228727340698;-0.5246713161468506;-0.007345079910010099;[];
97.5;MPIB4;42.32278438286396;29.507494171862675;-0.8658978343009949;-0.49997231364250183;0.012868568301200867;[];
97.5;MPIB3;59.07131298512252;12.300000011920929;0.26922836899757385;-0.5598674416542053;-0.7835659384727478;[];
97.5;MPIB2;14.498741100383882;18.38424788079942;0.0012339301174506545;-0.513526976108551;0.8580232858657837;[];
97.5;MPIB1;18.321797182617047;2.344352191817052;-0.8512228727340698;-0.5246713161468506;-0.007345079910010099;[];
97.55;MPIB4;42.32278438286396;29.507494171862675;-0.8659292459487915;-0.49997231364250183;0.01054405141621828;[];
97.55;MPIB3;59.07131298512252;12.300000011920929;0.26922836899757385;-0.5598674416542053;-0.7835659384727478;[];
97.55;MPIB2;14.498872639191063;18.59959845011278;0.0012339301174506545;-0.513526976108551;0.8580232858657837;[];
97.55;MPIB1;18.321797182617047;2.344352191817052;-0.8512228727340698;-0.5246713161468506;-0.007345079910010099;[];
97.6;MPIB4;42.32278438286396;29.507494171862675;-0.8659292459487915;-0.49997231364250183;0.01054405141621828;[];
97.6;MPIB3;59.07131298512252;12.300000011920929;0.26922836899757385;-0.5598674416542053;-0.7835659384727478;[];
97.6;MPIB2;14.499004177998245;18.815179775194736;0.0012339301174506545;-0.513526976108551;0.8580232858657837;[];
97.6;MPIB1;18.321797182617047;2.344352191817052;-0.8512228727340698;-0.5246713161468506;-0.007345079910010099;[];
97.65;MPIB4;42.32278438286396;29.507494171862675;-0.8659292459487915;-0.49997231364250183;0.01054405141621828;[];
97.65;MPIB3;59.07131298512252;12.300000011920929;0.26922836899757385;-0.5598674416542053;-0.7835659384727478;[];
97.65;MPIB2;14.499135716805426;19.030887092940958;0.0012339301174506545;-0.513526976108551;0.8580232858657837;[];
97.65;MPIB1;18.321797182617047;2.344352191817052;-0.8512228727340698;-0.5246713161468506;-0.007345079910010099;[];
97.7;MPIB4;42.32278438286396;29.507494171862675;-0.8659292459487915;-0.49997231364250183;0.01054405141621828;[];
97.7;MPIB3;59.07131298512252;12.300000011920929;0.26922836899757385;-0.5598674416542053;-0.7835659384727478;[];
97.7;MPIB2;14.499267255612608;19.24666320268986;0.0012339301174506545;-0.513526976108551;0.8580232858657837;[];
97.7;MPIB1;18.321797182617047;2.344352191817052;-0.8512228727340698;-0.5246713161468506;-0.007345079910010099;[];
97.75;MPIB4;42.32278438286396;29.507494171862675;-0.8659292459487915;-0.49997231364250183;0.01054405141621828;[];
97.75;MPIB3;59.07131298512252;12.300000011920929;0.26922836899757385;-0.5598674416542053;-0.7835659384727478;[];
97.75;MPIB2;14.49939879441979;19.46247687287658;0.0012339301174506545;-0.513526976108551;0.8580232858657837;[];
97.75;MPIB1;18.321797182617047;2.344352191817052;-0.8512228727340698;-0.5246713161468506;-0.007345079910010099;[];
97.8;MPIB4;42.32278438286396;29.507494171862675;-0.8659292459487915;-0.49997231364250183;0.01054405141621828;[];
97.8;MPIB3;59.07131298512252;12.300000011920929;0.26922836899757385;-0.5598674416542053;-0.7835659384727478;[];
97.8;MPIB2;14.499530333226971;19.678311051064753;0.0012339301174506545;-0.513526976108551;0.8580232858657837;[];
97.8;MPIB1;18.321797182617047;2.344352191817052;-0.8512228727340698;-0.5246713161468506;-0.007345079910010099;[];
97.85;MPIB4;42.32278438286396;29.507494171862675;-0.8659292459487915;-0.49997231364250183;0.01054405141621828;[];
97.85;MPIB3;59.07131298512252;12.300000011920929;0.2743948996067047;-0.5642287731170654;-0.7786295413970947;[];
97.85;MPIB2;14.499530333226971;19.678311051064753;0.0012339301174506545;-0.513526976108551;0.8580232858657837;[];
97.85;MPIB1;18.321797182617047;2.344352191817052;-0.8512228727340698;-0.5246713161468506;-0.007345079910010099;[];
97.9;MPIB4;42.32278438286396;29.507494171862675;-0.8659292459487915;-0.49997231364250183;0.01054405141621828;[];
97.9;MPIB3;59.07131298512252;12.300000011920929;0.2743948996067047;-0.5642287731170654;-0.7786295413970947;[];
97.9;MPIB2;14.499530333226971;19.678311051064753;0.0012339301174506545;-0.513526976108551;0.8580232858657837;[];
97.9;MPIB1;18.321797182617047;2.344352191817052;-0.8512228727340698;-0.5246713161468506;-0.007345079910010099;[];
97.95;MPIB4;42.32278438286396;29.507494171862675;-0.8659292459487915;-0.49997231364250183;0.01054405141621828;[];
97.95;MPIB3;59.07131298512252;12.300000011920929;0.2743948996067047;-0.5642287731170654;-0.7786295413970947;[];
97.95;MPIB2;14.499530333226971;19.678311051064753;0.0012339301174506545;-0.513526976108551;0.8580232858657837;[];
97.95;MPIB1;18.321797182617047;2.344352191817052;-0.8512228727340698;-0.5246713161468506;-0.007345079910010099;[];
98.0;MPIB4;42.32278438286396;29.507494171862675;-0.8659292459487915;-0.49997231364250183;0.01054405141621828;[];
98.0;MPIB3;59.07131298512252;12.300000011920929;0.2743948996067047;-0.5642287731170654;-0.7786295413970947;[];
98.0;MPIB2;14.499530333226971;19.678311051064753;0.0012339301174506545;-0.513526976108551;0.8580232858657837;[];
98.0;MPIB1;18.321797182617047;2.344352191817052;-0.8512228727340698;-0.5246713161468506;-0.007345079910010099;[];
98.05;MPIB4;42.32278438286396;29.507494171862675;-0.8659292459487915;-0.49997231364250183;0.01054405141621828;[];
98.05;MPIB3;59.07131298512252;12.300000011920929;0.2743948996067047;-0.5642287731170654;-0.7786295413970947;[];
98.05;MPIB2;14.499530333226971;19.678311051064753;0.0012339301174506545;-0.513526976108551;0.8580232858657837;[];
98.05;MPIB1;18.321797182617047;2.344352191817052;-0.8512228727340698;-0.5246713161468506;-0.007345079910010099;[];
98.1;MPIB4;42.32278438286396;29.507494171862675;-0.8672797679901123;-0.4977288246154785;-0.0029933906625956297;[];
98.1;MPIB3;59.07131298512252;12.300000011920929;0.2743948996067047;-0.5642287731170654;-0.7786295413970947;[];
98.1;MPIB2;14.499530333226971;19.678311051064753;0.0012339301174506545;-0.513526976108551;0.8580232858657837;[];
98.1;MPIB1;18.321797182617047;2.344352191817052;-0.8512228727340698;-0.5246713161468506;-0.007345079910010099;[];
98.15;MPIB4;42.32278438286396;29.507494171862675;-0.8672797679901123;-0.4977288246154785;-0.0029933906625956297;[];
98.15;MPIB3;59.07131298512252;12.300000011920929;0.2743948996067047;-0.5642287731170654;-0.7786295413970947;[];
98.15;MPIB2;14.499530333226971;19.678311051064753;0.0012339301174506545;-0.513526976108551;0.8580232858657837;[];
98.15;MPIB1;18.321797182617047;2.344352191817052;-0.8512228727340698;-0.5246713161468506;-0.007345079910010099;[];
98.2;MPIB4;42.32278438286396;29.507494171862675;-0.8672797679901123;-0.4977288246154785;-0.0029933906625956297;[];
98.2;MPIB3;59.07131298512252;12.300000011920929;0.2743948996067047;-0.5642287731170654;-0.7786295413970947;[];
98.2;MPIB2;14.499530333226971;19.678311051064753;0.0012339301174506545;-0.513526976108551;0.8580232858657837;[];
98.2;MPIB1;18.321797182617047;2.344352191817052;-0.8512228727340698;-0.5246713161468506;-0.007345079910010099;[];
98.25;MPIB4;42.32278438286396;29.507494171862675;-0.8672797679901123;-0.4977288246154785;-0.0029933906625956297;[];
98.25;MPIB3;59.07131298512252;12.300000011920929;0.2743948996067047;-0.5642287731170654;-0.7786295413970947;[];
98.25;MPIB2;14.499530333226971;19.678311051064753;0.0012339301174506545;-0.513526976108551;0.8580232858657837;[];
98.25;MPIB1;18.321797182617047;2.344352191817052;-0.8512228727340698;-0.5246713161468506;-0.007345079910010099;[];
98.3;MPIB4;42.32278438286396;29.507494171862675;-0.8685851097106934;-0.49539870023727417;-0.007578177377581596;[];
98.3;MPIB3;59.07131298512252;12.300000011920929;0.2743948996067047;-0.5642287731170654;-0.7786295413970947;[];
98.3;MPIB2;14.499530333226971;19.678311051064753;0.0012339301174506545;-0.513526976108551;0.8580232858657837;[];
98.3;MPIB1;18.321797182617047;2.344352191817052;-0.8512228727340698;-0.5246713161468506;-0.007345079910010099;[];
98.35;MPIB4;42.32278438286396;29.507494171862675;-0.8685851097106934;-0.49539870023727417;-0.007578177377581596;[];
98.35;MPIB3;59.07131298512252;12.300000011920929;0.2743948996067047;-0.5642287731170654;-0.7786295413970947;[];
98.35;MPIB2;14.499530333226971;19.678311051064753;0.0012339301174506545;-0.513526976108551;0.8580232858657837;[];
98.35;MPIB1;18.321797182617047;2.344352191817052;-0.8512228727340698;-0.5246713161468506;-0.007345079910010099;[];
98.4;MPIB4;42.32278438286396;29.507494171862675;-0.8685851097106934;-0.49539870023727417;-0.007578177377581596;[];
98.4;MPIB3;59.07131298512252;12.300000011920929;0.2743948996067047;-0.5642287731170654;-0.7786295413970947;[];
98.4;MPIB2;14.499530333226971;19.678311051064753;0.0012339301174506545;-0.513526976108551;0.8580232858657837;[];
98.4;MPIB1;18.321797182617047;2.344352191817052;-0.8512228727340698;-0.5246713161468506;-0.007345079910010099;[];
98.45;MPIB4;42.30000001192093;29.516278784590725;-0.8685851097106934;-0.49539870023727417;-0.007578177377581596;[];
98.45;MPIB3;59.07131298512252;12.300000011920929;0.2743948996067047;-0.5642287731170654;-0.7786295413970947;[];
98.45;MPIB2;14.499530333226971;19.678311051064753;0.0012339301174506545;-0.513526976108551;0.8580232858657837;[];
98.45;MPIB1;18.30000001192093;2.3274402644392467;-0.8512228727340698;-0.5246713161468506;-0.007345079910010099;[];
98.5;MPIB4;42.30000001192093;29.516278784590725;-0.8685851097106934;-0.49539870023727417;-0.007578177377581596;[];
98.5;MPIB3;59.07131298512252;12.300000011920929;0.2743948996067047;-0.5642287731170654;-0.7786295413970947;[];
98.5;MPIB2;14.499530333226971;19.678311051064753;0.0012339301174506545;-0.513526976108551;0.8580232858657837;[];
98.5;MPIB1;18.30000001192093;2.3274402644392467;-0.8512228727340698;-0.5246713161468506;-0.007345079910010099;[];
98.55;MPIB4;42.30000001192093;29.516278784590725;-0.8685851097106934;-0.49539870023727417;-0.007578177377581596;[];
98.55;MPIB3;59.07131298512252;12.300000011920929;0.2743948996067047;-0.5642287731170654;-0.7786295413970947;[];
98.55;MPIB2;14.499530333226971;19.678311051064753;0.0012339301174506545;-0.513526976108551;0.8580232858657837;[];
98.55;MPIB1;18.30000001192093;2.3274402644392467;-0.8512228727340698;-0.5246713161468506;-0.007345079910010099;[];
98.6;MPIB4;42.30000001192093;29.516278784590725;-0.8685851097106934;-0.49539870023727417;-0.007578177377581596;[];
98.6;MPIB3;59.07131298512252;12.300000011920929;0.2743948996067047;-0.5642287731170654;-0.7786295413970947;[];
98.6;MPIB2;14.499530333226971;19.678311051064753;0.0012339301174506545;-0.513526976108551;0.8580232858657837;[];
98.6;MPIB1;18.30000001192093;2.3274402644392467;-0.8512228727340698;-0.5246713161468506;-0.007345079910010099;[];
98.65;MPIB4;42.30000001192093;29.516278784590725;-0.8685851097106934;-0.49539870023727417;-0.007578177377581596;[];
98.65;MPIB3;59.07131298512252;12.300000011920929;0.2743948996067047;-0.5642287731170654;-0.7786295413970947;[];
98.65;MPIB2;14.499530333226971;19.678311051064753;0.0012339301174506545;-0.513526976108551;0.8580232858657837;[];
98.65;MPIB1;18.30000001192093;2.3274402644392467;-0.8512228727340698;-0.5246713161468506;-0.007345079910010099;[];
98.7;MPIB4;42.30000001192093;29.516278784590725;-0.8685851097106934;-0.49539870023727417;-0.007578177377581596;[];
98.7;MPIB3;59.07131298512252;12.300000011920929;0.2743948996067047;-0.5642287731170654;-0.7786295413970947;[];
98.7;MPIB2;14.499530333226971;19.678311051064753;0.0012339301174506545;-0.513526976108551;0.8580232858657837;[];
98.7;MPIB1;18.30000001192093;2.3274402644392467;-0.8512228727340698;-0.5246713161468506;-0.007345079910010099;[];
98.75;MPIB4;42.30000001192093;29.516278784590725;-0.8685851097106934;-0.49539870023727417;-0.007578177377581596;[];
98.75;MPIB3;59.07131298512252;12.300000011920929;0.2743948996067047;-0.5642287731170654;-0.7786295413970947;[];
98.75;MPIB2;14.499530333226971;19.678311051064753;0.0012339301174506545;-0.513526976108551;0.8580232858657837;[];
98.75;MPIB1;18.30000001192093;2.3274402644392467;-0.8512228727340698;-0.5246713161468506;-0.007345079910010099;[];
98.8;MPIB4;42.30000001192093;29.516278784590725;-0.8685851097106934;-0.49539870023727417;-0.007578177377581596;[];
98.8;MPIB3;59.07131298512252;12.300000011920929;0.2743948996067047;-0.5642287731170654;-0.7786295413970947;[];
98.8;MPIB2;14.499530333226971;19.678311051064753;0.0012339301174506545;-0.513526976108551;0.8580232858657837;[];
98.8;MPIB1;18.30000001192093;2.3274402644392467;-0.8512228727340698;-0.5246713161468506;-0.007345079910010099;[];
98.85;MPIB4;42.30000001192093;29.516278784590725;-0.8685851097106934;-0.49539870023727417;-0.007578177377581596;[];
98.85;MPIB3;59.07131298512252;12.300000011920929;0.2743948996067047;-0.5642287731170654;-0.7786295413970947;[];
98.85;MPIB2;14.499530333226971;19.678311051064753;0.0012339301174506545;-0.513526976108551;0.8580232858657837;[];
98.85;MPIB1;18.30000001192093;2.3274402644392467;-0.8512228727340698;-0.5246713161468506;-0.007345079910010099;[];
98.9;MPIB4;42.30000001192093;29.516278784590725;-0.8685851097106934;-0.49539870023727417;-0.007578177377581596;[];
98.9;MPIB3;59.07131298512252;12.300000011920929;0.2743948996067047;-0.5642287731170654;-0.7786295413970947;[];
98.9;MPIB2;14.499530333226971;19.678311051064753;0.0012339301174506545;-0.513526976108551;0.8580232858657837;[];
98.9;MPIB1;18.30000001192093;2.3274402644392467;-0.8512228727340698;-0.5246713161468506;-0.007345079910010099;[];
98.95;MPIB4;42.30000001192093;29.516278784590725;-0.8685851097106934;-0.49539870023727417;-0.007578177377581596;[];
98.95;MPIB3;59.07131298512252;12.300000011920929;0.2743948996067047;-0.5642287731170654;-0.7786295413970947;[];
98.95;MPIB2;14.499530333226971;19.678311051064753;0.0012339301174506545;-0.513526976108551;0.8580232858657837;[];
98.95;MPIB1;18.30000001192093;2.3274402644392467;-0.8512228727340698;-0.5246713161468506;-0.007345079910010099;[];
99.0;MPIB4;42.30000001192093;29.516278784590725;-0.8685851097106934;-0.49539870023727417;-0.007578177377581596;[];
99.0;MPIB3;59.07131298512252;12.300000011920929;0.2743948996067047;-0.5642287731170654;-0.7786295413970947;[];
99.0;MPIB2;14.499530333226971;19.678311051064753;0.0012339301174506545;-0.513526976108551;0.8580232858657837;[];
99.0;MPIB1;18.30000001192093;2.3274402644392467;-0.8512228727340698;-0.5246713161468506;-0.007345079910010099;[];
99.05;MPIB4;42.30000001192093;29.516278784590725;-0.8685851097106934;-0.49539870023727417;-0.007578177377581596;[];
99.05;MPIB3;59.07131298512252;12.300000011920929;0.2743948996067047;-0.5642287731170654;-0.7786295413970947;[];
99.05;MPIB2;14.499530333226971;19.678311051064753;0.0012339301174506545;-0.513526976108551;0.8580232858657837;[];
99.05;MPIB1;18.30000001192093;2.3274402644392467;-0.8512228727340698;-0.5246713161468506;-0.007345079910010099;[];
99.1;MPIB4;42.30000001192093;29.516278784590725;-0.8685851097106934;-0.49539870023727417;-0.007578177377581596;[];
99.1;MPIB3;59.07131298512252;12.300000011920929;0.2743948996067047;-0.5642287731170654;-0.7786295413970947;[];
99.1;MPIB2;14.499530333226971;19.678311051064753;0.0012339301174506545;-0.513526976108551;0.8580232858657837;[];
99.1;MPIB1;18.30000001192093;2.3274402644392467;-0.8512228727340698;-0.5246713161468506;-0.007345079910010099;[];
99.15;MPIB4;42.30000001192093;29.516278784590725;-0.8685851097106934;-0.49539870023727417;-0.007578177377581596;[];
99.15;MPIB3;59.07131298512252;12.300000011920929;0.2743948996067047;-0.5642287731170654;-0.7786295413970947;[];
99.15;MPIB2;14.502161109370604;19.69999998807907;0.0012339301174506545;-0.513526976108551;0.8580232858657837;[];
99.15;MPIB1;18.30000001192093;2.3274402644392467;-0.8512228727340698;-0.5246713161468506;-0.007345079910010099;[];
99.2;MPIB4;42.30000001192093;29.516278784590725;-0.8685851097106934;-0.49539870023727417;-0.007578177377581596;[];
99.2;MPIB3;59.07131298512252;12.300000011920929;0.2743948996067047;-0.5642287731170654;-0.7786295413970947;[];
99.2;MPIB2;14.502161109370604;19.69999998807907;0.0012339301174506545;-0.513526976108551;0.8580232858657837;[];
99.2;MPIB1;18.30000001192093;2.3274402644392467;-0.8512228727340698;-0.5246713161468506;-0.007345079910010099;[];
99.25;MPIB4;42.30000001192093;29.516278784590725;-0.8685851097106934;-0.49539870023727417;-0.007578177377581596;[];
99.25;MPIB3;59.07131298512252;12.300000011920929;0.2743948996067047;-0.5642287731170654;-0.7786295413970947;[];
99.25;MPIB2;14.502161109370604;19.69999998807907;0.0012339301174506545;-0.513526976108551;0.8580232858657837;[];
99.25;MPIB1;18.30000001192093;2.3274402644392467;-0.8512228727340698;-0.5246713161468506;-0.007345079910010099;[];
99.3;MPIB4;42.20200375467539;29.501743926244274;-0.8685851097106934;-0.49539870023727417;-0.007578177377581596;[];
99.3;MPIB3;59.07131298512252;12.300000011920929;0.2743948996067047;-0.5642287731170654;-0.7786295413970947;[];
99.3;MPIB2;14.502161109370604;19.69999998807907;0.0012339301174506545;-0.513526976108551;0.8580232858657837;[];
99.3;MPIB1;18.202003672719;2.3130651261681123;-0.8512228727340698;-0.5246713161468506;-0.007345079910010099;[];
99.35;MPIB4;42.05050153475892;29.500888934576835;-0.8685851097106934;-0.49539870023727417;-0.007578177377581596;[];
99.35;MPIB3;59.07131298512252;12.300000011920929;0.2743948996067047;-0.5642287731170654;-0.7786295413970947;[];
99.35;MPIB2;14.502161109370604;19.69999998807907;0.0012339301174506545;-0.513526976108551;0.8580232858657837;[];
99.35;MPIB1;18.0505013260979;2.312219529799222;-0.8512228727340698;-0.5246713161468506;-0.007345079910010099;[];
99.4;MPIB4;41.86978505583082;29.500033942909397;-0.8685851097106934;-0.49539870023727417;-0.007578177377581596;[];
99.4;MPIB3;59.07131298512252;12.300000011920929;0.2743948996067047;-0.5642287731170654;-0.7786295413970947;[];
99.4;MPIB2;14.502161109370604;19.69999998807907;0.0012339301174506545;-0.513526976108551;0.8580232858657837;[];
99.4;MPIB1;17.86978469603264;2.311373933430332;-0.8512228727340698;-0.5246713161468506;-0.007345079910010099;[];
99.45;MPIB4;41.67311758962961;29.49917895124196;-0.8685851097106934;-0.49539870023727417;-0.007578177377581596;[];
99.45;MPIB3;59.07131298512252;12.300000011920929;0.2743948996067047;-0.5642287731170654;-0.7786295413970947;[];
99.45;MPIB2;14.502161109370604;19.69999998807907;0.0012339301174506545;-0.513526976108551;0.8580232858657837;[];
99.45;MPIB1;17.67311706535429;2.3105283370614416;-0.8512228727340698;-0.5246713161468506;-0.007345079910010099;[];
99.5;MPIB4;41.46774088336569;29.49832395957452;-0.8685851097106934;-0.49539870023727417;-0.007578177377581596;[];
99.5;MPIB3;59.07131298512252;12.300000011920929;0.2743948996067047;-0.5642287731170654;-0.7786295413970947;[];
99.5;MPIB2;14.502161109370604;19.69999998807907;0.0012339301174506545;-0.513526976108551;0.8580232858657837;[];
99.5;MPIB1;17.467740187329355;2.3096827406925513;-0.8512228727340698;-0.5246713161468506;-0.007345079910010099;[];
99.55;MPIB4;41.2576089314752;29.497468967907082;-0.8685851097106934;-0.49539870023727417;-0.007578177377581596;[];
99.55;MPIB3;59.07131298512252;12.300000011920929;0.2743948996067047;-0.5642287731170654;-0.7786295413970947;[];
99.55;MPIB2;14.502161109370604;19.69999998807907;0.0012339301174506545;-0.513526976108551;0.8580232858657837;[];
99.55;MPIB1;17.257608059700942;2.308837144323661;-0.8512228727340698;-0.5246713161468506;-0.007345079910010099;[];
99.6;MPIB4;41.04488061517102;29.496613976239644;-0.8685851097106934;-0.49539870023727417;-0.007578177377581596;[];
99.6;MPIB3;59.07131298512252;12.300000011920929;0.2743948996067047;-0.5642287731170654;-0.7786295413970947;[];
99.6;MPIB2;14.502161109370604;19.69999998807907;0.0012339301174506545;-0.513526976108551;0.8580232858657837;[];
99.6;MPIB1;17.044879565487463;2.307991547954771;-0.8512228727340698;-0.5246713161468506;-0.007345079910010099;[];
99.65;MPIB4;40.8307346837323;29.495758984572205;-0.8685851097106934;-0.49539870023727417;-0.007578177377581596;[];
99.65;MPIB3;59.07131298512252;12.300000011920929;0.2743948996067047;-0.5642287731170654;-0.7786295413970947;[];
99.65;MPIB2;14.504397269092692;19.797999888658524;0.0012339301174506545;-0.513526976108551;0.8580232858657837;[];
99.65;MPIB1;16.830733454953815;2.3071459515858805;-0.8512228727340698;-0.5246713161468506;-0.007345079910010099;[];
99.7;MPIB4;40.61581473434023;29.494903992904767;-0.8685851097106934;-0.49539870023727417;-0.007578177377581596;[];
99.7;MPIB3;59.07131298512252;12.300000011920929;0.27538010478019714;-0.5598674416542053;-0.7814251780509949;[];
99.7;MPIB2;14.504528807899874;19.94950774116944;0.0012339301174506545;-0.513526976108551;0.8580232858657837;[];
99.7;MPIB1;16.615813325819545;2.3063003552169903;-0.8512228727340698;-0.5246713161468506;-0.007345079910010099;[];
99.75;MPIB4;40.40046858736727;29.49507311418671;-0.8686168789863586;-0.49539870023727417;0.001498998375609517;[];
99.75;MPIB3;59.07131298512252;12.300000011920929;0.19456836581230164;-0.4399081766605377;-0.8766688704490662;[];
99.75;MPIB2;14.504528807899874;19.94950774116944;0.0012339301174506545;-0.513526976108551;0.8580232858657837;[];
99.75;MPIB1;16.615813325819545;2.3063003552169903;-0.8512228727340698;-0.5246713161468506;-0.007345079910010099;[];
99.8;MPIB4;40.18489198656346;29.495758989665376;-0.8685969114303589;-0.49539870023727417;0.006079224403947592;[];
99.8;MPIB3;59.07131298512252;12.300000011920929;0.045806024223566055;-0.3114960789680481;-0.9491128325462341;[];
99.8;MPIB2;14.504791885514237;20.326905716790975;0.0012339301174506545;-0.513526976108551;0.8580232858657837;[];
99.8;MPIB1;16.184897091758103;2.3046091624792098;-0.8512228727340698;-0.5246713161468506;-0.007345079910010099;[];
99.85;MPIB4;39.96918955795338;29.496444865144042;-0.8685969114303589;-0.49539870023727417;0.006079224403947592;[];
99.85;MPIB3;59.07131298512252;12.300000011920929;-0.08588353544473648;-0.20786167681217194;-0.9743605852127075;[];
99.85;MPIB2;14.504923424321419;20.532290058610982;0.0012339301174506545;-0.513526976108551;0.8580232858657837;[];
99.85;MPIB1;15.969197612950438;2.3037635661103195;-0.8512228727340698;-0.5246713161468506;-0.007345079910010099;[];
99.9;MPIB4;39.753418427353104;29.49713074062271;-0.8685969114303589;-0.49539870023727417;0.006079224403947592;[];
99.9;MPIB3;59.07131298512252;12.300000011920929;-0.19491106271743774;-0.13049450516700745;-0.9720885157585144;[];
99.9;MPIB2;14.5050549631286;20.742429822849488;0.0012339301174506545;-0.513526976108551;0.8580232858657837;[];
99.9;MPIB1;15.753429344639926;2.3029179697414293;-0.8512228727340698;-0.5246713161468506;-0.007345079910010099;[];
99.95;MPIB4;39.537609785461825;29.497816616101375;-0.8685969114303589;-0.49539870023727417;0.006079224403947592;[];
99.95;MPIB3;59.07131298512252;12.300000011920929;-0.3101484179496765;-0.0470566526055336;-0.949518084526062;[];
99.95;MPIB2;14.505186501935782;20.955166048030094;0.0012339301174506545;-0.513526976108551;0.8580232858657837;[];
99.95;MPIB1;15.537623517256634;2.302072373372539;-0.8512228727340698;-0.5246713161468506;-0.007345079910010099;[];
100.0;MPIB4;39.32178066240328;29.49850249158004;-0.8685969114303589;-0.49539870023727417;0.006079224403947592;[];
100.0;MPIB3;59.07131298512252;12.300000011920929;-0.3719199597835541;0.010450053960084915;-0.9282060265541077;[];
100.0;MPIB2;14.505318040742964;21.169319941049736;0.0012339301174506545;-0.513526976108551;0.8580232858657837;[];
100.0;MPIB1;15.321797182617047;2.3012267770036487;-0.8512228727340698;-0.5246713161468506;-0.007345079910010099;[];
100.05;MPIB4;39.32178066240328;29.49850249158004;-0.8685969114303589;-0.49539870023727417;0.006079224403947592;[];
100.05;MPIB3;59.07131298512252;12.300000011920929;-0.3911214768886566;0.03393280878663063;-0.9197133183479309;[];
100.05;MPIB2;14.505449579550145;21.38424788079942;0.0012339301174506545;-0.513526976108551;0.8580232858657837;[];
100.05;MPIB1;15.321797182617047;2.3012267770036487;-0.8512228727340698;-0.5246713161468506;-0.007345079910010099;[];
100.1;MPIB4;39.32178066240328;29.49850249158004;-0.8685969114303589;-0.49539870023727417;0.006079224403947592;[];
100.1;MPIB3;59.07131298512252;12.300000011920929;-0.3911214768886566;0.03393280878663063;-0.9197133183479309;[];
100.1;MPIB2;14.505581118357327;21.59959845011278;0.0012339301174506545;-0.513526976108551;0.8580232858657837;[];
100.1;MPIB1;15.321797182617047;2.3012267770036487;-0.8512228727340698;-0.5246713161468506;-0.007345079910010099;[];
100.15;MPIB4;39.32178066240328;29.49850249158004;-0.8685969114303589;-0.49539870023727417;0.006079224403947592;[];
100.15;MPIB3;59.07131298512252;12.300000011920929;-0.40071114897727966;0.03393280878663063;-0.9155758619308472;[];
100.15;MPIB2;14.505712657164509;21.815179775194736;0.0012339301174506545;-0.513526976108551;0.8580232858657837;[];
100.15;MPIB1;15.321797182617047;2.3012267770036487;-0.8512228727340698;-0.5246713161468506;-0.007345079910010099;[];
100.2;MPIB4;39.32178066240328;29.49850249158004;-0.8685969114303589;-0.49539870023727417;0.006079224403947592;[];
100.2;MPIB3;59.07131298512252;12.300000011920929;-0.41988423466682434;0.023486921563744545;-0.9072737097740173;[];
100.2;MPIB2;14.50584419597169;22.030887092940958;0.0012339301174506545;-0.513526976108551;0.8580232858657837;[];
100.2;MPIB1;15.321797182617047;2.3012267770036487;-0.8512228727340698;-0.5246713161468506;-0.007345079910010099;[];
100.25;MPIB4;39.32178066240328;29.49850249158004;-0.8685969114303589;-0.49539870023727417;0.006079224403947592;[];
100.25;MPIB3;59.07131298512252;12.300000011920929;-0.4435684084892273;-0.01303846761584282;-0.8961442708969116;[];
100.25;MPIB2;14.505975734778872;22.24666320268986;0.0012339301174506545;-0.513526976108551;0.8580232858657837;[];
100.25;MPIB1;15.321797182617047;2.3012267770036487;-0.8512228727340698;-0.5246713161468506;-0.007345079910010099;[];
100.3;MPIB4;39.32178066240328;29.49850249158004;-0.8685969114303589;-0.49539870023727417;0.006079224403947592;[];
100.3;MPIB3;59.07131298512252;12.300000011920929;-0.4548872411251068;-0.04447077214717865;-0.8894331455230713;[];
100.3;MPIB2;14.506107273586053;22.46247687287658;0.0012339301174506545;-0.513526976108551;0.8580232858657837;[];
100.3;MPIB1;15.321797182617047;2.3012267770036487;-0.8512228727340698;-0.5246713161468506;-0.007345079910010099;[];
100.35;MPIB4;39.32178066240328;29.49850249158004;-0.8685969114303589;-0.49539870023727417;0.006079224403947592;[];
100.35;MPIB3;59.07131298512252;12.300000011920929;-0.4547761082649231;-0.04964221641421318;-0.889215886592865;[];
100.35;MPIB2;14.506238812393235;22.678311051064753;0.0012339301174506545;-0.513526976108551;0.8580232858657837;[];
100.35;MPIB1;15.321797182617047;2.3012267770036487;-0.8512228727340698;-0.5246713161468506;-0.007345079910010099;[];
100.4;MPIB4;39.32178066240328;29.49850249158004;-0.8685969114303589;-0.49539870023727417;0.006079224403947592;[];
100.4;MPIB3;59.02668970331581;12.212748877704144;-0.4547761082649231;-0.04964221641421318;-0.889215886592865;[];
100.4;MPIB2;14.506238812393235;22.678311051064753;0.0012339301174506545;-0.513526976108551;0.8580232858657837;[];
100.4;MPIB1;15.321797182617047;2.3012267770036487;-0.8512228727340698;-0.5246713161468506;-0.007345079910010099;[];
100.45;MPIB4;39.32178066240328;29.49850249158004;-0.8685969114303589;-0.49539870023727417;0.006079224403947592;[];
100.45;MPIB3;58.95770210681269;12.07785861867157;-0.4547761082649231;-0.04964221641421318;-0.889215886592865;[];
100.45;MPIB2;14.506238812393235;22.678311051064753;0.0012339301174506545;-0.513526976108551;0.8580232858657837;[];
100.45;MPIB1;15.321797182617047;2.3012267770036487;-0.8512228727340698;-0.5246713161468506;-0.007345079910010099;[];
100.5;MPIB4;39.32178066240328;29.49850249158004;-0.8685969114303589;-0.49539870023727417;0.006079224403947592;[];
100.5;MPIB3;58.87541159294017;11.916957394468369;-0.4547136425971985;-0.05232319235801697;-0.8890937566757202;[];
100.5;MPIB2;14.506238812393235;22.678311051064753;0.0012339301174506545;-0.513526976108551;0.8580232858657837;[];
100.5;MPIB1;15.321797182617047;2.3012267770036487;-0.8512228727340698;-0.5246713161468506;-0.007345079910010099;[];
100.55;MPIB4;39.32178066240328;29.49850249158004;-0.8685969114303589;-0.49539870023727417;0.006079224403947592;[];
100.55;MPIB3;58.78585768534026;11.741854181632391;-0.4544394016265869;-0.06275607645511627;-0.888557493686676;[];
100.55;MPIB2;14.506238812393235;22.678311051064753;0.0012339301174506545;-0.513526976108551;0.8580232858657837;[];
100.55;MPIB1;15.321797182617047;2.3012267770036487;-0.8512228727340698;-0.5246713161468506;-0.007345079910010099;[];
100.6;MPIB4;39.32178066240328;29.49850249158004;-0.8685969114303589;-0.49539870023727417;0.006079224403947592;[];
100.6;MPIB3;58.692337964304556;11.558996682102219;-0.45383918285369873;-0.08102033287286758;-0.8873839378356934;[];
100.6;MPIB2;14.506238812393235;22.678311051064753;0.0012339301174506545;-0.513526976108551;0.8580232858657837;[];
100.6;MPIB1;15.321797182617047;2.3012267770036487;-0.8512228727340698;-0.5246713161468506;-0.007345079910010099;[];
100.65;MPIB4;39.32178066240328;29.49850249158004;-0.8685969114303589;-0.49539870023727417;0.006079224403947592;[];
100.65;MPIB3;58.59619345020246;11.37214185277574;-0.457504540681839;-0.10450303554534912;-0.883033812046051;[];
100.65;MPIB2;14.506238812393235;22.678311051064753;0.0012339301174506545;-0.513526976108551;0.8580232858657837;[];
100.65;MPIB1;15.321797182617047;2.3012267770036487;-0.8512228727340698;-0.5246713161468506;-0.007345079910010099;[];
100.7;MPIB4;39.32178066240328;29.49850249158004;-0.8685969114303589;-0.49539870023727417;0.006079224403947592;[];
100.7;MPIB3;58.497933117120624;11.183461594905538;-0.4626730978488922;-0.13562564551830292;-0.8760784864425659;[];
100.7;MPIB2;14.506238812393235;22.678311051064753;0.0012339301174506545;-0.513526976108551;0.8580232858657837;[];
100.7;MPIB1;15.321797182617047;2.3012267770036487;-0.8428972959518433;-0.5379912257194519;0.0016162373358383775;[];
100.75;MPIB4;39.32178066240328;29.49850249158004;-0.8685969114303589;-0.49539870023727417;0.006079224403947592;[];
100.75;MPIB3;58.497933117120624;11.183461594905538;-0.4626730978488922;-0.13562564551830292;-0.8760784864425659;[];
100.75;MPIB2;14.506238812393235;22.678311051064753;0.0012339301174506545;-0.513526976108551;0.8580232858657837;[];
100.75;MPIB1;15.321797182617047;2.3012267770036487;-0.840028703212738;-0.5424286723136902;0.005959819070994854;[];
100.8;MPIB4;39.32178066240328;29.49850249158004;-0.8685969114303589;-0.49539870023727417;0.006079224403947592;[];
100.8;MPIB3;58.497933117120624;11.183461594905538;-0.4626730978488922;-0.13562564551830292;-0.8760784864425659;[];
100.8;MPIB2;14.506238812393235;22.678311051064753;0.0012339301174506545;-0.513526976108551;0.8580232858657837;[];
100.8;MPIB1;15.321797182617047;2.3012267770036487;-0.838602602481842;-0.5446015000343323;0.008201063610613346;[];
100.85;MPIB4;39.32178066240328;29.49850249158004;-0.8685969114303589;-0.49539870023727417;0.006079224403947592;[];
100.85;MPIB3;58.497933117120624;11.183461594905538;-0.4626730978488922;-0.13562564551830292;-0.8760784864425659;[];
100.85;MPIB2;14.506238812393235;22.678311051064753;0.0012339301174506545;-0.513526976108551;0.8580232858657837;[];
100.85;MPIB1;15.321797182617047;2.3012267770036487;-0.838602602481842;-0.5446015000343323;0.008201063610613346;[];
100.9;MPIB4;39.32178066240328;29.49850249158004;-0.8685969114303589;-0.49539870023727417;0.006079224403947592;[];
100.9;MPIB3;58.497933117120624;11.183461594905538;-0.4626730978488922;-0.13562564551830292;-0.8760784864425659;[];
100.9;MPIB2;14.506238812393235;22.678311051064753;0.0012339301174506545;-0.513526976108551;0.8580232858657837;[];
100.9;MPIB1;15.321797182617047;2.3012267770036487;-0.838602602481842;-0.5446015000343323;0.008201063610613346;[];
100.95;MPIB4;39.32178066240328;29.49850249158004;-0.8685969114303589;-0.49539870023727417;0.006079224403947592;[];
100.95;MPIB3;58.10148566948283;10.458675848053218;-0.48498791456222534;-0.2688373327255249;-0.8321439027786255;[];
100.95;MPIB2;14.506238812393235;22.678311051064753;0.0012339301174506545;-0.513526976108551;0.8580232858657837;[];
100.95;MPIB1;15.321797182617047;2.3012267770036487;-0.838602602481842;-0.5446015000343323;0.008201063610613346;[];
101.0;MPIB4;39.30000001192093;29.512220001153366;-0.8685969114303589;-0.49539870023727417;0.006079224403947592;[];
101.0;MPIB3;58.08446124783666;10.42803822850874;-0.48498791456222534;-0.2688373327255249;-0.8321439027786255;[];
101.0;MPIB2;14.506238812393235;22.678311051064753;0.0012339301174506545;-0.513526976108551;0.8580232858657837;[];
101.0;MPIB1;15.300000011920929;2.2959089032892734;-0.838602602481842;-0.5446015000343323;0.008201063610613346;[];
101.05;MPIB4;39.30000001192093;29.512220001153366;-0.8685969114303589;-0.49539870023727417;0.006079224403947592;[];
101.05;MPIB3;58.08446124783666;10.42803822850874;-0.48498791456222534;-0.2688373327255249;-0.8321439027786255;[];
101.05;MPIB2;14.506238812393235;22.678311051064753;0.0012339301174506545;-0.513526976108551;0.8580232858657837;[];
101.05;MPIB1;15.300000011920929;2.2959089032892734;-0.838602602481842;-0.5446015000343323;0.008201063610613346;[];
101.1;MPIB4;39.30000001192093;29.512220001153366;-0.8685969114303589;-0.49539870023727417;0.006079224403947592;[];
101.1;MPIB3;58.08446124783666;10.42803822850874;-0.48498791456222534;-0.2688373327255249;-0.8321439027786255;[];
101.1;MPIB2;14.506238812393235;22.678311051064753;0.0012339301174506545;-0.513526976108551;0.8580232858657837;[];
101.1;MPIB1;15.300000011920929;2.2959089032892734;-0.838602602481842;-0.5446015000343323;0.008201063610613346;[];
101.15;MPIB4;39.30000001192093;29.512220001153366;-0.8685969114303589;-0.49539870023727417;0.006079224403947592;[];
101.15;MPIB3;58.070090658875756;10.397189591581707;-0.48462265729904175;-0.27142199873924255;-0.831517219543457;[];
101.15;MPIB2;14.506238812393235;22.678311051064753;0.0012339301174506545;-0.513526976108551;0.8580232858657837;[];
101.15;MPIB1;15.300000011920929;2.2959089032892734;-0.838602602481842;-0.5446015000343323;0.008201063610613346;[];
101.2;MPIB4;39.30000001192093;29.512220001153366;-0.8685969114303589;-0.49539870023727417;0.006079224403947592;[];
101.2;MPIB3;58.070090658875756;10.397189591581707;-0.48426711559295654;-0.2739124894142151;-0.8309071660041809;[];
101.2;MPIB2;14.506238812393235;22.678311051064753;0.0012339301174506545;-0.513526976108551;0.8580232858657837;[];
101.2;MPIB1;15.300000011920929;2.2959089032892734;-0.838602602481842;-0.5446015000343323;0.008201063610613346;[];
101.25;MPIB4;39.30000001192093;29.512220001153366;-0.8685969114303589;-0.49539870023727417;0.006079224403947592;[];
101.25;MPIB3;58.070090658875756;10.397189591581707;-0.48426711559295654;-0.2739124894142151;-0.8309071660041809;[];
101.25;MPIB2;14.506238812393235;22.678311051064753;0.0012339301174506545;-0.513526976108551;0.8580232858657837;[];
101.25;MPIB1;15.300000011920929;2.2959089032892734;-0.838602602481842;-0.5446015000343323;0.008201063610613346;[];
101.3;MPIB4;39.30000001192093;29.512220001153366;-0.8685969114303589;-0.49539870023727417;0.006079224403947592;[];
101.3;MPIB3;58.070090658875756;10.397189591581707;-0.48426711559295654;-0.2739124894142151;-0.8309071660041809;[];
101.3;MPIB2;14.506238812393235;22.678311051064753;0.0012339301174506545;-0.513526976108551;0.8580232858657837;[];
101.3;MPIB1;15.300000011920929;2.2959089032892734;-0.838602602481842;-0.5446015000343323;0.008201063610613346;[];
101.35;MPIB4;39.30000001192093;29.512220001153366;-0.8685969114303589;-0.49539870023727417;0.006079224403947592;[];
101.35;MPIB3;58.070090658875756;10.397189591581707;-0.48426711559295654;-0.2739124894142151;-0.8309071660041809;[];
101.35;MPIB2;14.508869588536868;22.69999998807907;0.0012339301174506545;-0.513526976108551;0.8580232858657837;[];
101.35;MPIB1;15.300000011920929;2.2959089032892734;-0.838602602481842;-0.5446015000343323;0.008201063610613346;[];
101.4;MPIB4;39.30000001192093;29.512220001153366;-0.8685969114303589;-0.49539870023727417;0.006079224403947592;[];
101.4;MPIB3;58.070090658875756;10.397189591581707;-0.48426711559295654;-0.2739124894142151;-0.8309071660041809;[];
101.4;MPIB2;14.508869588536868;22.69999998807907;0.0012339301174506545;-0.513526976108551;0.8580232858657837;[];
101.4;MPIB1;15.300000011920929;2.2959089032892734;-0.838602602481842;-0.5446015000343323;0.008201063610613346;[];
101.45;MPIB4;39.30000001192093;29.512220001153366;-0.8685969114303589;-0.49539870023727417;0.006079224403947592;[];
101.45;MPIB3;58.070090658875756;10.397189591581707;-0.48426711559295654;-0.2739124894142151;-0.8309071660041809;[];
101.45;MPIB2;14.508869588536868;22.69999998807907;0.0012339301174506545;-0.513526976108551;0.8580232858657837;[];
101.45;MPIB1;15.300000011920929;2.2959089032892734;-0.838602602481842;-0.5446015000343323;0.008201063610613346;[];
101.5;MPIB4;39.30000001192093;29.512220001153366;-0.8685969114303589;-0.49539870023727417;0.006079224403947592;[];
101.5;MPIB3;58.070090658875756;10.397189591581707;-0.48426711559295654;-0.2739124894142151;-0.8309071660041809;[];
101.5;MPIB2;14.508869588536868;22.69999998807907;0.0012339301174506545;-0.513526976108551;0.8580232858657837;[];
101.5;MPIB1;15.300000011920929;2.2959089032892734;-0.838602602481842;-0.5446015000343323;0.008201063610613346;[];
101.55;MPIB4;39.30000001192093;29.512220001153366;-0.8685969114303589;-0.49539870023727417;0.006079224403947592;[];
101.55;MPIB3;58.070090658875756;10.397189591581707;-0.48426711559295654;-0.2739124894142151;-0.8309071660041809;[];
101.55;MPIB2;14.508869588536868;22.69999998807907;0.0012339301174506545;-0.513526976108551;0.8580232858657837;[];
101.55;MPIB1;15.300000011920929;2.2959089032892734;-0.838602602481842;-0.5446015000343323;0.008201063610613346;[];
101.6;MPIB4;39.30000001192093;29.512220001153366;-0.8685969114303589;-0.49539870023727417;0.006079224403947592;[];
101.6;MPIB3;58.070090658875756;10.397189591581707;-0.48426711559295654;-0.2739124894142151;-0.8309071660041809;[];
101.6;MPIB2;14.508869588536868;22.69999998807907;0.0012339301174506545;-0.513526976108551;0.8580232858657837;[];
101.6;MPIB1;15.300000011920929;2.2959089032892734;-0.838602602481842;-0.5446015000343323;0.008201063610613346;[];
101.65;MPIB4;39.30000001192093;29.512220001153366;-0.8685969114303589;-0.49539870023727417;0.006079224403947592;[];
101.65;MPIB3;58.070090658875756;10.397189591581707;-0.48426711559295654;-0.2739124894142151;-0.8309071660041809;[];
101.65;MPIB2;14.508869588536868;22.69999998807907;0.0012339301174506545;-0.513526976108551;0.8580232858657837;[];
101.65;MPIB1;15.300000011920929;2.2959089032892734;-0.838602602481842;-0.5446015000343323;0.008201063610613346;[];
101.7;MPIB4;39.30000001192093;29.512220001153366;-0.8685969114303589;-0.49539870023727417;0.006079224403947592;[];
101.7;MPIB3;58.070090658875756;10.397189591581707;-0.48426711559295654;-0.2739124894142151;-0.8309071660041809;[];
101.7;MPIB2;14.508869588536868;22.69999998807907;0.0012339301174506545;-0.513526976108551;0.8580232858657837;[];
101.7;MPIB1;15.300000011920929;2.2959089032892734;-0.838602602481842;-0.5446015000343323;0.008201063610613346;[];
101.75;MPIB4;39.30000001192093;29.512220001153366;-0.8685969114303589;-0.49539870023727417;0.006079224403947592;[];
101.75;MPIB3;58.070090658875756;10.397189591581707;-0.48426711559295654;-0.2739124894142151;-0.8309071660041809;[];
101.75;MPIB2;14.508869588536868;22.69999998807907;0.0012339301174506545;-0.513526976108551;0.8580232858657837;[];
101.75;MPIB1;15.300000011920929;2.2959089032892734;-0.838602602481842;-0.5446015000343323;0.008201063610613346;[];
101.8;MPIB4;39.30000001192093;29.512220001153366;-0.8685969114303589;-0.49539870023727417;0.006079224403947592;[];
101.8;MPIB3;58.070090658875756;10.397189591581707;-0.48426711559295654;-0.2739124894142151;-0.8309071660041809;[];
101.8;MPIB2;14.508869588536868;22.69999998807907;0.0012339301174506545;-0.513526976108551;0.8580232858657837;[];
101.8;MPIB1;15.300000011920929;2.2959089032892734;-0.838602602481842;-0.5446015000343323;0.008201063610613346;[];
101.85;MPIB4;39.20200242102146;29.523879884290693;-0.8685969114303589;-0.49539870023727417;0.006079224403947592;[];
101.85;MPIB3;58.070090658875756;10.397189591581707;-0.48426711559295654;-0.2739124894142151;-0.8309071660041809;[];
101.85;MPIB2;14.508869588536868;22.69999998807907;0.0012339301174506545;-0.513526976108551;0.8580232858657837;[];
101.85;MPIB1;15.202004708349705;2.312200668610785;-0.838602602481842;-0.5446015000343323;0.008201063610613346;[];
101.9;MPIB4;39.050498139275945;29.52456575976936;-0.8685969114303589;-0.49539870023727417;0.006079224403947592;[];
101.9;MPIB3;58.070090658875756;10.397189591581707;-0.48426711559295654;-0.2739124894142151;-0.8309071660041809;[];
101.9;MPIB2;14.508869588536868;22.69999998807907;0.0012339301174506545;-0.513526976108551;0.8580232858657837;[];
101.9;MPIB1;15.050503962813764;2.3131590077473447;-0.838602602481842;-0.5446015000343323;0.008201063610613346;[];
101.95;MPIB4;38.86977920093512;29.525251635248026;-0.8685969114303589;-0.49539870023727417;0.006079224403947592;[];
101.95;MPIB3;58.070090658875756;10.397189591581707;-0.48426711559295654;-0.2739124894142151;-0.8309071660041809;[];
101.95;MPIB2;14.508869588536868;22.69999998807907;0.0012339301174506545;-0.513526976108551;0.8580232858657837;[];
101.95;MPIB1;14.86978924257187;2.3141173468839042;-0.838602602481842;-0.5446015000343323;0.008201063610613346;[];
102.0;MPIB4;38.673109058240485;29.525937510726692;-0.8685969114303589;-0.49539870023727417;0.006079224403947592;[];
102.0;MPIB3;58.070090658875756;10.397189591581707;-0.48426711559295654;-0.2739124894142151;-0.8309071660041809;[];
102.0;MPIB2;14.508869588536868;22.69999998807907;0.0012339301174506545;-0.513526976108551;0.8580232858657837;[];
102.0;MPIB1;14.673123690287866;2.3150756860204638;-0.838602602481842;-0.5446015000343323;0.008201063610613346;[];
102.05;MPIB4;38.46772955695705;29.526623386205358;-0.8685969114303589;-0.49539870023727417;0.006079224403947592;[];
102.05;MPIB3;58.070090658875756;10.397189591581707;-0.48426711559295654;-0.2739124894142151;-0.8309071660041809;[];
102.05;MPIB2;14.508869588536868;22.69999998807907;0.0012339301174506545;-0.513526976108551;0.8580232858657837;[];
102.05;MPIB1;14.467748982697003;2.3160340251570233;-0.838602602481842;-0.5446015000343323;0.008201063610613346;[];
102.1;MPIB4;38.2575947453318;29.527309261684024;-0.8685969114303589;-0.49539870023727417;0.006079224403947592;[];
102.1;MPIB3;58.070090658875756;10.397189591581707;-0.48426711559295654;-0.2739124894142151;-0.8309071660041809;[];
102.1;MPIB2;14.508869588536868;22.69999998807907;0.0012339301174506545;-0.513526976108551;0.8580232858657837;[];
102.1;MPIB1;14.257619075756566;2.316992364293583;-0.838602602481842;-0.5446015000343323;0.008201063610613346;[];
102.15;MPIB4;38.044863533958335;29.52799513716269;-0.8685969114303589;-0.49539870023727417;0.006079224403947592;[];
102.15;MPIB3;58.070090658875756;10.397189591581707;-0.48426711559295654;-0.2739124894142151;-0.8309071660041809;[];
102.15;MPIB2;14.508869588536868;22.69999998807907;0.0012339301174506545;-0.513526976108551;0.8580232858657837;[];
102.15;MPIB1;14.044892829669607;2.3179507034301423;-0.838602602481842;-0.5446015000343323;0.008201063610613346;[];
102.2;MPIB4;37.830714688157684;29.528681012641357;-0.8685969114303589;-0.49539870023727417;0.006079224403947592;[];
102.2;MPIB3;58.070090658875756;10.397189591581707;-0.48426711559295654;-0.2739124894142151;-0.8309071660041809;[];
102.2;MPIB2;14.511105748258956;22.797999888658524;0.0012339301174506545;-0.513526976108551;0.8580232858657837;[];
102.2;MPIB1;13.830748982243904;2.318909042566702;-0.838602602481842;-0.5446015000343323;0.008201063610613346;[];
102.25;MPIB4;37.61579181386988;29.529366888120023;-0.8685969114303589;-0.49539870023727417;0.006079224403947592;[];
102.25;MPIB3;58.070090658875756;10.397189591581707;-0.48426711559295654;-0.2739124894142151;-0.8309071660041809;[];
102.25;MPIB2;14.511237287066137;22.94950774116944;0.0012339301174506545;-0.513526976108551;0.8580232858657837;[];
102.25;MPIB1;13.615831124397346;2.3198673817032613;-0.838602602481842;-0.5446015000343323;0.008201063610613346;[];
102.3;MPIB4;37.40044631997901;29.53005276359869;-0.8685969114303589;-0.49539870023727417;0.006079224403947592;[];
102.3;MPIB3;58.070090658875756;10.397189591581707;-0.48426711559295654;-0.2739124894142151;-0.8309071660041809;[];
102.3;MPIB2;14.511368825873319;23.13023093882839;0.0012339301174506545;-0.513526976108551;0.8580232858657837;[];
102.3;MPIB1;13.400490656812053;2.320825720839821;-0.838602602481842;-0.5446015000343323;0.008201063610613346;[];
102.35;MPIB4;37.184870075758056;29.530738639077356;-0.8685969114303589;-0.49539870023727417;0.006079224403947592;[];
102.35;MPIB3;58.070090658875756;10.397189591581707;-0.48426711559295654;-0.2739124894142151;-0.8309071660041809;[];
102.35;MPIB2;14.5115003646805;23.326905716790975;0.0012339301174506545;-0.513526976108551;0.8580232858657837;[];
102.35;MPIB1;13.184919444282514;2.3217840599763804;-0.838602602481842;-0.5446015000343323;0.008201063610613346;[];
102.4;MPIB4;36.96916784184224;29.531424514556022;-0.8685969114303589;-0.49539870023727417;0.006079224403947592;[];
102.4;MPIB3;58.070090658875756;10.397189591581707;-0.48426711559295654;-0.2739124894142151;-0.8309071660041809;[];
102.4;MPIB2;14.511631903487682;23.532290058610982;0.0012339301174506545;-0.513526976108551;0.8580232858657837;[];
102.4;MPIB1;12.969222244998718;2.32274239911294;-0.838602602481842;-0.5446015000343323;0.008201063610613346;[];
102.45;MPIB4;36.96916784184224;29.531424514556022;-0.8685969114303589;-0.49539870023727417;0.006079224403947592;[];
102.45;MPIB3;58.070090658875756;10.397189591581707;-0.48426711559295654;-0.2739124894142151;-0.8309071660041809;[];
102.45;MPIB2;14.511763442294864;23.742429822849488;0.0012339301174506545;-0.513526976108551;0.8580232858657837;[];
102.45;MPIB1;12.753456256939216;2.3237007382494994;-0.838602602481842;-0.5446015000343323;0.008201063610613346;[];
102.5;MPIB4;36.53758823369525;29.532796265513355;-0.8685969114303589;-0.49539870023727417;0.006079224403947592;[];
102.5;MPIB3;58.070090658875756;10.397189591581707;-0.48426711559295654;-0.2739124894142151;-0.8309071660041809;[];
102.5;MPIB2;14.511894981102046;23.955166048030094;0.0012339301174506545;-0.513526976108551;0.8580232858657837;[];
102.5;MPIB1;12.537652710203702;2.324659077386059;-0.838602602481842;-0.5446015000343323;0.008201063610613346;[];
102.55;MPIB4;36.32175914232736;29.53348214099202;-0.8685969114303589;-0.49539870023727417;0.006079224403947592;[];
102.55;MPIB3;58.070090658875756;10.397189591581707;-0.48426711559295654;-0.2739124894142151;-0.8309071660041809;[];
102.55;MPIB2;14.512026519909227;24.169319941049736;0.0012339301174506545;-0.513526976108551;0.8580232858657837;[];
102.55;MPIB1;12.321828656428806;2.3256174165226184;-0.838602602481842;-0.5446015000343323;0.008201063610613346;[];
102.6;MPIB4;36.32175914232736;29.53348214099202;-0.8685969114303589;-0.49539870023727417;0.006079224403947592;[];
102.6;MPIB3;58.070090658875756;10.397189591581707;-0.48426711559295654;-0.2739124894142151;-0.8309071660041809;[];
102.6;MPIB2;14.512158058716409;24.38424788079942;0.0012339301174506545;-0.513526976108551;0.8580232858657837;[];
102.6;MPIB1;12.321828656428806;2.3256174165226184;-0.838602602481842;-0.5446015000343323;0.008201063610613346;[];
102.65;MPIB4;36.32175914232736;29.53348214099202;-0.8685969114303589;-0.49539870023727417;0.006079224403947592;[];
102.65;MPIB3;58.070090658875756;10.397189591581707;-0.48426711559295654;-0.2739124894142151;-0.8309071660041809;[];
102.65;MPIB2;14.51228959752359;24.59959845011278;0.0012339301174506545;-0.513526976108551;0.8580232858657837;[];
102.65;MPIB1;12.321828656428806;2.3256174165226184;-0.838602602481842;-0.5446015000343323;0.008201063610613346;[];
102.7;MPIB4;36.32175914232736;29.53348214099202;-0.8685969114303589;-0.49539870023727417;0.006079224403947592;[];
102.7;MPIB3;58.070090658875756;10.397189591581707;-0.48426711559295654;-0.2739124894142151;-0.8309071660041809;[];
102.7;MPIB2;14.512421136330772;24.815179775194736;0.0012339301174506545;-0.513526976108551;0.8580232858657837;[];
102.7;MPIB1;12.321828656428806;2.3256174165226184;-0.838602602481842;-0.5446015000343323;0.008201063610613346;[];
102.75;MPIB4;36.32175914232736;29.53348214099202;-0.8685969114303589;-0.49539870023727417;0.006079224403947592;[];
102.75;MPIB3;58.070090658875756;10.397189591581707;-0.48426711559295654;-0.2739124894142151;-0.8309071660041809;[];
102.75;MPIB2;14.512552675137954;25.030887092940958;0.0012339301174506545;-0.513526976108551;0.8580232858657837;[];
102.75;MPIB1;12.321828656428806;2.3256174165226184;-0.838602602481842;-0.5446015000343323;0.008201063610613346;[];
102.8;MPIB4;36.32175914232736;29.53348214099202;-0.8685969114303589;-0.49539870023727417;0.006079224403947592;[];
102.8;MPIB3;58.070090658875756;10.397189591581707;-0.4839083254337311;-0.276401162147522;-0.8302915692329407;[];
102.8;MPIB2;14.512684213945136;25.24666320268986;0.0012339301174506545;-0.513526976108551;0.8580232858657837;[];
102.8;MPIB1;12.321828656428806;2.3256174165226184;-0.838602602481842;-0.5446015000343323;0.008201063610613346;[];
102.85;MPIB4;36.32175914232736;29.53348214099202;-0.8685969114303589;-0.49539870023727417;0.006079224403947592;[];
102.85;MPIB3;58.070090658875756;10.397189591581707;-0.4839083254337311;-0.276401162147522;-0.8302915692329407;[];
102.85;MPIB2;14.512815752752317;25.46247687287658;0.0012339301174506545;-0.513526976108551;0.8580232858657837;[];
102.85;MPIB1;12.321828656428806;2.3256174165226184;-0.838602602481842;-0.5446015000343323;0.008201063610613346;[];
102.9;MPIB4;36.32175914232736;29.53348214099202;-0.8685969114303589;-0.49539870023727417;0.006079224403947592;[];
102.9;MPIB3;58.070090658875756;10.397189591581707;-0.4839083254337311;-0.276401162147522;-0.8302915692329407;[];
102.9;MPIB2;14.512947291559499;25.678311051064753;0.0012339301174506545;-0.513526976108551;0.8580232858657837;[];
102.9;MPIB1;12.321828656428806;2.3256174165226184;-0.838602602481842;-0.5446015000343323;0.008201063610613346;[];
102.95;MPIB4;36.32175914232736;29.53348214099202;-0.8685969114303589;-0.49539870023727417;0.006079224403947592;[];
102.95;MPIB3;58.070090658875756;10.397189591581707;-0.4839083254337311;-0.276401162147522;-0.8302915692329407;[];
102.95;MPIB2;14.512947291559499;25.678311051064753;0.0012339301174506545;-0.513526976108551;0.8580232858657837;[];
102.95;MPIB1;12.321828656428806;2.3256174165226184;-0.838602602481842;-0.5446015000343323;0.008201063610613346;[];
103.0;MPIB4;36.32175914232736;29.53348214099202;-0.8685969114303589;-0.49539870023727417;0.006079224403947592;[];
103.0;MPIB3;58.070090658875756;10.397189591581707;-0.4839083254337311;-0.276401162147522;-0.8302915692329407;[];
103.0;MPIB2;14.512947291559499;25.678311051064753;0.0012339301174506545;-0.513526976108551;0.8580232858657837;[];
103.0;MPIB1;12.321828656428806;2.3256174165226184;-0.838602602481842;-0.5446015000343323;0.008201063610613346;[];
103.05;MPIB4;36.32175914232736;29.53348214099202;-0.8685969114303589;-0.49539870023727417;0.006079224403947592;[];
103.05;MPIB3;58.070090658875756;10.397189591581707;-0.4839083254337311;-0.276401162147522;-0.8302915692329407;[];
103.05;MPIB2;14.512947291559499;25.678311051064753;0.0012339301174506545;-0.513526976108551;0.8580232858657837;[];
103.05;MPIB1;12.321828656428806;2.3256174165226184;-0.838602602481842;-0.5446015000343323;0.008201063610613346;[];
103.1;MPIB4;36.32175914232736;29.53348214099202;-0.8685969114303589;-0.49539870023727417;0.006079224403947592;[];
103.1;MPIB3;58.070090658875756;10.397189591581707;-0.4839083254337311;-0.276401162147522;-0.8302915692329407;[];
103.1;MPIB2;14.512947291559499;25.678311051064753;0.0012339301174506545;-0.513526976108551;0.8580232858657837;[];
103.1;MPIB1;12.321828656428806;2.3256174165226184;-0.838602602481842;-0.5446015000343323;0.008201063610613346;[];
103.15;MPIB4;36.32175914232736;29.53348214099202;-0.8685969114303589;-0.49539870023727417;0.006079224403947592;[];
103.15;MPIB3;58.070090658875756;10.397189591581707;-0.4839083254337311;-0.276401162147522;-0.8302915692329407;[];
103.15;MPIB2;14.512947291559499;25.678311051064753;0.0012339301174506545;-0.513526976108551;0.8580232858657837;[];
103.15;MPIB1;12.321828656428806;2.3256174165226184;-0.838602602481842;-0.5446015000343323;0.008201063610613346;[];
103.2;MPIB4;36.32175914232736;29.53348214099202;-0.8685969114303589;-0.49539870023727417;0.006079224403947592;[];
103.2;MPIB3;58.070090658875756;10.397189591581707;-0.4839083254337311;-0.276401162147522;-0.8302915692329407;[];
103.2;MPIB2;14.512947291559499;25.678311051064753;0.0012339301174506545;-0.513526976108551;0.8580232858657837;[];
103.2;MPIB1;12.321828656428806;2.3256174165226184;-0.838602602481842;-0.5446015000343323;0.008201063610613346;[];
103.25;MPIB4;36.32175914232736;29.53348214099202;-0.8685969114303589;-0.49539870023727417;0.006079224403947592;[];
103.25;MPIB3;58.070090658875756;10.397189591581707;-0.4839083254337311;-0.276401162147522;-0.8302915692329407;[];
103.25;MPIB2;14.512947291559499;25.678311051064753;0.0012339301174506545;-0.513526976108551;0.8580232858657837;[];
103.25;MPIB1;12.321828656428806;2.3256174165226184;-0.838602602481842;-0.5446015000343323;0.008201063610613346;[];
103.3;MPIB4;36.32175914232736;29.53348214099202;-0.8685969114303589;-0.49539870023727417;0.006079224403947592;[];
103.3;MPIB3;58.070090658875756;10.397189591581707;-0.4839083254337311;-0.276401162147522;-0.8302915692329407;[];
103.3;MPIB2;14.512947291559499;25.678311051064753;0.0012339301174506545;-0.513526976108551;0.8580232858657837;[];
103.3;MPIB1;12.321828656428806;2.3256174165226184;-0.838602602481842;-0.5446015000343323;0.008201063610613346;[];
103.35;MPIB4;36.32175914232736;29.53348214099202;-0.8685969114303589;-0.49539870023727417;0.006079224403947592;[];
103.35;MPIB3;58.070090658875756;10.397189591581707;-0.4839083254337311;-0.276401162147522;-0.8302915692329407;[];
103.35;MPIB2;14.512947291559499;25.678311051064753;0.0012339301174506545;-0.513526976108551;0.8580232858657837;[];
103.35;MPIB1;12.321828656428806;2.3256174165226184;-0.838602602481842;-0.5446015000343323;0.008201063610613346;[];
103.4;MPIB4;36.32175914232736;29.53348214099202;-0.8685969114303589;-0.49539870023727417;0.006079224403947592;[];
103.4;MPIB3;58.070090658875756;10.397189591581707;-0.4839083254337311;-0.276401162147522;-0.8302915692329407;[];
103.4;MPIB2;14.512947291559499;25.678311051064753;0.0012339301174506545;-0.513526976108551;0.8580232858657837;[];
103.4;MPIB1;12.321828656428806;2.3256174165226184;-0.838602602481842;-0.5446015000343323;0.008201063610613346;[];
103.45;MPIB4;36.32175914232736;29.53348214099202;-0.8685969114303589;-0.49539870023727417;0.006079224403947592;[];
103.45;MPIB3;58.070090658875756;10.397189591581707;-0.4839083254337311;-0.276401162147522;-0.8302915692329407;[];
103.45;MPIB2;14.512947291559499;25.678311051064753;0.0012339301174506545;-0.513526976108551;0.8580232858657837;[];
103.45;MPIB1;12.321828656428806;2.3256174165226184;-0.838602602481842;-0.5446015000343323;0.008201063610613346;[];
103.5;MPIB4;36.32175914232736;29.53348214099202;-0.8685969114303589;-0.49539870023727417;0.006079224403947592;[];
103.5;MPIB3;58.070090658875756;10.397189591581707;-0.48175743222236633;-0.276401162147522;-0.8315414190292358;[];
103.5;MPIB2;14.512947291559499;25.678311051064753;0.0012339301174506545;-0.513526976108551;0.8580232858657837;[];
103.5;MPIB1;12.321828656428806;2.3256174165226184;-0.838602602481842;-0.5446015000343323;0.008201063610613346;[];
103.55;MPIB4;36.30000001192093;29.547199650565346;-0.8685969114303589;-0.49539870023727417;0.006079224403947592;[];
103.55;MPIB3;58.070090658875756;10.397189591581707;-0.47736600041389465;-0.276401162147522;-0.8340702056884766;[];
103.55;MPIB2;14.512947291559499;25.678311051064753;0.0012339301174506545;-0.513526976108551;0.8580232858657837;[];
103.55;MPIB1;12.300000011920929;2.3447841992538088;-0.838602602481842;-0.5446015000343323;0.008201063610613346;[];
103.6;MPIB4;36.30000001192093;29.547199650565346;-0.8685969114303589;-0.49539870023727417;0.006079224403947592;[];
103.6;MPIB3;58.070090658875756;10.397189591581707;-0.47520536184310913;-0.276401162147522;-0.8353031277656555;[];
103.6;MPIB2;14.512947291559499;25.678311051064753;0.0012339301174506545;-0.513526976108551;0.8580232858657837;[];
103.6;MPIB1;12.300000011920929;2.3447841992538088;-0.838602602481842;-0.5446015000343323;0.008201063610613346;[];
103.65;MPIB4;36.30000001192093;29.547199650565346;-0.8685969114303589;-0.49539870023727417;0.006079224403947592;[];
103.65;MPIB3;58.070090658875756;10.397189591581707;-0.47520536184310913;-0.276401162147522;-0.8353031277656555;[];
103.65;MPIB2;14.512947291559499;25.678311051064753;0.0012339301174506545;-0.513526976108551;0.8580232858657837;[];
103.65;MPIB1;12.300000011920929;2.3447841992538088;-0.838602602481842;-0.5446015000343323;0.008201063610613346;[];
103.7;MPIB4;36.30000001192093;29.547199650565346;-0.8685969114303589;-0.49539870023727417;0.006079224403947592;[];
103.7;MPIB3;58.070090658875756;10.397189591581707;-0.47520536184310913;-0.276401162147522;-0.8353031277656555;[];
103.7;MPIB2;14.512947291559499;25.678311051064753;0.0012339301174506545;-0.513526976108551;0.8580232858657837;[];
103.7;MPIB1;12.300000011920929;2.3447841992538088;-0.838602602481842;-0.5446015000343323;0.008201063610613346;[];
103.75;MPIB4;36.30000001192093;29.547199650565346;-0.8685969114303589;-0.49539870023727417;0.006079224403947592;[];
103.75;MPIB3;58.070090658875756;10.397189591581707;-0.47520536184310913;-0.276401162147522;-0.8353031277656555;[];
103.75;MPIB2;14.512947291559499;25.678311051064753;0.0012339301174506545;-0.513526976108551;0.8580232858657837;[];
103.75;MPIB1;12.300000011920929;2.3447841992538088;-0.838602602481842;-0.5446015000343323;0.008201063610613346;[];
103.8;MPIB4;36.30000001192093;29.547199650565346;-0.8685969114303589;-0.49539870023727417;0.006079224403947592;[];
103.8;MPIB3;58.070090658875756;10.397189591581707;-0.47339221835136414;-0.2739124894142151;-0.8371506929397583;[];
103.8;MPIB2;14.512947291559499;25.678311051064753;0.0012339301174506545;-0.513526976108551;0.8580232858657837;[];
103.8;MPIB1;12.300000011920929;2.3447841992538088;-0.838602602481842;-0.5446015000343323;0.008201063610613346;[];
103.85;MPIB4;36.30000001192093;29.547199650565346;-0.8685969114303589;-0.49539870023727417;0.006079224403947592;[];
103.85;MPIB3;58.070090658875756;10.397189591581707;-0.47226449847221375;-0.2663431465625763;-0.8402252197265625;[];
103.85;MPIB2;14.512947291559499;25.678311051064753;0.0012339301174506545;-0.513526976108551;0.8580232858657837;[];
103.85;MPIB1;12.300000011920929;2.3447841992538088;-0.838602602481842;-0.5446015000343323;0.008201063610613346;[];
103.9;MPIB4;36.30000001192093;29.547199650565346;-0.8685969114303589;-0.49539870023727417;0.006079224403947592;[];
103.9;MPIB3;58.070090658875756;10.397189591581707;-0.4745757579803467;-0.24864903092384338;-0.8443372249603271;[];
103.9;MPIB2;14.515578067703132;25.69999998807907;0.0012339301174506545;-0.513526976108551;0.8580232858657837;[];
103.9;MPIB1;12.300000011920929;2.3447841992538088;-0.838602602481842;-0.5446015000343323;0.008201063610613346;[];
103.95;MPIB4;36.30000001192093;29.547199650565346;-0.8685969114303589;-0.49539870023727417;0.006079224403947592;[];
103.95;MPIB3;58.070090658875756;10.397189591581707;-0.4776028096675873;-0.2232152223587036;-0.8497228026390076;[];
103.95;MPIB2;14.515578067703132;25.69999998807907;0.0012339301174506545;-0.513526976108551;0.8580232858657837;[];
103.95;MPIB1;12.300000011920929;2.3447841992538088;-0.838602602481842;-0.5446015000343323;0.008201063610613346;[];
104.0;MPIB4;36.30000001192093;29.547199650565346;-0.8685969114303589;-0.49539870023727417;0.006079224403947592;[];
104.0;MPIB3;58.070090658875756;10.397189591581707;-0.5299920439720154;-0.1847361922264099;-0.8276147246360779;[];
104.0;MPIB2;14.515578067703132;25.69999998807907;0.0012339301174506545;-0.513526976108551;0.8580232858657837;[];
104.0;MPIB1;12.300000011920929;2.3447841992538088;-0.838602602481842;-0.5446015000343323;0.008201063610613346;[];
104.05;MPIB4;36.30000001192093;29.547199650565346;-0.8685969114303589;-0.49539870023727417;0.006079224403947592;[];
104.05;MPIB3;58.070090658875756;10.397189591581707;-0.8605422377586365;-0.0470566526055336;-0.5071920156478882;[];
104.05;MPIB2;14.515578067703132;25.69999998807907;0.0012339301174506545;-0.513526976108551;0.8580232858657837;[];
104.05;MPIB1;12.300000011920929;2.3447841992538088;-0.838602602481842;-0.5446015000343323;0.008201063610613346;[];
104.1;MPIB4;36.30000001192093;29.547199650565346;-0.8685969114303589;-0.49539870023727417;0.006079224403947592;[];
104.1;MPIB3;58.070090658875756;10.397189591581707;-0.9701178073883057;0.039202336221933365;-0.2394465059041977;[];
104.1;MPIB2;14.515578067703132;25.69999998807907;0.0012339301174506545;-0.513526976108551;0.8580232858657837;[];
104.1;MPIB1;12.300000011920929;2.3447841992538088;-0.838602602481842;-0.5446015000343323;0.008201063610613346;[];
104.15;MPIB4;36.30000001192093;29.547199650565346;-0.8685969114303589;-0.49539870023727417;0.006079224403947592;[];
104.15;MPIB3;58.070090658875756;10.397189591581707;-0.9738869667053223;0.04964221641421318;-0.2215396910905838;[];
104.15;MPIB2;14.515578067703132;25.69999998807907;0.0012339301174506545;-0.513526976108551;0.8580232858657837;[];
104.15;MPIB1;12.300000011920929;2.3447841992538088;-0.838602602481842;-0.5446015000343323;0.008201063610613346;[];
104.2;MPIB4;36.30000001192093;29.547199650565346;-0.8685969114303589;-0.49539870023727417;0.006079224403947592;[];
104.2;MPIB3;58.070090658875756;10.397189591581707;-0.9749080538749695;0.05232319235801697;-0.21637162566184998;[];
104.2;MPIB2;14.515578067703132;25.69999998807907;0.0012339301174506545;-0.513526976108551;0.8580232858657837;[];
104.2;MPIB1;12.300000011920929;2.3447841992538088;-0.838602602481842;-0.5446015000343323;0.008201063610613346;[];
104.25;MPIB4;36.30000001192093;29.547199650565346;-0.8685969114303589;-0.49539870023727417;0.006079224403947592;[];
104.25;MPIB3;58.070090658875756;10.397189591581707;-0.9838966727256775;0.03393280878663063;-0.17548751831054688;[];
104.25;MPIB2;14.515578067703132;25.69999998807907;0.0012339301174506545;-0.513526976108551;0.8580232858657837;[];
104.25;MPIB1;12.300000011920929;2.3447841992538088;-0.838602602481842;-0.5446015000343323;0.008201063610613346;[];
104.3;MPIB4;36.30000001192093;29.547199650565346;-0.8685969114303589;-0.49539870023727417;0.006079224403947592;[];
104.3;MPIB3;58.070090658875756;10.397189591581707;-0.9887216687202454;0.0;-0.1497645378112793;[];
104.3;MPIB2;14.515578067703132;25.69999998807907;0.0012339301174506545;-0.513526976108551;0.8580232858657837;[];
104.3;MPIB1;12.300000011920929;2.3447841992538088;-0.838602602481842;-0.5446015000343323;0.008201063610613346;[];
104.35;MPIB4;36.30000001192093;29.547199650565346;-0.8685969114303589;-0.49539870023727417;0.006079224403947592;[];
104.35;MPIB3;58.070090658875756;10.397189591581707;-0.9868481159210205;-0.036615606397390366;-0.1574266254901886;[];
104.35;MPIB2;14.515578067703132;25.69999998807907;0.0012339301174506545;-0.513526976108551;0.8580232858657837;[];
104.35;MPIB1;12.300000011920929;2.3447841992538088;-0.838602602481842;-0.5446015000343323;0.008201063610613346;[];
104.4;MPIB4;36.20200242102146;29.558859533702673;-0.8685969114303589;-0.49539870023727417;0.006079224403947592;[];
104.4;MPIB3;58.070090658875756;10.397189591581707;-0.9738026261329651;-0.07060021162033081;-0.21612629294395447;[];
104.4;MPIB2;14.515578067703132;25.69999998807907;0.0012339301174506545;-0.513526976108551;0.8580232858657837;[];
104.4;MPIB1;12.202004708349705;2.3610759645753205;-0.838602602481842;-0.5446015000343323;0.008201063610613346;[];
104.45;MPIB4;36.050498139275945;29.55954540918134;-0.8685969114303589;-0.49539870023727417;0.006079224403947592;[];
104.45;MPIB3;58.070090658875756;10.397189591581707;-0.9457461833953857;-0.08360014110803604;-0.3139415681362152;[];
104.45;MPIB2;14.515578067703132;25.69999998807907;0.0012339301174506545;-0.513526976108551;0.8580232858657837;[];
104.45;MPIB1;12.050503962813764;2.36203430371188;-0.838602602481842;-0.5446015000343323;0.008201063610613346;[];
104.5;MPIB4;35.86977920093512;29.560231284660006;-0.8685969114303589;-0.49539870023727417;0.006079224403947592;[];
104.5;MPIB3;58.070090658875756;10.397189591581707;-0.9432488083839417;-0.08360014110803604;-0.32136690616607666;[];
104.5;MPIB2;14.515578067703132;25.69999998807907;0.0012339301174506545;-0.513526976108551;0.8580232858657837;[];
104.5;MPIB1;11.86978924257187;2.3629926428484396;-0.838602602481842;-0.5446015000343323;0.008201063610613346;[];
104.55;MPIB4;35.86977920093512;29.560231284660006;-0.8685969114303589;-0.49539870023727417;0.006079224403947592;[];
104.55;MPIB3;58.070090658875756;10.397189591581707;-0.9432488083839417;-0.08360014110803604;-0.32136690616607666;[];
104.55;MPIB2;14.515578067703132;25.69999998807907;0.0012339301174506545;-0.513526976108551;0.8580232858657837;[];
104.55;MPIB1;11.673123690287866;2.363950981984999;-0.838602602481842;-0.5446015000343323;0.008201063610613346;[];
104.6;MPIB4;35.46772955695705;29.56160303561734;-0.8685969114303589;-0.49539870023727417;0.006079224403947592;[];
104.6;MPIB3;58.070090658875756;10.397189591581707;-0.9432488083839417;-0.08360014110803604;-0.32136690616607666;[];
104.6;MPIB2;14.515578067703132;25.69999998807907;0.0012339301174506545;-0.513526976108551;0.8580232858657837;[];
104.6;MPIB1;11.467748982697003;2.3649093211215586;-0.838602602481842;-0.5446015000343323;0.008201063610613346;[];
104.65;MPIB4;35.2575947453318;29.562288911096005;-0.8685969114303589;-0.49539870023727417;0.006079224403947592;[];
104.65;MPIB3;58.070090658875756;10.397189591581707;-0.9432488083839417;-0.08360014110803604;-0.32136690616607666;[];
104.65;MPIB2;14.515578067703132;25.69999998807907;0.0012339301174506545;-0.513526976108551;0.8580232858657837;[];
104.65;MPIB1;11.257619075756566;2.365867660258118;-0.838602602481842;-0.5446015000343323;0.008201063610613346;[];
104.7;MPIB4;35.2575947453318;29.562288911096005;-0.8685969114303589;-0.49539870023727417;0.006079224403947592;[];
104.7;MPIB3;58.070090658875756;10.397189591581707;-0.9432488083839417;-0.08360014110803604;-0.32136690616607666;[];
104.7;MPIB2;14.515578067703132;25.69999998807907;0.0012339301174506545;-0.513526976108551;0.8580232858657837;[];
104.7;MPIB1;11.044892829669607;2.3668259993946776;-0.838602602481842;-0.5446015000343323;0.008201063610613346;[];
104.75;MPIB4;34.830714688157684;29.563660662053337;-0.8685969114303589;-0.49539870023727417;0.006079224403947592;[];
104.75;MPIB3;58.070090658875756;10.397189591581707;-0.9432488083839417;-0.08360014110803604;-0.32136690616607666;[];
104.75;MPIB2;14.51781422742522;25.797999888658524;0.0012339301174506545;-0.513526976108551;0.8580232858657837;[];
104.75;MPIB1;10.830748982243904;2.367784338531237;-0.838602602481842;-0.5446015000343323;0.008201063610613346;[];
104.8;MPIB4;34.61579181386988;29.564346537532003;-0.8685969114303589;-0.49539870023727417;0.006079224403947592;[];
104.8;MPIB3;58.070090658875756;10.397189591581707;-0.9432488083839417;-0.08360014110803604;-0.32136690616607666;[];
104.8;MPIB2;14.517945766232401;25.94950774116944;0.0012339301174506545;-0.513526976108551;0.8580232858657837;[];
104.8;MPIB1;10.615831124397346;2.3687426776677967;-0.838602602481842;-0.5446015000343323;0.008201063610613346;[];
104.85;MPIB4;34.40044631997901;29.56503241301067;-0.8685969114303589;-0.49539870023727417;0.006079224403947592;[];
104.85;MPIB3;58.070090658875756;10.397189591581707;-0.9432488083839417;-0.08360014110803604;-0.32136690616607666;[];
104.85;MPIB2;14.518077305039583;26.13023093882839;0.0012339301174506545;-0.513526976108551;0.8580232858657837;[];
104.85;MPIB1;10.400490656812053;2.369701016804356;-0.838602602481842;-0.5446015000343323;0.008201063610613346;[];
104.9;MPIB4;34.184870075758056;29.565718288489336;-0.8685969114303589;-0.49539870023727417;0.006079224403947592;[];
104.9;MPIB3;58.070090658875756;10.397189591581707;-0.9432488083839417;-0.08360014110803604;-0.32136690616607666;[];
104.9;MPIB2;14.518208843846764;26.326905716790975;0.0012339301174506545;-0.513526976108551;0.8580232858657837;[];
104.9;MPIB1;10.184919444282514;2.3706593559409157;-0.838602602481842;-0.5446015000343323;0.008201063610613346;[];
104.95;MPIB4;34.184870075758056;29.565718288489336;-0.8685969114303589;-0.49539870023727417;0.006079224403947592;[];
104.95;MPIB3;58.070090658875756;10.397189591581707;-0.9432488083839417;-0.08360014110803604;-0.32136690616607666;[];
104.95;MPIB2;14.518340382653946;26.532290058610982;0.0012339301174506545;-0.513526976108551;0.8580232858657837;[];
104.95;MPIB1;9.969222244998718;2.371617695077475;-0.838602602481842;-0.5446015000343323;0.008201063610613346;[];
105.0;MPIB4;33.753396817545045;29.56709003944667;-0.8685969114303589;-0.49539870023727417;0.006079224403947592;[];
105.0;MPIB3;58.070090658875756;10.397189591581707;-0.9388270974159241;-0.10450303554534912;-0.3281201422214508;[];
105.0;MPIB2;14.518471921461128;26.742429822849488;0.0012339301174506545;-0.513526976108551;0.8580232858657837;[];
105.0;MPIB1;9.753456256939216;2.3725760342140347;-0.838602602481842;-0.5446015000343323;0.008201063610613346;[];
105.05;MPIB4;33.53758823369525;29.567775914925335;-0.8685969114303589;-0.49539870023727417;0.006079224403947592;[];
105.05;MPIB3;58.070090658875756;10.397189591581707;-0.936608612537384;-0.11746122688055038;-0.330067902803421;[];
105.05;MPIB2;14.51860346026831;26.955166048030094;0.0012339301174506545;-0.513526976108551;0.8580232858657837;[];
105.05;MPIB1;9.537652710203702;2.3735343733505943;-0.838602602481842;-0.5446015000343323;0.008201063610613346;[];
105.1;MPIB4;33.32175914232736;29.568461790404;-0.8685969114303589;-0.49539870023727417;0.006079224403947592;[];
105.1;MPIB3;58.070090658875756;10.397189591581707;-0.9353872537612915;-0.12792761623859406;-0.3296374976634979;[];
105.1;MPIB2;14.518734999075491;27.169319941049736;0.0012339301174506545;-0.513526976108551;0.8580232858657837;[];
105.1;MPIB1;9.321828656428806;2.3744927124871538;-0.838602602481842;-0.5446015000343323;0.008201063610613346;[];
105.15;MPIB4;33.32175914232736;29.568461790404;-0.8685969114303589;-0.49539870023727417;0.006079224403947592;[];
105.15;MPIB3;58.070090658875756;10.397189591581707;-0.9323256015777588;-0.1382848173379898;-0.33409568667411804;[];
105.15;MPIB2;14.518866537882673;27.38424788079942;0.0012339301174506545;-0.513526976108551;0.8580232858657837;[];
105.15;MPIB1;9.321828656428806;2.3744927124871538;-0.838602602481842;-0.5446015000343323;0.008201063610613346;[];
105.2;MPIB4;33.32175914232736;29.568461790404;-0.8685969114303589;-0.49539870023727417;0.006079224403947592;[];
105.2;MPIB3;58.070090658875756;10.397189591581707;-0.9292962551116943;-0.1538393348455429;-0.33572709560394287;[];
105.2;MPIB2;14.518998076689854;27.59959845011278;0.0012339301174506545;-0.513526976108551;0.8580232858657837;[];
105.2;MPIB1;9.321828656428806;2.3744927124871538;-0.838602602481842;-0.5446015000343323;0.008201063610613346;[];
105.25;MPIB4;33.32175914232736;29.568461790404;-0.8685969114303589;-0.49539870023727417;0.006079224403947592;[];
105.25;MPIB3;58.070090658875756;10.397189591581707;-0.9276628494262695;-0.15895280241966248;-0.3378542959690094;[];
105.25;MPIB2;14.519129615497036;27.815179775194736;0.0012339301174506545;-0.513526976108551;0.8580232858657837;[];
105.25;MPIB1;9.321828656428806;2.3744927124871538;-0.838602602481842;-0.5446015000343323;0.008201063610613346;[];
105.3;MPIB4;33.32175914232736;29.568461790404;-0.8685969114303589;-0.49539870023727417;0.006079224403947592;[];
105.3;MPIB3;58.070090658875756;10.397189591581707;-0.9276628494262695;-0.15895280241966248;-0.3378542959690094;[];
105.3;MPIB2;14.519261154304218;28.030887092940958;0.0012339301174506545;-0.513526976108551;0.8580232858657837;[];
105.3;MPIB1;9.321828656428806;2.3744927124871538;-0.838602602481842;-0.5446015000343323;0.008201063610613346;[];
105.35;MPIB4;33.32175914232736;29.568461790404;-0.8685969114303589;-0.49539870023727417;0.006079224403947592;[];
105.35;MPIB3;58.070090658875756;10.397189591581707;-0.9276628494262695;-0.15895280241966248;-0.3378542959690094;[];
105.35;MPIB2;14.5193926931114;28.24666320268986;0.0012339301174506545;-0.513526976108551;0.8580232858657837;[];
105.35;MPIB1;9.321828656428806;2.3744927124871538;-0.838602602481842;-0.5446015000343323;0.008201063610613346;[];
105.4;MPIB4;33.32175914232736;29.568461790404;-0.8685969114303589;-0.49539870023727417;0.006079224403947592;[];
105.4;MPIB3;58.070090658875756;10.397189591581707;-0.9276628494262695;-0.15895280241966248;-0.3378542959690094;[];
105.4;MPIB2;14.51952423191858;28.46247687287658;0.0012339301174506545;-0.513526976108551;0.8580232858657837;[];
105.4;MPIB1;9.321828656428806;2.3744927124871538;-0.838602602481842;-0.5446015000343323;0.008201063610613346;[];
105.45;MPIB4;33.32175914232736;29.568461790404;-0.8685969114303589;-0.49539870023727417;0.006079224403947592;[];
105.45;MPIB3;58.070090658875756;10.397189591581707;-0.9276628494262695;-0.15895280241966248;-0.3378542959690094;[];
105.45;MPIB2;14.519655770725763;28.678311051064753;0.0012339301174506545;-0.513526976108551;0.8580232858657837;[];
105.45;MPIB1;9.321828656428806;2.3744927124871538;-0.838602602481842;-0.5446015000343323;0.008201063610613346;[];
105.5;MPIB4;33.32175914232736;29.568461790404;-0.8685969114303589;-0.49539870023727417;0.006079224403947592;[];
105.5;MPIB3;58.070090658875756;10.397189591581707;-0.9276628494262695;-0.15895280241966248;-0.3378542959690094;[];
105.5;MPIB2;14.519655770725763;28.678311051064753;0.0012339301174506545;-0.513526976108551;0.8580232858657837;[];
105.5;MPIB1;9.321828656428806;2.3744927124871538;-0.838602602481842;-0.5446015000343323;0.008201063610613346;[];
105.55;MPIB4;33.32175914232736;29.568461790404;-0.8685969114303589;-0.49539870023727417;0.006079224403947592;[];
105.55;MPIB3;58.070090658875756;10.397189591581707;-0.9276628494262695;-0.15895280241966248;-0.3378542959690094;[];
105.55;MPIB2;14.519655770725763;28.678311051064753;0.0012339301174506545;-0.513526976108551;0.8580232858657837;[];
105.55;MPIB1;9.321828656428806;2.3744927124871538;-0.838602602481842;-0.5446015000343323;0.008201063610613346;[];
105.6;MPIB4;33.32175914232736;29.568461790404;-0.8685969114303589;-0.49539870023727417;0.006079224403947592;[];
105.6;MPIB3;58.070090658875756;10.397189591581707;-0.9276628494262695;-0.15895280241966248;-0.3378542959690094;[];
105.6;MPIB2;14.519655770725763;28.678311051064753;0.0012339301174506545;-0.513526976108551;0.8580232858657837;[];
105.6;MPIB1;9.321828656428806;2.3744927124871538;-0.838602602481842;-0.5446015000343323;0.008201063610613346;[];
105.65;MPIB4;33.32175914232736;29.568461790404;-0.8685969114303589;-0.49539870023727417;0.006079224403947592;[];
105.65;MPIB3;58.070090658875756;10.397189591581707;-0.9276628494262695;-0.15895280241966248;-0.3378542959690094;[];
105.65;MPIB2;14.519655770725763;28.678311051064753;0.0012339301174506545;-0.513526976108551;0.8580232858657837;[];
105.65;MPIB1;9.321828656428806;2.3744927124871538;-0.838602602481842;-0.5446015000343323;0.008201063610613346;[];
105.7;MPIB4;33.32175914232736;29.568461790404;-0.8685969114303589;-0.49539870023727417;0.006079224403947592;[];
105.7;MPIB3;58.070090658875756;10.397189591581707;-0.9276628494262695;-0.15895280241966248;-0.3378542959690094;[];
105.7;MPIB2;14.519655770725763;28.678311051064753;0.0012339301174506545;-0.513526976108551;0.8580232858657837;[];
105.7;MPIB1;9.321828656428806;2.3744927124871538;-0.838602602481842;-0.5446015000343323;0.008201063610613346;[];
105.75;MPIB4;33.32175914232736;29.568461790404;-0.8685969114303589;-0.49539870023727417;0.006079224403947592;[];
105.75;MPIB3;58.070090658875756;10.397189591581707;-0.9276628494262695;-0.15895280241966248;-0.3378542959690094;[];
105.75;MPIB2;14.519655770725763;28.678311051064753;0.0012339301174506545;-0.513526976108551;0.8580232858657837;[];
105.75;MPIB1;9.321828656428806;2.3744927124871538;-0.838602602481842;-0.5446015000343323;0.008201063610613346;[];
105.8;MPIB4;33.32175914232736;29.568461790404;-0.8685969114303589;-0.49539870023727417;0.006079224403947592;[];
105.8;MPIB3;58.070090658875756;10.397189591581707;-0.9276628494262695;-0.15895280241966248;-0.3378542959690094;[];
105.8;MPIB2;14.519655770725763;28.678311051064753;0.0012339301174506545;-0.513526976108551;0.8580232858657837;[];
105.8;MPIB1;9.321828656428806;2.3744927124871538;-0.838602602481842;-0.5446015000343323;0.008201063610613346;[];
105.85;MPIB4;33.32175914232736;29.568461790404;-0.8685969114303589;-0.49539870023727417;0.006079224403947592;[];
105.85;MPIB3;58.070090658875756;10.397189591581707;-0.9276628494262695;-0.15895280241966248;-0.3378542959690094;[];
105.85;MPIB2;14.519655770725763;28.678311051064753;0.0012339301174506545;-0.513526976108551;0.8580232858657837;[];
105.85;MPIB1;9.321828656428806;2.3744927124871538;-0.838602602481842;-0.5446015000343323;0.008201063610613346;[];
105.9;MPIB4;33.32175914232736;29.568461790404;-0.8685969114303589;-0.49539870023727417;0.006079224403947592;[];
105.9;MPIB3;58.070090658875756;10.397189591581707;-0.9276628494262695;-0.15895280241966248;-0.3378542959690094;[];
105.9;MPIB2;14.519655770725763;28.678311051064753;0.0012339301174506545;-0.513526976108551;0.8580232858657837;[];
105.9;MPIB1;9.321828656428806;2.3744927124871538;-0.838602602481842;-0.5446015000343323;0.008201063610613346;[];
105.95;MPIB4;33.32175914232736;29.568461790404;-0.8685969114303589;-0.49539870023727417;0.006079224403947592;[];
105.95;MPIB3;58.070090658875756;10.397189591581707;-0.9276628494262695;-0.15895280241966248;-0.3378542959690094;[];
105.95;MPIB2;14.519655770725763;28.678311051064753;0.0012339301174506545;-0.513526976108551;0.8580232858657837;[];
105.95;MPIB1;9.321828656428806;2.3744927124871538;-0.838602602481842;-0.5446015000343323;0.008201063610613346;[];
106.0;MPIB4;33.32175914232736;29.568461790404;-0.8685969114303589;-0.49539870023727417;0.006079224403947592;[];
106.0;MPIB3;58.070090658875756;10.397189591581707;-0.9276628494262695;-0.15895280241966248;-0.3378542959690094;[];
106.0;MPIB2;14.519655770725763;28.678311051064753;0.0012339301174506545;-0.513526976108551;0.8580232858657837;[];
106.0;MPIB1;9.321828656428806;2.3744927124871538;-0.838602602481842;-0.5446015000343323;0.008201063610613346;[];
106.05;MPIB4;33.32175914232736;29.568461790404;-0.8685969114303589;-0.49539870023727417;0.006079224403947592;[];
106.05;MPIB3;58.070090658875756;10.397189591581707;-0.9276628494262695;-0.15895280241966248;-0.3378542959690094;[];
106.05;MPIB2;14.519655770725763;28.678311051064753;0.0012339301174506545;-0.513526976108551;0.8580232858657837;[];
106.05;MPIB1;9.321828656428806;2.3744927124871538;-0.838602602481842;-0.5446015000343323;0.008201063610613346;[];
106.1;MPIB4;33.32175914232736;29.568461790404;-0.8685969114303589;-0.49539870023727417;0.006079224403947592;[];
106.1;MPIB3;58.070090658875756;10.397189591581707;-0.9276628494262695;-0.15895280241966248;-0.3378542959690094;[];
106.1;MPIB2;14.519655770725763;28.678311051064753;0.0012339301174506545;-0.513526976108551;0.8580232858657837;[];
106.1;MPIB1;9.300000011920929;2.393659495218344;-0.838602602481842;-0.5446015000343323;0.008201063610613346;[];
106.15;MPIB4;33.30000001192093;29.582179299977327;-0.8685969114303589;-0.49539870023727417;0.006079224403947592;[];
106.15;MPIB3;58.070090658875756;10.397189591581707;-0.9276628494262695;-0.15895280241966248;-0.3378542959690094;[];
106.15;MPIB2;14.519655770725763;28.678311051064753;0.0012339301174506545;-0.513526976108551;0.8580232858657837;[];
106.15;MPIB1;9.300000011920929;2.393659495218344;-0.838602602481842;-0.5446015000343323;0.008201063610613346;[];
106.2;MPIB4;33.30000001192093;29.582179299977327;-0.8685969114303589;-0.49539870023727417;0.006079224403947592;[];
106.2;MPIB3;58.070090658875756;10.397189591581707;-0.9276628494262695;-0.15895280241966248;-0.3378542959690094;[];
106.2;MPIB2;14.519655770725763;28.678311051064753;0.0012339301174506545;-0.513526976108551;0.8580232858657837;[];
106.2;MPIB1;9.300000011920929;2.393659495218344;-0.838602602481842;-0.5446015000343323;0.008201063610613346;[];
106.25;MPIB4;33.30000001192093;29.582179299977327;-0.8685969114303589;-0.49539870023727417;0.006079224403947592;[];
106.25;MPIB3;58.070090658875756;10.397189591581707;-0.9276628494262695;-0.15895280241966248;-0.3378542959690094;[];
106.25;MPIB2;14.519655770725763;28.678311051064753;0.0012339301174506545;-0.513526976108551;0.8580232858657837;[];
106.25;MPIB1;9.300000011920929;2.393659495218344;-0.838602602481842;-0.5446015000343323;0.008201063610613346;[];
106.3;MPIB4;33.30000001192093;29.582179299977327;-0.8685969114303589;-0.49539870023727417;0.006079224403947592;[];
106.3;MPIB3;58.070090658875756;10.397189591581707;-0.9276628494262695;-0.15895280241966248;-0.3378542959690094;[];
106.3;MPIB2;14.519655770725763;28.678311051064753;0.0012339301174506545;-0.513526976108551;0.8580232858657837;[];
106.3;MPIB1;9.300000011920929;2.393659495218344;-0.838602602481842;-0.5446015000343323;0.008201063610613346;[];
106.35;MPIB4;33.30000001192093;29.582179299977327;-0.8685969114303589;-0.49539870023727417;0.006079224403947592;[];
106.35;MPIB3;58.070090658875756;10.397189591581707;-0.9276628494262695;-0.15895280241966248;-0.3378542959690094;[];
106.35;MPIB2;14.519655770725763;28.678311051064753;0.0012339301174506545;-0.513526976108551;0.8580232858657837;[];
106.35;MPIB1;9.300000011920929;2.393659495218344;-0.838602602481842;-0.5446015000343323;0.008201063610613346;[];
106.4;MPIB4;33.30000001192093;29.582179299977327;-0.8685969114303589;-0.49539870023727417;0.006079224403947592;[];
106.4;MPIB3;58.070090658875756;10.397189591581707;-0.9241794943809509;-0.16415658593177795;-0.3448387682437897;[];
106.4;MPIB2;14.519655770725763;28.678311051064753;0.0012339301174506545;-0.513526976108551;0.8580232858657837;[];
106.4;MPIB1;9.300000011920929;2.393659495218344;-0.838602602481842;-0.5446015000343323;0.008201063610613346;[];
106.45;MPIB4;33.30000001192093;29.582179299977327;-0.8685969114303589;-0.49539870023727417;0.006079224403947592;[];
106.45;MPIB3;58.070090658875756;10.397189591581707;-0.9237780570983887;-0.1667095124721527;-0.3446889817714691;[];
106.45;MPIB2;14.522286546869395;28.69999998807907;0.0012339301174506545;-0.513526976108551;0.8580232858657837;[];
106.45;MPIB1;9.300000011920929;2.393659495218344;-0.838602602481842;-0.5446015000343323;0.008201063610613346;[];
106.5;MPIB4;33.30000001192093;29.582179299977327;-0.8685969114303589;-0.49539870023727417;0.006079224403947592;[];
106.5;MPIB3;58.070090658875756;10.397189591581707;-0.9237780570983887;-0.1667095124721527;-0.3446889817714691;[];
106.5;MPIB2;14.522286546869395;28.69999998807907;0.0012339301174506545;-0.513526976108551;0.8580232858657837;[];
106.5;MPIB1;9.300000011920929;2.393659495218344;-0.838602602481842;-0.5446015000343323;0.008201063610613346;[];
106.55;MPIB4;33.30000001192093;29.582179299977327;-0.8685969114303589;-0.49539870023727417;0.006079224403947592;[];
106.55;MPIB3;58.070090658875756;10.397189591581707;-0.9237780570983887;-0.1667095124721527;-0.3446889817714691;[];
106.55;MPIB2;14.522286546869395;28.69999998807907;0.0012339301174506545;-0.513526976108551;0.8580232858657837;[];
106.55;MPIB1;9.300000011920929;2.393659495218344;-0.838602602481842;-0.5446015000343323;0.008201063610613346;[];
106.6;MPIB4;33.30000001192093;29.582179299977327;-0.8685969114303589;-0.49539870023727417;0.006079224403947592;[];
106.6;MPIB3;58.070090658875756;10.397189591581707;-0.9237780570983887;-0.1667095124721527;-0.3446889817714691;[];
106.6;MPIB2;14.522286546869395;28.69999998807907;0.0012339301174506545;-0.513526976108551;0.8580232858657837;[];
106.6;MPIB1;9.300000011920929;2.393659495218344;-0.838602602481842;-0.5446015000343323;0.008201063610613346;[];
106.65;MPIB4;33.30000001192093;29.582179299977327;-0.8685969114303589;-0.49539870023727417;0.006079224403947592;[];
106.65;MPIB3;58.070090658875756;10.397189591581707;-0.9237780570983887;-0.1667095124721527;-0.3446889817714691;[];
106.65;MPIB2;14.522286546869395;28.69999998807907;0.0012339301174506545;-0.513526976108551;0.8580232858657837;[];
106.65;MPIB1;9.300000011920929;2.393659495218344;-0.838602602481842;-0.5446015000343323;0.008201063610613346;[];
106.7;MPIB4;33.30000001192093;29.582179299977327;-0.8685969114303589;-0.49539870023727417;0.006079224403947592;[];
106.7;MPIB3;58.070090658875756;10.397189591581707;-0.9237780570983887;-0.1667095124721527;-0.3446889817714691;[];
106.7;MPIB2;14.522286546869395;28.69999998807907;0.0012339301174506545;-0.513526976108551;0.8580232858657837;[];
106.7;MPIB1;9.300000011920929;2.393659495218344;-0.838602602481842;-0.5446015000343323;0.008201063610613346;[];
106.75;MPIB4;33.30000001192093;29.582179299977327;-0.8685969114303589;-0.49539870023727417;0.006079224403947592;[];
106.75;MPIB3;58.070090658875756;10.397189591581707;-0.9237780570983887;-0.1667095124721527;-0.3446889817714691;[];
106.75;MPIB2;14.522286546869395;28.69999998807907;0.0012339301174506545;-0.513526976108551;0.8580232858657837;[];
106.75;MPIB1;9.300000011920929;2.393659495218344;-0.838602602481842;-0.5446015000343323;0.008201063610613346;[];
106.8;MPIB4;33.30000001192093;29.582179299977327;-0.8685969114303589;-0.49539870023727417;0.006079224403947592;[];
106.8;MPIB3;58.070090658875756;10.397189591581707;-0.9237780570983887;-0.1667095124721527;-0.3446889817714691;[];
106.8;MPIB2;14.522286546869395;28.69999998807907;0.0012339301174506545;-0.513526976108551;0.8580232858657837;[];
106.8;MPIB1;9.300000011920929;2.393659495218344;-0.838602602481842;-0.5446015000343323;0.008201063610613346;[];
106.85;MPIB4;33.30000001192093;29.582179299977327;-0.8685969114303589;-0.49539870023727417;0.006079224403947592;[];
106.85;MPIB3;58.070090658875756;10.397189591581707;-0.9237780570983887;-0.1667095124721527;-0.3446889817714691;[];
106.85;MPIB2;14.522286546869395;28.69999998807907;0.0012339301174506545;-0.513526976108551;0.8580232858657837;[];
106.85;MPIB1;9.300000011920929;2.393659495218344;-0.838602602481842;-0.5446015000343323;0.008201063610613346;[];
106.9;MPIB4;33.30000001192093;29.582179299977327;-0.8685969114303589;-0.49539870023727417;0.006079224403947592;[];
106.9;MPIB3;58.070090658875756;10.397189591581707;-0.9237780570983887;-0.1667095124721527;-0.3446889817714691;[];
106.9;MPIB2;14.522286546869395;28.69999998807907;0.0012339301174506545;-0.513526976108551;0.8580232858657837;[];
106.9;MPIB1;9.300000011920929;2.393659495218344;-0.838602602481842;-0.5446015000343323;0.008201063610613346;[];
106.95;MPIB4;33.20200242102146;29.593839183114653;-0.8685969114303589;-0.49539870023727417;0.006079224403947592;[];
106.95;MPIB3;58.070090658875756;10.397189591581707;-0.9237780570983887;-0.1667095124721527;-0.3446889817714691;[];
106.95;MPIB2;14.522286546869395;28.69999998807907;0.0012339301174506545;-0.513526976108551;0.8580232858657837;[];
106.95;MPIB1;9.202004708349705;2.409951260539856;-0.838602602481842;-0.5446015000343323;0.008201063610613346;[];
107.0;MPIB4;33.050498139275945;29.59452505859332;-0.8685969114303589;-0.49539870023727417;0.006079224403947592;[];
107.0;MPIB3;58.070090658875756;10.397189591581707;-0.9237780570983887;-0.1667095124721527;-0.3446889817714691;[];
107.0;MPIB2;14.522286546869395;28.69999998807907;0.0012339301174506545;-0.513526976108551;0.8580232858657837;[];
107.0;MPIB1;9.050503962813764;2.4109095996764154;-0.838602602481842;-0.5446015000343323;0.008201063610613346;[];
107.05;MPIB4;32.86977920093512;29.595210934071986;-0.8685969114303589;-0.49539870023727417;0.006079224403947592;[];
107.05;MPIB3;58.070090658875756;10.397189591581707;-0.9237780570983887;-0.1667095124721527;-0.3446889817714691;[];
107.05;MPIB2;14.522286546869395;28.69999998807907;0.0012339301174506545;-0.513526976108551;0.8580232858657837;[];
107.05;MPIB1;8.86978924257187;2.411867938812975;-0.838602602481842;-0.5446015000343323;0.008201063610613346;[];
107.1;MPIB4;32.673109058240485;29.595896809550652;-0.8685969114303589;-0.49539870023727417;0.006079224403947592;[];
107.1;MPIB3;58.070090658875756;10.397189591581707;-0.9237780570983887;-0.1667095124721527;-0.3446889817714691;[];
107.1;MPIB2;14.522286546869395;28.69999998807907;0.0012339301174506545;-0.513526976108551;0.8580232858657837;[];
107.1;MPIB1;8.673123690287866;2.4128262779495344;-0.838602602481842;-0.5446015000343323;0.008201063610613346;[];
107.15;MPIB4;32.673109058240485;29.595896809550652;-0.8685969114303589;-0.49539870023727417;0.006079224403947592;[];
107.15;MPIB3;58.070090658875756;10.397189591581707;-0.9237780570983887;-0.1667095124721527;-0.3446889817714691;[];
107.15;MPIB2;14.522286546869395;28.69999998807907;0.0012339301174506545;-0.513526976108551;0.8580232858657837;[];
107.15;MPIB1;8.467748982697003;2.413784617086094;-0.838602602481842;-0.5446015000343323;0.008201063610613346;[];
107.2;MPIB4;32.2575947453318;29.597268560507985;-0.8685969114303589;-0.49539870023727417;0.006079224403947592;[];
107.2;MPIB3;58.070090658875756;10.397189591581707;-0.9237780570983887;-0.1667095124721527;-0.3446889817714691;[];
107.2;MPIB2;14.522286546869395;28.69999998807907;0.0012339301174506545;-0.513526976108551;0.8580232858657837;[];
107.2;MPIB1;8.257619075756566;2.4147429562226534;-0.838602602481842;-0.5446015000343323;0.008201063610613346;[];
107.25;MPIB4;32.044863533958335;29.59795443598665;-0.8685969114303589;-0.49539870023727417;0.006079224403947592;[];
107.25;MPIB3;58.070090658875756;10.397189591581707;-0.9237780570983887;-0.1667095124721527;-0.3446889817714691;[];
107.25;MPIB2;14.522286546869395;28.69999998807907;0.0012339301174506545;-0.513526976108551;0.8580232858657837;[];
107.25;MPIB1;8.044892829669607;2.415701295359213;-0.838602602481842;-0.5446015000343323;0.008201063610613346;[];
107.3;MPIB4;31.830714688157684;29.598640311465317;-0.8685969114303589;-0.49539870023727417;0.006079224403947592;[];
107.3;MPIB3;58.070090658875756;10.397189591581707;-0.9237780570983887;-0.1667095124721527;-0.3446889817714691;[];
107.3;MPIB2;14.524522706591483;28.797999888658524;0.0012339301174506545;-0.513526976108551;0.8580232858657837;[];
107.3;MPIB1;7.830748982243904;2.4166596344957725;-0.838602602481842;-0.5446015000343323;0.008201063610613346;[];
107.35;MPIB4;31.830714688157684;29.598640311465317;-0.8685969114303589;-0.49539870023727417;0.006079224403947592;[];
107.35;MPIB3;58.070090658875756;10.397189591581707;-0.9237780570983887;-0.1667095124721527;-0.3446889817714691;[];
107.35;MPIB2;14.524654245398665;28.94950774116944;0.0012339301174506545;-0.513526976108551;0.8580232858657837;[];
107.35;MPIB1;7.615831124397346;2.417617973632332;-0.838602602481842;-0.5446015000343323;0.008201063610613346;[];
107.4;MPIB4;31.400446319979004;29.60001206242265;-0.8685969114303589;-0.49539870023727417;0.006079224403947592;[];
107.4;MPIB3;58.070090658875756;10.397189591581707;-0.9237780570983887;-0.1667095124721527;-0.3446889817714691;[];
107.4;MPIB2;14.524785784205847;29.13023093882839;0.0012339301174506545;-0.513526976108551;0.8580232858657837;[];
107.4;MPIB1;7.400490656812053;2.4185763127688915;-0.838602602481842;-0.5446015000343323;0.008201063610613346;[];
107.45;MPIB4;31.18487007575805;29.600697937901316;-0.8685969114303589;-0.49539870023727417;0.006079224403947592;[];
107.45;MPIB3;58.070090658875756;10.397189591581707;-0.9237780570983887;-0.1667095124721527;-0.3446889817714691;[];
107.45;MPIB2;14.524917323013028;29.326905716790975;0.0012339301174506545;-0.513526976108551;0.8580232858657837;[];
107.45;MPIB1;7.184919444282514;2.419534651905451;-0.838602602481842;-0.5446015000343323;0.008201063610613346;[];
107.5;MPIB4;30.969167841842236;29.601383813379982;-0.8685969114303589;-0.49539870023727417;0.006079224403947592;[];
107.5;MPIB3;58.070090658875756;10.397189591581707;-0.9237780570983887;-0.1667095124721527;-0.3446889817714691;[];
107.5;MPIB2;14.52504886182021;29.532290058610982;0.0012339301174506545;-0.513526976108551;0.8580232858657837;[];
107.5;MPIB1;6.9692222449987185;2.4204929910420105;-0.838602602481842;-0.5446015000343323;0.008201063610613346;[];
107.55;MPIB4;30.969167841842236;29.601383813379982;-0.8685969114303589;-0.49539870023727417;0.006079224403947592;[];
107.55;MPIB3;58.070090658875756;10.397189591581707;-0.9237780570983887;-0.1667095124721527;-0.3446889817714691;[];
107.55;MPIB2;14.525180400627391;29.742429822849488;0.0012339301174506545;-0.513526976108551;0.8580232858657837;[];
107.55;MPIB1;6.7534562569392165;2.42145133017857;-0.838602602481842;-0.5446015000343323;0.008201063610613346;[];
107.6;MPIB4;30.537588233695246;29.602755564337315;-0.8685969114303589;-0.49539870023727417;0.006079224403947592;[];
107.6;MPIB3;58.070090658875756;10.397189591581707;-0.9237780570983887;-0.1667095124721527;-0.3446889817714691;[];
107.6;MPIB2;14.525311939434573;29.955166048030094;0.0012339301174506545;-0.513526976108551;0.8580232858657837;[];
107.6;MPIB1;6.537652710203702;2.4224096693151296;-0.838602602481842;-0.5446015000343323;0.008201063610613346;[];
107.65;MPIB4;30.321759142327352;29.60344143981598;-0.8685969114303589;-0.49539870023727417;0.006079224403947592;[];
107.65;MPIB3;58.070090658875756;10.397189591581707;-0.9237780570983887;-0.1667095124721527;-0.3446889817714691;[];
107.65;MPIB2;14.525443478241755;30.169319941049736;0.0012339301174506545;-0.513526976108551;0.8580232858657837;[];
107.65;MPIB1;6.321828656428806;2.423368008451689;-0.838602602481842;-0.5446015000343323;0.008201063610613346;[];
107.7;MPIB4;30.321759142327352;29.60344143981598;-0.8685969114303589;-0.49539870023727417;0.006079224403947592;[];
107.7;MPIB3;58.070090658875756;10.397189591581707;-0.9237780570983887;-0.1667095124721527;-0.3446889817714691;[];
107.7;MPIB2;14.525575017048936;30.38424788079942;0.0012339301174506545;-0.513526976108551;0.8580232858657837;[];
107.7;MPIB1;6.321828656428806;2.423368008451689;-0.838602602481842;-0.5446015000343323;0.008201063610613346;[];
107.75;MPIB4;30.321759142327352;29.60344143981598;-0.8685969114303589;-0.49539870023727417;0.006079224403947592;[];
107.75;MPIB3;58.070090658875756;10.397189591581707;-0.9237780570983887;-0.1667095124721527;-0.3446889817714691;[];
107.75;MPIB2;14.525706555856118;30.59959845011278;0.0012339301174506545;-0.513526976108551;0.8580232858657837;[];
107.75;MPIB1;6.321828656428806;2.423368008451689;-0.838602602481842;-0.5446015000343323;0.008201063610613346;[];
107.8;MPIB4;30.321759142327352;29.60344143981598;-0.8685969114303589;-0.49539870023727417;0.006079224403947592;[];
107.8;MPIB3;58.070090658875756;10.397189591581707;-0.9237780570983887;-0.1667095124721527;-0.3446889817714691;[];
107.8;MPIB2;14.5258380946633;30.815179775194736;0.0012339301174506545;-0.513526976108551;0.8580232858657837;[];
107.8;MPIB1;6.321828656428806;2.423368008451689;-0.838602602481842;-0.5446015000343323;0.008201063610613346;[];
107.85;MPIB4;30.321759142327352;29.60344143981598;-0.8685969114303589;-0.49539870023727417;0.006079224403947592;[];
107.85;MPIB3;58.070090658875756;10.397189591581707;-0.9237780570983887;-0.1667095124721527;-0.3446889817714691;[];
107.85;MPIB2;14.525969633470481;31.030887092940958;0.0012339301174506545;-0.513526976108551;0.8580232858657837;[];
107.85;MPIB1;6.321828656428806;2.423368008451689;-0.838602602481842;-0.5446015000343323;0.008201063610613346;[];
107.9;MPIB4;30.321759142327352;29.60344143981598;-0.8685969114303589;-0.49539870023727417;0.006079224403947592;[];
107.9;MPIB3;58.070090658875756;10.397189591581707;-0.9237780570983887;-0.1667095124721527;-0.3446889817714691;[];
107.9;MPIB2;14.526101172277663;31.24666320268986;0.0012339301174506545;-0.513526976108551;0.8580232858657837;[];
107.9;MPIB1;6.321828656428806;2.423368008451689;-0.838602602481842;-0.5446015000343323;0.008201063610613346;[];
107.95;MPIB4;30.321759142327352;29.60344143981598;-0.8685969114303589;-0.49539870023727417;0.006079224403947592;[];
107.95;MPIB3;58.070090658875756;10.397189591581707;-0.9237780570983887;-0.1667095124721527;-0.3446889817714691;[];
107.95;MPIB2;14.526232711084845;31.46247687287658;0.0012339301174506545;-0.513526976108551;0.8580232858657837;[];
107.95;MPIB1;6.321828656428806;2.423368008451689;-0.838602602481842;-0.5446015000343323;0.008201063610613346;[];
108.0;MPIB4;30.321759142327352;29.60344143981598;-0.8685969114303589;-0.49539870023727417;0.006079224403947592;[];
108.0;MPIB3;58.070090658875756;10.397189591581707;-0.9219476580619812;-0.1667095124721527;-0.3495553135871887;[];
108.0;MPIB2;14.526364249892026;31.678311051064753;0.0012339301174506545;-0.513526976108551;0.8580232858657837;[];
108.0;MPIB1;6.321828656428806;2.423368008451689;-0.838602602481842;-0.5446015000343323;0.008201063610613346;[];
108.05;MPIB4;30.321759142327352;29.60344143981598;-0.8685969114303589;-0.49539870023727417;0.006079224403947592;[];
108.05;MPIB3;58.070090658875756;10.397189591581707;-0.9210397005081177;-0.1667095124721527;-0.35194066166877747;[];
108.05;MPIB2;14.526364249892026;31.678311051064753;0.0012339301174506545;-0.513526976108551;0.8580232858657837;[];
108.05;MPIB1;6.321828656428806;2.423368008451689;-0.838602602481842;-0.5446015000343323;0.008201063610613346;[];
108.1;MPIB4;30.321759142327352;29.60344143981598;-0.8685969114303589;-0.49539870023727417;0.006079224403947592;[];
108.1;MPIB3;58.070090658875756;10.397189591581707;-0.9210397005081177;-0.1667095124721527;-0.35194066166877747;[];
108.1;MPIB2;14.526364249892026;31.678311051064753;0.0012339301174506545;-0.513526976108551;0.8580232858657837;[];
108.1;MPIB1;6.321828656428806;2.423368008451689;-0.838602602481842;-0.5446015000343323;0.008201063610613346;[];
108.15;MPIB4;30.321759142327352;29.60344143981598;-0.8685969114303589;-0.49539870023727417;0.006079224403947592;[];
108.15;MPIB3;58.070090658875756;10.397189591581707;-0.9210397005081177;-0.1667095124721527;-0.35194066166877747;[];
108.15;MPIB2;14.526364249892026;31.678311051064753;0.0012339301174506545;-0.513526976108551;0.8580232858657837;[];
108.15;MPIB1;6.321828656428806;2.423368008451689;-0.838602602481842;-0.5446015000343323;0.008201063610613346;[];
108.2;MPIB4;30.321759142327352;29.60344143981598;-0.8685969114303589;-0.49539870023727417;0.006079224403947592;[];
108.2;MPIB3;58.070090658875756;10.397189591581707;-0.9210397005081177;-0.1667095124721527;-0.35194066166877747;[];
108.2;MPIB2;14.526364249892026;31.678311051064753;0.0012339301174506545;-0.513526976108551;0.8580232858657837;[];
108.2;MPIB1;6.321828656428806;2.423368008451689;-0.838602602481842;-0.5446015000343323;0.008201063610613346;[];
108.25;MPIB4;30.321759142327352;29.60344143981598;-0.8685969114303589;-0.49539870023727417;0.006079224403947592;[];
108.25;MPIB3;58.070090658875756;10.397189591581707;-0.9210397005081177;-0.1667095124721527;-0.35194066166877747;[];
108.25;MPIB2;14.526364249892026;31.678311051064753;0.0012339301174506545;-0.513526976108551;0.8580232858657837;[];
108.25;MPIB1;6.321828656428806;2.423368008451689;-0.838602602481842;-0.5446015000343323;0.008201063610613346;[];
108.3;MPIB4;30.321759142327352;29.60344143981598;-0.8685969114303589;-0.49539870023727417;0.006079224403947592;[];
108.3;MPIB3;58.070090658875756;10.397189591581707;-0.9210397005081177;-0.1667095124721527;-0.35194066166877747;[];
108.3;MPIB2;14.526364249892026;31.678311051064753;0.0012339301174506545;-0.513526976108551;0.8580232858657837;[];
108.3;MPIB1;6.321828656428806;2.423368008451689;-0.838602602481842;-0.5446015000343323;0.008201063610613346;[];
108.35;MPIB4;30.321759142327352;29.60344143981598;-0.8685969114303589;-0.49539870023727417;0.006079224403947592;[];
108.35;MPIB3;58.070090658875756;10.397189591581707;-0.9197195768356323;-0.16926130652427673;-0.3541673421859741;[];
108.35;MPIB2;14.526364249892026;31.678311051064753;0.0012339301174506545;-0.513526976108551;0.8580232858657837;[];
108.35;MPIB1;6.321828656428806;2.423368008451689;-0.838602602481842;-0.5446015000343323;0.008201063610613346;[];
108.4;MPIB4;30.321759142327352;29.60344143981598;-0.8685969114303589;-0.49539870023727417;0.006079224403947592;[];
108.4;MPIB3;58.070090658875756;10.397189591581707;-0.9197195768356323;-0.16926130652427673;-0.3541673421859741;[];
108.4;MPIB2;14.526364249892026;31.678311051064753;0.0012339301174506545;-0.513526976108551;0.8580232858657837;[];
108.4;MPIB1;6.321828656428806;2.423368008451689;-0.838602602481842;-0.5446015000343323;0.008201063610613346;[];
108.45;MPIB4;30.321759142327352;29.60344143981598;-0.8685969114303589;-0.49539870023727417;0.006079224403947592;[];
108.45;MPIB3;58.070090658875756;10.397189591581707;-0.9197195768356323;-0.16926130652427673;-0.3541673421859741;[];
108.45;MPIB2;14.526364249892026;31.678311051064753;0.0012339301174506545;-0.513526976108551;0.8580232858657837;[];
108.45;MPIB1;6.321828656428806;2.423368008451689;-0.838602602481842;-0.5446015000343323;0.008201063610613346;[];
108.5;MPIB4;30.321759142327352;29.60344143981598;-0.8685969114303589;-0.49539870023727417;0.006079224403947592;[];
108.5;MPIB3;58.070090658875756;10.397189591581707;-0.9197195768356323;-0.16926130652427673;-0.3541673421859741;[];
108.5;MPIB2;14.526364249892026;31.678311051064753;0.0012339301174506545;-0.513526976108551;0.8580232858657837;[];
108.5;MPIB1;6.321828656428806;2.423368008451689;-0.838602602481842;-0.5446015000343323;0.008201063610613346;[];
108.55;MPIB4;30.321759142327352;29.60344143981598;-0.8685969114303589;-0.49539870023727417;0.006079224403947592;[];
108.55;MPIB3;58.070090658875756;10.397189591581707;-0.9197195768356323;-0.16926130652427673;-0.3541673421859741;[];
108.55;MPIB2;14.526364249892026;31.678311051064753;0.0012339301174506545;-0.513526976108551;0.8580232858657837;[];
108.55;MPIB1;6.321828656428806;2.423368008451689;-0.838602602481842;-0.5446015000343323;0.008201063610613346;[];
108.6;MPIB4;30.321759142327352;29.60344143981598;-0.8685969114303589;-0.49539870023727417;0.006079224403947592;[];
108.6;MPIB3;58.070090658875756;10.397189591581707;-0.9197195768356323;-0.16926130652427673;-0.3541673421859741;[];
108.6;MPIB2;14.526364249892026;31.678311051064753;0.0012339301174506545;-0.513526976108551;0.8580232858657837;[];
108.6;MPIB1;6.321828656428806;2.423368008451689;-0.838602602481842;-0.5446015000343323;0.008201063610613346;[];
108.65;MPIB4;30.321759142327352;29.60344143981598;-0.8685969114303589;-0.49539870023727417;0.006079224403947592;[];
108.65;MPIB3;58.070090658875756;10.397189591581707;-0.9197195768356323;-0.16926130652427673;-0.3541673421859741;[];
108.65;MPIB2;14.526364249892026;31.678311051064753;0.0012339301174506545;-0.513526976108551;0.8580232858657837;[];
108.65;MPIB1;6.300000011920929;2.4425347911828794;-0.838602602481842;-0.5446015000343323;0.008201063610613346;[];
108.7;MPIB4;30.30000001192093;29.617158949389307;-0.8685969114303589;-0.49539870023727417;0.006079224403947592;[];
108.7;MPIB3;57.97863710662966;10.361972485239392;-0.9197195768356323;-0.16926130652427673;-0.3541673421859741;[];
108.7;MPIB2;14.526364249892026;31.678311051064753;0.0012339301174506545;-0.513526976108551;0.8580232858657837;[];
108.7;MPIB1;6.300000011920929;2.4425347911828794;-0.838602602481842;-0.5446015000343323;0.008201063610613346;[];
108.75;MPIB4;30.30000001192093;29.617158949389307;-0.8685969114303589;-0.49539870023727417;0.006079224403947592;[];
108.75;MPIB3;57.83724990905728;10.307526836600715;-0.9197195768356323;-0.16926130652427673;-0.3541673421859741;[];
108.75;MPIB2;14.526364249892026;31.678311051064753;0.0012339301174506545;-0.513526976108551;0.8580232858657837;[];
108.75;MPIB1;6.300000011920929;2.4425347911828794;-0.838602602481842;-0.5446015000343323;0.008201063610613346;[];
108.8;MPIB4;30.30000001192093;29.617158949389307;-0.8685969114303589;-0.49539870023727417;0.006079224403947592;[];
108.8;MPIB3;57.66859893796993;10.242582402648793;-0.9197195768356323;-0.16926130652427673;-0.3541673421859741;[];
108.8;MPIB2;14.526364249892026;31.678311051064753;0.0012339301174506545;-0.513526976108551;0.8580232858657837;[];
108.8;MPIB1;6.300000011920929;2.4425347911828794;-0.838602602481842;-0.5446015000343323;0.008201063610613346;[];
108.85;MPIB4;30.30000001192093;29.617158949389307;-0.8685969114303589;-0.49539870023727417;0.006079224403947592;[];
108.85;MPIB3;57.48506194481445;10.171905631249984;-0.9197195768356323;-0.16926130652427673;-0.3541673421859741;[];
108.85;MPIB2;14.526364249892026;31.678311051064753;0.0012339301174506545;-0.513526976108551;0.8580232858657837;[];
108.85;MPIB1;6.300000011920929;2.4425347911828794;-0.838602602481842;-0.5446015000343323;0.008201063610613346;[];
108.9;MPIB4;30.30000001192093;29.617158949389307;-0.8685969114303589;-0.49539870023727417;0.006079224403947592;[];
108.9;MPIB3;57.29339718266567;10.098099003241657;-0.9197195768356323;-0.16926130652427673;-0.3541673421859741;[];
108.9;MPIB2;14.526364249892026;31.678311051064753;0.0012339301174506545;-0.513526976108551;0.8580232858657837;[];
108.9;MPIB1;6.300000011920929;2.4425347911828794;-0.838602602481842;-0.5446015000343323;0.008201063610613346;[];
108.95;MPIB4;30.30000001192093;29.617158949389307;-0.8685969114303589;-0.49539870023727417;0.006079224403947592;[];
108.95;MPIB3;57.09729465813109;10.022583473326023;-0.9197195768356323;-0.16926130652427673;-0.3541673421859741;[];
108.95;MPIB2;14.526364249892026;31.678311051064753;0.0012339301174506545;-0.513526976108551;0.8580232858657837;[];
108.95;MPIB1;6.300000011920929;2.4425347911828794;-0.838602602481842;-0.5446015000343323;0.008201063610613346;[];
109.0;MPIB4;30.30000001192093;29.617158949389307;-0.8686178922653198;-0.49539870023727417;-7.494994206354022E-4;[];
109.0;MPIB3;56.89876911505246;9.946134882860633;-0.9197195768356323;-0.16926130652427673;-0.3541673421859741;[];
109.0;MPIB2;14.528995026035659;31.69999998807907;0.0012339301174506545;-0.513526976108551;0.8580232858657837;[];
109.0;MPIB1;6.300000011920929;2.4425347911828794;-0.8371899724006653;-0.5467707514762878;0.0081872483715415;[];
109.05;MPIB4;30.30000001192093;29.617158949389307;-0.8686178922653198;-0.49539870023727417;-7.494994206354022E-4;[];
109.05;MPIB3;56.698920603695;9.869176841275902;-0.9197195768356323;-0.16926130652427673;-0.3541673421859741;[];
109.05;MPIB2;14.528995026035659;31.69999998807907;0.0012339301174506545;-0.513526976108551;0.8580232858657837;[];
109.05;MPIB1;6.300000011920929;2.4425347911828794;-0.8371899724006653;-0.5467707514762878;0.0081872483715415;[];
109.1;MPIB4;30.30000001192093;29.617158949389307;-0.8686178922653198;-0.49539870023727417;-7.494994206354022E-4;[];
109.1;MPIB3;56.49834975157353;9.7919406393477;-0.9197195768356323;-0.16926130652427673;-0.3541673421859741;[];
109.1;MPIB2;14.528995026035659;31.69999998807907;0.0012339301174506545;-0.513526976108551;0.8580232858657837;[];
109.1;MPIB1;6.300000011920929;2.4425347911828794;-0.8371899724006653;-0.5467707514762878;0.0081872483715415;[];
109.15;MPIB4;30.30000001192093;29.617158949389307;-0.8686178922653198;-0.49539870023727417;-7.494994206354022E-4;[];
109.15;MPIB3;56.29738450134903;9.714552561854305;-0.9197195768356323;-0.16926130652427673;-0.3541673421859741;[];
109.15;MPIB2;14.528995026035659;31.69999998807907;0.0012339301174506545;-0.513526976108551;0.8580232858657837;[];
109.15;MPIB1;6.300000011920929;2.4425347911828794;-0.8371899724006653;-0.5467707514762878;0.0081872483715415;[];
109.2;MPIB4;30.30000001192093;29.617158949389307;-0.8686178922653198;-0.49539870023727417;-7.494994206354022E-4;[];
109.2;MPIB3;56.09620390973532;9.6370815602927;-0.9197195768356323;-0.16926130652427673;-0.3541673421859741;[];
109.2;MPIB2;14.528995026035659;31.69999998807907;0.0012339301174506545;-0.513526976108551;0.8580232858657837;[];
109.2;MPIB1;6.300000011920929;2.4425347911828794;-0.8371899724006653;-0.5467707514762878;0.0081872483715415;[];
109.25;MPIB4;30.30000001192093;29.617158949389307;-0.8686178922653198;-0.49539870023727417;-7.494994206354022E-4;[];
109.25;MPIB3;55.89490574170941;9.559565282184593;-0.9197195768356323;-0.16926130652427673;-0.3541673421859741;[];
109.25;MPIB2;14.528995026035659;31.69999998807907;0.0012339301174506545;-0.513526976108551;0.8580232858657837;[];
109.25;MPIB1;6.300000011920929;2.4425347911828794;-0.8371899724006653;-0.5467707514762878;0.0081872483715415;[];
109.3;MPIB4;30.30000001192093;29.617158949389307;-0.8686178922653198;-0.49539870023727417;-7.494994206354022E-4;[];
109.3;MPIB3;55.69354337695495;9.482024283079227;-0.9197195768356323;-0.16926130652427673;-0.3541673421859741;[];
109.3;MPIB2;14.528995026035659;31.69999998807907;0.0012339301174506545;-0.513526976108551;0.8580232858657837;[];
109.3;MPIB1;6.300000011920929;2.4425347911828794;-0.8371899724006653;-0.5467707514762878;0.0081872483715415;[];
109.35;MPIB4;30.30000001192093;29.617158949389307;-0.8686178922653198;-0.49539870023727417;-7.494994206354022E-4;[];
109.35;MPIB3;55.492145960782636;9.404469786307772;-0.9197195768356323;-0.16926130652427673;-0.3541673421859741;[];
109.35;MPIB2;14.528995026035659;31.69999998807907;0.0012339301174506545;-0.513526976108551;0.8580232858657837;[];
109.35;MPIB1;6.300000011920929;2.4425347911828794;-0.8371899724006653;-0.5467707514762878;0.0081872483715415;[];
109.4;MPIB4;30.30000001192093;29.617158949389307;-0.8686178922653198;-0.49539870023727417;-7.494994206354022E-4;[];
109.4;MPIB3;55.290729406533956;9.326907919809798;-0.9197195768356323;-0.16926130652427673;-0.3541673421859741;[];
109.4;MPIB2;14.528995026035659;31.69999998807907;0.0012339301174506545;-0.513526976108551;0.8580232858657837;[];
109.4;MPIB1;6.300000011920929;2.4425347911828794;-0.8371899724006653;-0.5467707514762878;0.0081872483715415;[];
109.45;MPIB4;30.30000001192093;29.617158949389307;-0.8686178922653198;-0.49539870023727417;-7.494994206354022E-4;[];
109.45;MPIB3;55.08930240289442;9.249342029440669;-0.9197195768356323;-0.16926130652427673;-0.3541673421859741;[];
109.45;MPIB2;14.528995026035659;31.69999998807907;0.0012339301174506545;-0.513526976108551;0.8580232858657837;[];
109.45;MPIB1;6.300000011920929;2.4425347911828794;-0.8371899724006653;-0.5467707514762878;0.0081872483715415;[];
109.5;MPIB4;30.202000059187412;29.62034403489048;-0.8686178922653198;-0.49539870023727417;-7.494994206354022E-4;[];
109.5;MPIB3;54.88786969388673;9.171773942037618;-0.9197195768356323;-0.16926130652427673;-0.3541673421859741;[];
109.5;MPIB2;14.528995026035659;31.69999998807907;0.0012339301174506545;-0.513526976108551;0.8580232858657837;[];
109.5;MPIB1;6.202004708349705;2.458826556504391;-0.8371899724006653;-0.5467707514762878;0.0081872483715415;[];
109.55;MPIB4;30.050492126046308;29.620259474220404;-0.8686178922653198;-0.49539870023727417;-7.494994206354022E-4;[];
109.55;MPIB3;54.6864338697477;9.094204655053915;-0.9192919731140137;-0.17190642654895782;-0.3540026843547821;[];
109.55;MPIB2;14.528995026035659;31.69999998807907;0.0012339301174506545;-0.513526976108551;0.8580232858657837;[];
109.55;MPIB1;6.050503962813764;2.4597848956409507;-0.8371899724006653;-0.5467707514762878;0.0081872483715415;[];
109.6;MPIB4;29.86976883220921;29.62017491355033;-0.8686178922653198;-0.49539870023727417;-7.494994206354022E-4;[];
109.6;MPIB3;54.48481523603368;9.01710865198146;-0.9211124181747437;-0.17190642654895782;-0.34923863410949707;[];
109.6;MPIB2;14.528995026035659;31.69999998807907;0.0012339301174506545;-0.513526976108551;0.8580232858657837;[];
109.6;MPIB1;5.869789242571869;2.4607432347775102;-0.8371899724006653;-0.5467707514762878;0.0081872483715415;[];
109.65;MPIB4;29.673093949579282;29.620090352880254;-0.8686178922653198;-0.49539870023727417;-7.494994206354022E-4;[];
109.65;MPIB3;54.28188609873541;8.94364961713319;-0.931078314781189;-0.1847361922264099;-0.3145328164100647;[];
109.65;MPIB2;14.528995026035659;31.69999998807907;0.0012339301174506545;-0.513526976108551;0.8580232858657837;[];
109.65;MPIB1;5.673123690287866;2.4617015739140697;-0.8371899724006653;-0.5467707514762878;0.0081872483715415;[];
109.7;MPIB4;29.467709498456838;29.62000579221018;-0.8686178922653198;-0.49539870023727417;-7.494994206354022E-4;[];
109.7;MPIB3;54.17108677690089;8.903540979447314;-0.9354326128959656;-0.1873737871646881;-0.29970240592956543;[];
109.7;MPIB2;14.528995026035659;31.69999998807907;0.0012339301174506545;-0.513526976108551;0.8580232858657837;[];
109.7;MPIB1;5.467748982697003;2.4626599130506293;-0.8371899724006653;-0.5467707514762878;0.0081872483715415;[];
109.75;MPIB4;29.25756962238512;29.619921231540104;-0.8686178922653198;-0.49539870023727417;-7.494994206354022E-4;[];
109.75;MPIB3;54.110590340152385;8.881641660727155;-0.9427456855773926;-0.19245673716068268;-0.27231365442276;[];
109.75;MPIB2;14.528995026035659;31.69999998807907;0.0012339301174506545;-0.513526976108551;0.8580232858657837;[];
109.75;MPIB1;5.2576190757565655;2.4636182521871888;-0.8371899724006653;-0.5467707514762878;0.0081872483715415;[];
109.8;MPIB4;29.04483328398951;29.61983667087003;-0.8686178922653198;-0.49539870023727417;-7.494994206354022E-4;[];
109.8;MPIB3;54.07755928185111;8.869684631317114;-0.9473883509635925;-0.20016539096832275;-0.2497028261423111;[];
109.8;MPIB2;14.528995026035659;31.69999998807907;0.0012339301174506545;-0.513526976108551;0.8580232858657837;[];
109.8;MPIB1;5.044892829669607;2.4645765913237483;-0.8371899724006653;-0.5467707514762878;0.0081872483715415;[];
109.85;MPIB4;28.830679277000396;29.619752110199954;-0.8686178922653198;-0.49539870023727417;-7.494994206354022E-4;[];
109.85;MPIB3;54.07755928185111;8.869684631317114;-0.9503356218338013;-0.210393026471138;-0.22925424575805664;[];
109.85;MPIB2;14.531231185757747;31.797999888658524;0.0012339301174506545;-0.513526976108551;0.8580232858657837;[];
109.85;MPIB1;4.830748982243904;2.465534930460308;-0.8371899724006653;-0.5467707514762878;0.0081872483715415;[];
109.9;MPIB4;28.615751222869314;29.61966754952988;-0.8686178922653198;-0.49539870023727417;-7.494994206354022E-4;[];
109.9;MPIB3;54.07755928185111;8.869684631317114;-0.9547308087348938;-0.22573775053024292;-0.19362160563468933;[];
109.9;MPIB2;14.531362724564929;31.94950774116944;0.0012339301174506545;-0.513526976108551;0.8580232858657837;[];
109.9;MPIB1;4.615831124397346;2.4664932695968673;-0.8371899724006653;-0.5467707514762878;0.0081872483715415;[];
109.95;MPIB4;28.40040053894963;29.619582988859804;-0.8686178922653198;-0.49539870023727417;-7.494994206354022E-4;[];
109.95;MPIB3;54.04430072129696;8.85959150989325;-0.9576459527015686;-0.24864903092384338;-0.14505741000175476;[];
109.95;MPIB2;14.53149426337211;32.13023093882839;0.0012339301174506545;-0.513526976108551;0.8580232858657837;[];
109.95;MPIB1;4.400490656812053;2.467451608733427;-0.8371899724006653;-0.5467707514762878;0.0081872483715415;[];
110.0;MPIB4;28.18481909913857;29.61949842818973;-0.8686178922653198;-0.49539870023727417;-7.494994206354022E-4;[];
110.0;MPIB3;54.04430072129696;8.85959150989325;-0.9575018286705017;-0.25625601410865784;-0.13219532370567322;[];
110.0;MPIB2;14.531625802179292;32.326905716790975;0.0012339301174506545;-0.513526976108551;0.8580232858657837;[];
110.0;MPIB1;4.184919444282514;2.4684099478699864;-0.8371899724006653;-0.5467707514762878;0.0081872483715415;[];
110.05;MPIB4;27.969111666596177;29.619413867519654;-0.8686178922653198;-0.49539870023727417;-7.494994206354022E-4;[];
110.05;MPIB3;54.04430072129696;8.85959150989325;-0.9575018286705017;-0.25625601410865784;-0.13219532370567322;[];
110.05;MPIB2;14.531757340986474;32.53229005861098;0.0012339301174506545;-0.513526976108551;0.8580232858657837;[];
110.05;MPIB1;3.9692222449987185;2.469368287006546;-0.8371899724006653;-0.5467707514762878;0.0081872483715415;[];
110.1;MPIB4;27.753335442014492;29.61932930684958;-0.8686178922653198;-0.49539870023727417;-7.494994206354022E-4;[];
110.1;MPIB3;54.04430072129696;8.85959150989325;-0.9575018286705017;-0.25625601410865784;-0.13219532370567322;[];
110.1;MPIB2;14.531888879793655;32.74242982284949;0.0012339301174506545;-0.513526976108551;0.8580232858657837;[];
110.1;MPIB1;3.7534562569392165;2.4703266261431054;-0.8371899724006653;-0.5467707514762878;0.0081872483715415;[];
110.15;MPIB4;27.537521656974988;29.619244746179504;-0.8686178922653198;-0.49539870023727417;-7.494994206354022E-4;[];
110.15;MPIB3;54.04430072129696;8.85959150989325;-0.958173394203186;-0.25625601410865784;-0.12723639607429504;[];
110.15;MPIB2;14.532020418600837;32.955166048030094;0.0012339301174506545;-0.513526976108551;0.8580232858657837;[];
110.15;MPIB1;3.5376527102037016;2.471284965279665;-0.8371899724006653;-0.5467707514762878;0.0081872483715415;[];
110.2;MPIB4;27.321687363923136;29.61916018550943;-0.8686178922653198;-0.49539870023727417;-7.494994206354022E-4;[];
110.2;MPIB3;54.04430072129696;8.85959150989325;-0.958173394203186;-0.25625601410865784;-0.12723639607429504;[];
110.2;MPIB2;14.532151957408018;33.169319941049736;0.0012339301174506545;-0.513526976108551;0.8580232858657837;[];
110.2;MPIB1;3.3218286564288064;2.4722433044162244;-0.8371899724006653;-0.5467707514762878;0.0081872483715415;[];
110.25;MPIB4;27.321687363923136;29.61916018550943;-0.8686178922653198;-0.49539870023727417;-7.494994206354022E-4;[];
110.25;MPIB3;54.04430072129696;8.85959150989325;-0.958173394203186;-0.25625601410865784;-0.12723639607429504;[];
110.25;MPIB2;14.5322834962152;33.38424788079942;0.0012339301174506545;-0.513526976108551;0.8580232858657837;[];
110.25;MPIB1;3.3218286564288064;2.4722433044162244;-0.8313766121864319;-0.5555702447891235;0.008130397647619247;[];
110.3;MPIB4;27.321687363923136;29.61916018550943;-0.8686178922653198;-0.49539870023727417;-7.494994206354022E-4;[];
110.3;MPIB3;54.04430072129696;8.85959150989325;-0.958173394203186;-0.25625601410865784;-0.12723639607429504;[];
110.3;MPIB2;14.532415035022382;33.59959845011278;0.0012339301174506545;-0.513526976108551;0.8580232858657837;[];
110.3;MPIB1;3.3218286564288064;2.4722433044162244;-0.8255249261856079;-0.5642287731170654;0.00807317066937685;[];
110.35;MPIB4;27.321687363923136;29.61916018550943;-0.8686178922653198;-0.49539870023727417;-7.494994206354022E-4;[];
110.35;MPIB3;54.04430072129696;8.85959150989325;-0.958173394203186;-0.25625601410865784;-0.12723639607429504;[];
110.35;MPIB2;14.532546573829563;33.815179775194736;0.0012339301174506545;-0.513526976108551;0.8580232858657837;[];
110.35;MPIB1;3.3218286564288064;2.4722433044162244;-0.8240614533424377;-0.5663641095161438;0.008058859035372734;[];
110.4;MPIB4;27.321687363923136;29.61916018550943;-0.8686178922653198;-0.49539870023727417;-7.494994206354022E-4;[];
110.4;MPIB3;54.04430072129696;8.85959150989325;-0.958173394203186;-0.25625601410865784;-0.12723639607429504;[];
110.4;MPIB2;14.532678112636745;34.03088709294096;0.0012339301174506545;-0.513526976108551;0.8580232858657837;[];
110.4;MPIB1;3.3218286564288064;2.4722433044162244;-0.8195830583572388;-0.5728257298469543;0.008015062659978867;[];
110.45;MPIB4;27.321687363923136;29.61916018550943;-0.8686178922653198;-0.49539870023727417;-7.494994206354022E-4;[];
110.45;MPIB3;54.04430072129696;8.85959150989325;-0.958173394203186;-0.25625601410865784;-0.12723639607429504;[];
110.45;MPIB2;14.532809651443927;34.24666320268986;0.0012339301174506545;-0.513526976108551;0.8580232858657837;[];
110.45;MPIB1;3.3218286564288064;2.4722433044162244;-0.8180974125862122;-0.5749456286430359;0.008000534027814865;[];
110.5;MPIB4;27.321687363923136;29.61916018550943;-0.8686178922653198;-0.49539870023727417;-7.494994206354022E-4;[];
110.5;MPIB3;54.04430072129696;8.85959150989325;-0.958173394203186;-0.25625601410865784;-0.12723639607429504;[];
110.5;MPIB2;14.532941190251108;34.46247687287658;0.0012339301174506545;-0.513526976108551;0.8580232858657837;[];
110.5;MPIB1;3.3218286564288064;2.4722433044162244;-0.8165693283081055;-0.5771399736404419;0.005793380085378885;[];
110.55;MPIB4;27.321687363923136;29.61916018550943;-0.8686178922653198;-0.49539870023727417;-7.494994206354022E-4;[];
110.55;MPIB3;54.04430072129696;8.85959150989325;-0.958173394203186;-0.25625601410865784;-0.12723639607429504;[];
110.55;MPIB2;14.53307272905829;34.67831105106475;0.0012339301174506545;-0.513526976108551;0.8580232858657837;[];
110.55;MPIB1;3.3218286564288064;2.4722433044162244;-0.8135890960693359;-0.5813601613044739;0.0015600394690409303;[];
110.6;MPIB4;27.321687363923136;29.61916018550943;-0.8686178922653198;-0.49539870023727417;-7.494994206354022E-4;[];
110.6;MPIB3;54.04430072129696;8.85959150989325;-0.958173394203186;-0.25625601410865784;-0.12723639607429504;[];
110.6;MPIB2;14.53307272905829;34.67831105106475;0.0012339301174506545;-0.513526976108551;0.8580232858657837;[];
110.6;MPIB1;3.3218286564288064;2.4722433044162244;-0.8120684623718262;-0.5834643840789795;-0.004827134311199188;[];
110.65;MPIB4;27.321687363923136;29.61916018550943;-0.8686178922653198;-0.49539870023727417;-7.494994206354022E-4;[];
110.65;MPIB3;54.04430072129696;8.85959150989325;-0.958173394203186;-0.25625601410865784;-0.12723639607429504;[];
110.65;MPIB2;14.53307272905829;34.67831105106475;0.0012339301174506545;-0.513526976108551;0.8580232858657837;[];
110.65;MPIB1;3.3218286564288064;2.4722433044162244;-0.8074193596839905;-0.5898310542106628;-0.009057391434907913;[];
110.7;MPIB4;27.321687363923136;29.61916018550943;-0.8686178922653198;-0.49539870023727417;-7.494994206354022E-4;[];
110.7;MPIB3;54.04430072129696;8.85959150989325;-0.958173394203186;-0.25625601410865784;-0.12723639607429504;[];
110.7;MPIB2;14.53307272905829;34.67831105106475;0.0012339301174506545;-0.513526976108551;0.8580232858657837;[];
110.7;MPIB1;3.3218286564288064;2.4722433044162244;-0.8073603510856628;-0.5898310542106628;-0.013314817100763321;[];
110.75;MPIB4;27.321687363923136;29.61916018550943;-0.8686178922653198;-0.49539870023727417;-7.494994206354022E-4;[];
110.75;MPIB3;54.04430072129696;8.85959150989325;-0.958173394203186;-0.25625601410865784;-0.12723639607429504;[];
110.75;MPIB2;14.53307272905829;34.67831105106475;0.0012339301174506545;-0.513526976108551;0.8580232858657837;[];
110.75;MPIB1;3.3218286564288064;2.4722433044162244;-0.8073603510856628;-0.5898310542106628;-0.013314817100763321;[];
110.8;MPIB4;27.321687363923136;29.61916018550943;-0.8686178922653198;-0.49539870023727417;-7.494994206354022E-4;[];
110.8;MPIB3;54.04430072129696;8.85959150989325;-0.958173394203186;-0.25625601410865784;-0.12723639607429504;[];
110.8;MPIB2;14.53307272905829;34.67831105106475;0.0012339301174506545;-0.513526976108551;0.8580232858657837;[];
110.8;MPIB1;3.3218286564288064;2.4722433044162244;-0.8073603510856628;-0.5898310542106628;-0.013314817100763321;[];
110.85;MPIB4;27.321687363923136;29.61916018550943;-0.8686178922653198;-0.49539870023727417;-7.494994206354022E-4;[];
110.85;MPIB3;54.04430072129696;8.85959150989325;-0.958173394203186;-0.25625601410865784;-0.12723639607429504;[];
110.85;MPIB2;14.53307272905829;34.67831105106475;0.0012339301174506545;-0.513526976108551;0.8580232858657837;[];
110.85;MPIB1;3.3218286564288064;2.4722433044162244;-0.8073603510856628;-0.5898310542106628;-0.013314817100763321;[];
110.9;MPIB4;27.321687363923136;29.61916018550943;-0.8686178922653198;-0.49539870023727417;-7.494994206354022E-4;[];
110.9;MPIB3;54.04430072129696;8.85959150989325;-0.958173394203186;-0.25625601410865784;-0.12723639607429504;[];
110.9;MPIB2;14.53307272905829;34.67831105106475;0.0012339301174506545;-0.513526976108551;0.8580232858657837;[];
110.9;MPIB1;3.3218286564288064;2.4722433044162244;-0.8073603510856628;-0.5898310542106628;-0.013314817100763321;[];
110.95;MPIB4;27.321687363923136;29.61916018550943;-0.8686178922653198;-0.49539870023727417;-7.494994206354022E-4;[];
110.95;MPIB3;54.04430072129696;8.85959150989325;-0.958173394203186;-0.25625601410865784;-0.12723639607429504;[];
110.95;MPIB2;14.53307272905829;34.67831105106475;0.0012339301174506545;-0.513526976108551;0.8580232858657837;[];
110.95;MPIB1;3.3218286564288064;2.4722433044162244;-0.8057740926742554;-0.5919966697692871;-0.013288656249642372;[];
111.0;MPIB4;27.321687363923136;29.61916018550943;-0.8686178922653198;-0.49539870023727417;-7.494994206354022E-4;[];
111.0;MPIB3;54.04430072129696;8.85959150989325;-0.958173394203186;-0.25625601410865784;-0.12723639607429504;[];
111.0;MPIB2;14.53307272905829;34.67831105106475;0.0012339301174506545;-0.513526976108551;0.8580232858657837;[];
111.0;MPIB1;3.3218286564288064;2.4722433044162244;-0.8010951280593872;-0.5983143448829651;-0.013211492449045181;[];
111.05;MPIB4;27.321687363923136;29.61916018550943;-0.8686178922653198;-0.49539870023727417;-7.494994206354022E-4;[];
111.05;MPIB3;54.04430072129696;8.85959150989325;-0.958173394203186;-0.25625601410865784;-0.12723639607429504;[];
111.05;MPIB2;14.53307272905829;34.67831105106475;0.0012339301174506545;-0.513526976108551;0.8580232858657837;[];
111.05;MPIB1;3.3218286564288064;2.4722433044162244;-0.7995761632919312;-0.6003865003585815;-0.011039512231945992;[];
111.1;MPIB4;27.321687363923136;29.61916018550943;-0.8686178922653198;-0.49539870023727417;-7.494994206354022E-4;[];
111.1;MPIB3;54.04430072129696;8.85959150989325;-0.958173394203186;-0.25625601410865784;-0.12723639607429504;[];
111.1;MPIB2;14.53307272905829;34.67831105106475;0.0012339301174506545;-0.513526976108551;0.8580232858657837;[];
111.1;MPIB1;3.3218286564288064;2.4722433044162244;-0.7980193495750427;-0.6024546027183533;-0.011018017306923866;[];
111.15;MPIB4;27.321687363923136;29.61916018550943;-0.8686178922653198;-0.49539870023727417;-7.494994206354022E-4;[];
111.15;MPIB3;54.04430072129696;8.85959150989325;-0.958173394203186;-0.25625601410865784;-0.12723639607429504;[];
111.15;MPIB2;14.53307272905829;34.67831105106475;0.0012339301174506545;-0.513526976108551;0.8580232858657837;[];
111.15;MPIB1;3.3218286564288064;2.4722433044162244;-0.7900987267494202;-0.6128858327865601;-0.004696541000157595;[];
111.2;MPIB4;27.300000011920933;29.61746897210793;-0.8686178922653198;-0.49539870023727417;-7.494994206354022E-4;[];
111.2;MPIB3;54.04430072129696;8.85959150989325;-0.958173394203186;-0.25625601410865784;-0.12723639607429504;[];
111.2;MPIB2;14.53307272905829;34.67831105106475;0.0012339301174506545;-0.513526976108551;0.8580232858657837;[];
111.2;MPIB1;3.300000011920929;2.4613073362061186;-0.7869243025779724;-0.6169684529304504;-0.0026405996177345514;[];
111.25;MPIB4;27.300000011920933;29.61746897210793;-0.8686178922653198;-0.49539870023727417;-7.494994206354022E-4;[];
111.25;MPIB3;54.04430072129696;8.85959150989325;-0.958173394203186;-0.25625601410865784;-0.12723639607429504;[];
111.25;MPIB2;14.53307272905829;34.67831105106475;0.0012339301174506545;-0.513526976108551;0.8580232858657837;[];
111.25;MPIB1;3.300000011920929;2.4613073362061186;-0.7869272828102112;-0.6169684529304504;0.0015089159132912755;[];
111.3;MPIB4;27.300000011920933;29.61746897210793;-0.8686178922653198;-0.49539870023727417;-7.494994206354022E-4;[];
111.3;MPIB3;54.04430072129696;8.85959150989325;-0.958173394203186;-0.25625601410865784;-0.12723639607429504;[];
111.3;MPIB2;14.53307272905829;34.67831105106475;0.0012339301174506545;-0.513526976108551;0.8580232858657837;[];
111.3;MPIB1;3.300000011920929;2.4613073362061186;-0.7820338010787964;-0.6231363415718079;0.005548357963562012;[];
111.35;MPIB4;27.300000011920933;29.61746897210793;-0.8686178922653198;-0.49539870023727417;-7.494994206354022E-4;[];
111.35;MPIB3;54.04430072129696;8.85959150989325;-0.958173394203186;-0.25625601410865784;-0.12723639607429504;[];
111.35;MPIB2;14.53307272905829;34.67831105106475;0.0012339301174506545;-0.513526976108551;0.8580232858657837;[];
111.35;MPIB1;3.300000011920929;2.4613073362061186;-0.780340313911438;-0.6252336502075195;0.007631290704011917;[];
111.4;MPIB4;27.300000011920933;29.61746897210793;-0.8686178922653198;-0.49539870023727417;-7.494994206354022E-4;[];
111.4;MPIB3;54.04430072129696;8.85959150989325;-0.958173394203186;-0.25625601410865784;-0.12723639607429504;[];
111.4;MPIB2;14.53307272905829;34.67831105106475;0.0012339301174506545;-0.513526976108551;0.8580232858657837;[];
111.4;MPIB1;3.300000011920929;2.4613073362061186;-0.7803179621696472;-0.6252336502075195;0.00965124648064375;[];
111.45;MPIB4;27.300000011920933;29.61746897210793;-0.8686178922653198;-0.49539870023727417;-7.494994206354022E-4;[];
111.45;MPIB3;54.04430072129696;8.85959150989325;-0.958173394203186;-0.25625601410865784;-0.12723639607429504;[];
111.45;MPIB2;14.53307272905829;34.67831105106475;0.0012339301174506545;-0.513526976108551;0.8580232858657837;[];
111.45;MPIB1;3.300000011920929;2.4613073362061186;-0.7803179621696472;-0.6252336502075195;0.00965124648064375;[];
111.5;MPIB4;27.300000011920933;29.61746897210793;-0.8686178922653198;-0.49539870023727417;-7.494994206354022E-4;[];
111.5;MPIB3;54.04430072129696;8.85959150989325;-0.958173394203186;-0.25625601410865784;-0.12723639607429504;[];
111.5;MPIB2;14.53307272905829;34.67831105106475;0.0012339301174506545;-0.513526976108551;0.8580232858657837;[];
111.5;MPIB1;3.300000011920929;2.4613073362061186;-0.7803179621696472;-0.6252336502075195;0.00965124648064375;[];
111.55;MPIB4;27.300000011920933;29.61746897210793;-0.8686178922653198;-0.49539870023727417;-7.494994206354022E-4;[];
111.55;MPIB3;54.04430072129696;8.85959150989325;-0.958173394203186;-0.25625601410865784;-0.12723639607429504;[];
111.55;MPIB2;14.535703505201923;34.69999998807907;0.0012339301174506545;-0.513526976108551;0.8580232858657837;[];
111.55;MPIB1;3.300000011920929;2.4613073362061186;-0.7803179621696472;-0.6252336502075195;0.00965124648064375;[];
111.6;MPIB4;27.300000011920933;29.61746897210793;-0.8686178922653198;-0.49539870023727417;-7.494994206354022E-4;[];
111.6;MPIB3;54.04430072129696;8.85959150989325;-0.958173394203186;-0.25625601410865784;-0.12723639607429504;[];
111.6;MPIB2;14.535703505201923;34.69999998807907;0.0012339301174506545;-0.513526976108551;0.8580232858657837;[];
111.6;MPIB1;3.300000011920929;2.4613073362061186;-0.7803179621696472;-0.6252336502075195;0.00965124648064375;[];
111.65;MPIB4;27.300000011920933;29.61746897210793;-0.8686178922653198;-0.49539870023727417;-7.494994206354022E-4;[];
111.65;MPIB3;54.04430072129696;8.85959150989325;-0.958173394203186;-0.25625601410865784;-0.12723639607429504;[];
111.65;MPIB2;14.535703505201923;34.69999998807907;0.0012339301174506545;-0.513526976108551;0.8580232858657837;[];
111.65;MPIB1;3.300000011920929;2.4613073362061186;-0.7803179621696472;-0.6252336502075195;0.00965124648064375;[];
111.7;MPIB4;27.300000011920933;29.61746897210793;-0.8686178922653198;-0.49539870023727417;-7.494994206354022E-4;[];
111.7;MPIB3;54.04430072129696;8.85959150989325;-0.958173394203186;-0.25625601410865784;-0.12723639607429504;[];
111.7;MPIB2;14.535703505201923;34.69999998807907;0.0012339301174506545;-0.513526976108551;0.8580232858657837;[];
111.7;MPIB1;3.300000011920929;2.4613073362061186;-0.7803179621696472;-0.6252336502075195;0.00965124648064375;[];
111.75;MPIB4;27.300000011920933;29.61746897210793;-0.8686178922653198;-0.49539870023727417;-7.494994206354022E-4;[];
111.75;MPIB3;54.04430072129696;8.85959150989325;-0.958173394203186;-0.25625601410865784;-0.12723639607429504;[];
111.75;MPIB2;14.535703505201923;34.69999998807907;0.0012339301174506545;-0.513526976108551;0.8580232858657837;[];
111.75;MPIB1;3.300000011920929;2.4613073362061186;-0.7803179621696472;-0.6252336502075195;0.00965124648064375;[];
111.8;MPIB4;27.300000011920933;29.61746897210793;-0.8698927164077759;-0.49314841628074646;-0.0030024091247469187;[];
111.8;MPIB3;54.04430072129696;8.85959150989325;-0.958173394203186;-0.25625601410865784;-0.12723639607429504;[];
111.8;MPIB2;14.535703505201923;34.69999998807907;0.0012339301174506545;-0.513526976108551;0.8580232858657837;[];
111.8;MPIB1;3.300000011920929;2.4613073362061186;-0.7803179621696472;-0.6252336502075195;0.00965124648064375;[];
111.85;MPIB4;27.300000011920933;29.61746897210793;-0.8711553812026978;-0.4908948540687561;-0.005345409736037254;[];
111.85;MPIB3;54.04430072129696;8.85959150989325;-0.958173394203186;-0.25625601410865784;-0.12723639607429504;[];
111.85;MPIB2;14.535703505201923;34.69999998807907;0.0012339301174506545;-0.513526976108551;0.8580232858657837;[];
111.85;MPIB1;3.300000011920929;2.4613073362061186;-0.7803179621696472;-0.6252336502075195;0.00965124648064375;[];
111.9;MPIB4;27.300000011920933;29.61746897210793;-0.8711553812026978;-0.4908948540687561;-0.005345409736037254;[];
111.9;MPIB3;54.04430072129696;8.85959150989325;-0.958173394203186;-0.25625601410865784;-0.12723639607429504;[];
111.9;MPIB2;14.535703505201923;34.69999998807907;0.0012339301174506545;-0.513526976108551;0.8580232858657837;[];
111.9;MPIB1;3.300000011920929;2.4613073362061186;-0.7803179621696472;-0.6252336502075195;0.00965124648064375;[];
111.95;MPIB4;27.300000011920933;29.61746897210793;-0.8711553812026978;-0.4908948540687561;-0.005345409736037254;[];
111.95;MPIB3;54.04430072129696;8.85959150989325;-0.9571706056594849;-0.2612568736076355;-0.1245826929807663;[];
111.95;MPIB2;14.535703505201923;34.69999998807907;0.0012339301174506545;-0.513526976108551;0.8580232858657837;[];
111.95;MPIB1;3.300000011920929;2.4613073362061186;-0.7803179621696472;-0.6252336502075195;0.00965124648064375;[];
112.0;MPIB4;27.300000011920933;29.61746897210793;-0.8711553812026978;-0.4908948540687561;-0.005345409736037254;[];
112.0;MPIB3;54.04430072129696;8.85959150989325;-0.9571706056594849;-0.2612568736076355;-0.1245826929807663;[];
112.0;MPIB2;14.535703505201923;34.69999998807907;0.0012339301174506545;-0.513526976108551;0.8580232858657837;[];
112.0;MPIB1;3.300000011920929;2.4613073362061186;-0.7803179621696472;-0.6252336502075195;0.00965124648064375;[];
112.05;MPIB4;27.2020018696785;29.61319397953008;-0.8711553812026978;-0.4908948540687561;-0.005345409736037254;[];
112.05;MPIB3;54.04430072129696;8.85959150989325;-0.9571706056594849;-0.2612568736076355;-0.1245826929807663;[];
112.05;MPIB2;14.535703505201923;34.69999998807907;0.0012339301174506545;-0.513526976108551;0.8580232858657837;[];
112.05;MPIB1;3.20200751721859;2.4801169374195524;-0.7803179621696472;-0.6252336502075195;0.00965124648064375;[];
112.1;MPIB4;27.050496735556724;29.6125926629025;-0.8711553812026978;-0.4908948540687561;-0.005345409736037254;[];
112.1;MPIB3;54.04430072129696;8.85959150989325;-0.9571706056594849;-0.2612568736076355;-0.1245826929807663;[];
112.1;MPIB2;14.535703505201923;34.69999998807907;0.0012339301174506545;-0.513526976108551;0.8580232858657837;[];
112.1;MPIB1;3.0505111141942507;2.4813289430394434;-0.7803179621696472;-0.6252336502075195;0.00965124648064375;[];
112.15;MPIB4;26.869776780475448;29.61199134627492;-0.8711553812026978;-0.4908948540687561;-0.005345409736037254;[];
112.15;MPIB3;54.04430072129696;8.85959150989325;-0.9571706056594849;-0.2612568736076355;-0.1245826929807663;[];
112.15;MPIB2;14.535703505201923;34.69999998807907;0.0012339301174506545;-0.513526976108551;0.8580232858657837;[];
112.15;MPIB1;2.8698091585238217;2.4830482553161346;-0.7770102620124817;-0.6292657256126404;0.013633971102535725;[];
112.2;MPIB4;26.673105531297498;29.61139002964734;-0.8711553812026978;-0.4908948540687561;-0.005345409736037254;[];
112.2;MPIB3;54.04430072129696;8.85959150989325;-0.9571706056594849;-0.2612568736076355;-0.1245826929807663;[];
112.2;MPIB2;14.535703505201923;34.69999998807907;0.0012339301174506545;-0.513526976108551;0.8580232858657837;[];
112.2;MPIB1;2.6741860126844585;2.4972884159005844;-0.7688817977905273;-0.6292657256126404;0.1129230186343193;[];
112.25;MPIB4;26.673105531297498;29.61139002964734;-0.8711553812026978;-0.4908948540687561;-0.005345409736037254;[];
112.25;MPIB3;54.04430072129696;8.85959150989325;-0.9571706056594849;-0.2612568736076355;-0.1245826929807663;[];
112.25;MPIB2;14.535703505201923;34.69999998807907;0.0012339301174506545;-0.513526976108551;0.8580232858657837;[];
112.25;MPIB1;2.473611993976874;2.533565382928458;-0.7435370683670044;-0.6292657256126404;0.22601665556430817;[];
112.3;MPIB4;26.257588880669175;29.610187396392178;-0.8711553812026978;-0.4908948540687561;-0.005345409736037254;[];
112.3;MPIB3;54.04430072129696;8.85959150989325;-0.9571706056594849;-0.2612568736076355;-0.1245826929807663;[];
112.3;MPIB2;14.535703505201923;34.69999998807907;0.0012339301174506545;-0.513526976108551;0.8580232858657837;[];
112.3;MPIB1;2.3640985670422197;2.5533726092263294;-0.7142415046691895;-0.6292657256126404;0.3062514662742615;[];
112.35;MPIB4;26.257588880669175;29.610187396392178;-0.8711553812026978;-0.4908948540687561;-0.005345409736037254;[];
112.35;MPIB3;54.04430072129696;8.85959150989325;-0.9571706056594849;-0.2612568736076355;-0.1245826929807663;[];
112.35;MPIB2;14.535703505201923;34.69999998807907;0.0012339301174506545;-0.513526976108551;0.8580232858657837;[];
112.35;MPIB1;2.304304228990759;2.5641873560411454;-0.6525087356567383;-0.61492919921875;0.44272053241729736;[];
112.4;MPIB4;25.83070642183075;29.608984763137016;-0.8711553812026978;-0.4908948540687561;-0.005345409736037254;[];
112.4;MPIB3;54.04430072129696;8.85959150989325;-0.9571706056594849;-0.2612568736076355;-0.1245826929807663;[];
112.4;MPIB2;14.53793966492401;34.797999888658524;0.0012339301174506545;-0.513526976108551;0.8580232858657837;[];
112.4;MPIB1;2.2716565166224427;2.5700922084878925;-0.4344235956668854;-0.5771399736404419;0.6914442777633667;[];
112.45;MPIB4;25.615782338368177;29.608383446509436;-0.8711553812026978;-0.4908948540687561;-0.005345409736037254;[];
112.45;MPIB3;54.04430072129696;8.85959150989325;-0.9571706056594849;-0.2612568736076355;-0.1245826929807663;[];
112.45;MPIB2;14.538071203731192;34.94950774116944;0.0012339301174506545;-0.513526976108551;0.8580232858657837;[];
112.45;MPIB1;2.2716565166224427;2.5700922084878925;-0.09209074079990387;-0.5202569365501404;0.8489798903465271;[];
112.5;MPIB4;25.400435632924836;29.607782129881855;-0.8711553812026978;-0.4908948540687561;-0.005345409736037254;[];
112.5;MPIB3;54.04430072129696;8.85959150989325;-0.9571706056594849;-0.2612568736076355;-0.1245826929807663;[];
112.5;MPIB2;14.538202742538374;35.13023093882839;0.0012339301174506545;-0.513526976108551;0.8580232858657837;[];
112.5;MPIB1;2.2406881300694295;2.6712569044102565;-0.030132384970784187;-0.49997231364250183;0.8654690384864807;[];
112.55;MPIB4;25.184858175853194;29.607180813254274;-0.8711553812026978;-0.4908948540687561;-0.005345409736037254;[];
112.55;MPIB3;54.04430072129696;8.85959150989325;-0.9571706056594849;-0.2612568736076355;-0.1245826929807663;[];
112.55;MPIB2;14.538334281345556;35.326905716790975;0.0012339301174506545;-0.513526976108551;0.8580232858657837;[];
112.55;MPIB1;2.233437031684616;2.8227324635828097;-6.701566744595766E-4;-0.48629406094551086;0.8737483620643616;[];
112.6;MPIB4;24.969154728377866;29.606579496626694;-0.8711553812026978;-0.4908948540687561;-0.005345409736037254;[];
112.6;MPIB3;54.04430072129696;8.85959150989325;-0.9571706056594849;-0.2612568736076355;-0.1245826929807663;[];
112.6;MPIB2;14.538465820152737;35.53229005861098;0.0012339301174506545;-0.513526976108551;0.8580232858657837;[];
112.6;MPIB1;2.241427549853597;3.002705704059508;0.10872533172369003;-0.4539734125137329;0.8843129873275757;[];
112.65;MPIB4;24.753382490134133;29.605978179999113;-0.8711553812026978;-0.4908948540687561;-0.005345409736037254;[];
112.65;MPIB3;54.04430072129696;8.85959150989325;-0.9571706056594849;-0.2612568736076355;-0.1245826929807663;[];
112.65;MPIB2;14.538597358959919;35.74242982284949;0.0012339301174506545;-0.513526976108551;0.8580232858657837;[];
112.65;MPIB1;2.2638206404894845;3.1972964575615492;0.16572564840316772;-0.4351666569709778;0.8849236369132996;[];
112.7;MPIB4;24.53757269212649;29.605376863371532;-0.8711553812026978;-0.4908948540687561;-0.005345409736037254;[];
112.7;MPIB3;54.04430072129696;8.85959150989325;-0.9571706056594849;-0.2612568736076355;-0.1245826929807663;[];
112.7;MPIB2;14.5387288977671;35.955166048030094;0.0012339301174506545;-0.513526976108551;0.8580232858657837;[];
112.7;MPIB1;2.2940775366055277;3.3998683741024536;0.16572564840316772;-0.4351666569709778;0.8849236369132996;[];
112.75;MPIB4;24.32174238648537;29.60477554674395;-0.8711553812026978;-0.4908948540687561;-0.005345409736037254;[];
112.75;MPIB3;54.04430072129696;8.85959150989325;-0.9571706056594849;-0.2612568736076355;-0.1245826929807663;[];
112.75;MPIB2;14.538860436574282;36.169319941049736;0.0012339301174506545;-0.513526976108551;0.8580232858657837;[];
112.75;MPIB1;2.328628071012645;3.606798006168731;0.16593249142169952;-0.43283456563949585;0.8860281109809875;[];
112.8;MPIB4;24.32174238648537;29.60477554674395;-0.8711553812026978;-0.4908948540687561;-0.005345409736037254;[];
112.8;MPIB3;54.04430072129696;8.85959150989325;-0.9571706056594849;-0.2612568736076355;-0.1245826929807663;[];
112.8;MPIB2;14.538991975381464;36.38424788079942;0.0012339301174506545;-0.513526976108551;0.8580232858657837;[];
112.8;MPIB1;2.364765094530867;3.816245800208236;0.1595570594072342;-0.42573419213294983;0.890627920627594;[];
112.85;MPIB4;24.32174238648537;29.60477554674395;-0.8711553812026978;-0.4908948540687561;-0.005345409736037254;[];
112.85;MPIB3;54.04430072129696;8.85959150989325;-0.9571706056594849;-0.2612568736076355;-0.1245826929807663;[];
112.85;MPIB2;14.539123514188645;36.59959845011278;0.0012339301174506545;-0.513526976108551;0.8580232858657837;[];
112.85;MPIB1;2.400759323975308;4.0272438379074345;0.15042375028133392;-0.4233904778957367;0.8933306336402893;[];
112.9;MPIB4;24.32174238648537;29.60477554674395;-0.8711553812026978;-0.4908948540687561;-0.005345409736037254;[];
112.9;MPIB3;54.04430072129696;8.85959150989325;-0.9571706056594849;-0.2612568736076355;-0.1245826929807663;[];
112.9;MPIB2;14.539255052995827;36.815179775194736;0.0012339301174506545;-0.513526976108551;0.8580232858657837;[];
112.9;MPIB1;2.436165768830506;4.2391727685247815;0.14571110904216766;-0.4233904778957367;0.8941113948822021;[];
112.95;MPIB4;24.32174238648537;29.60477554674395;-0.8711553812026978;-0.4908948540687561;-0.005345409736037254;[];
112.95;MPIB3;54.04430072129696;8.85959150989325;-0.9578382968902588;-0.2587572932243347;-0.12466958910226822;[];
112.95;MPIB2;14.539386591803009;37.03088709294096;0.0012339301174506545;-0.513526976108551;0.8580232858657837;[];
112.95;MPIB1;2.471000848759786;4.4516504457388635;0.14339612424373627;-0.4233904778957367;0.894485592842102;[];
113.0;MPIB4;24.32174238648537;29.60477554674395;-0.8711553812026978;-0.4908948540687561;-0.005345409736037254;[];
113.0;MPIB3;54.04430072129696;8.85959150989325;-0.9578382968902588;-0.2587572932243347;-0.12466958910226822;[];
113.0;MPIB2;14.53951813061019;37.24666320268986;0.0012339301174506545;-0.513526976108551;0.8580232858657837;[];
113.0;MPIB1;2.5047627515534714;4.664546702049961;0.1344701051712036;-0.44926875829696655;0.8831751942634583;[];
113.05;MPIB4;24.32174238648537;29.60477554674395;-0.8711553812026978;-0.4908948540687561;-0.005345409736037254;[];
113.05;MPIB3;54.04430072129696;8.85959150989325;-0.9578382968902588;-0.2587572932243347;-0.12466958910226822;[];
113.05;MPIB2;14.539649669417372;37.46247687287658;0.0012339301174506545;-0.513526976108551;0.8580232858657837;[];
113.05;MPIB1;2.5359106869148036;4.699999988079071;0.11409167945384979;-0.4771362841129303;0.8713458776473999;[];
113.1;MPIB4;24.32174238648537;29.60477554674395;-0.8711553812026978;-0.4908948540687561;-0.005345409736037254;[];
113.1;MPIB3;54.04430072129696;8.85959150989325;-0.9578382968902588;-0.2587572932243347;-0.12466958910226822;[];
113.1;MPIB2;14.539781208224554;37.67831105106475;0.0012339301174506545;-0.513526976108551;0.8580232858657837;[];
113.1;MPIB1;2.5359106869148036;4.699999988079071;0.10693507641553879;-0.4816797375679016;0.8697519898414612;[];
113.15;MPIB4;24.32174238648537;29.60477554674395;-0.8711553812026978;-0.4908948540687561;-0.005345409736037254;[];
113.15;MPIB3;54.04430072129696;8.85959150989325;-0.9578382968902588;-0.2587572932243347;-0.12466958910226822;[];
113.15;MPIB2;14.539781208224554;37.67831105106475;0.0012339301174506545;-0.513526976108551;0.8580232858657837;[];
113.15;MPIB1;2.5916004382029314;4.699999988079071;0.09733126312494278;-0.48855432868003845;0.8670406937599182;[];
113.2;MPIB4;24.32174238648537;29.60477554674395;-0.8711553812026978;-0.4908948540687561;-0.005345409736037254;[];
113.2;MPIB3;54.04430072129696;8.85959150989325;-0.9578382968902588;-0.2587572932243347;-0.12466958910226822;[];
113.2;MPIB2;14.539781208224554;37.67831105106475;0.0012339301174506545;-0.513526976108551;0.8580232858657837;[];
113.2;MPIB1;2.5916004382029314;4.699999988079071;0.08813230693340302;-0.4908948540687561;0.8667023777961731;[];
113.25;MPIB4;24.32174238648537;29.60477554674395;-0.8711553812026978;-0.4908948540687561;-0.005345409736037254;[];
113.25;MPIB3;54.04430072129696;8.85959150989325;-0.9578382968902588;-0.2587572932243347;-0.12466958910226822;[];
113.25;MPIB2;14.539781208224554;37.67831105106475;0.0012339301174506545;-0.513526976108551;0.8580232858657837;[];
113.25;MPIB1;2.629479389142716;4.699999988079071;0.08563672006130219;-0.49539870023727417;0.8643864393234253;[];
113.3;MPIB4;24.32174238648537;29.60477554674395;-0.8711553812026978;-0.4908948540687561;-0.005345409736037254;[];
113.3;MPIB3;54.04430072129696;8.85959150989325;-0.9578382968902588;-0.2587572932243347;-0.12466958910226822;[];
113.3;MPIB2;14.539781208224554;37.67831105106475;0.0012339301174506545;-0.513526976108551;0.8580232858657837;[];
113.3;MPIB1;2.629479389142716;4.699999988079071;0.08563672006130219;-0.49539870023727417;0.8643864393234253;[];
113.35;MPIB4;24.32174238648537;29.60477554674395;-0.8711553812026978;-0.4908948540687561;-0.005345409736037254;[];
113.35;MPIB3;54.04430072129696;8.85959150989325;-0.9578382968902588;-0.2587572932243347;-0.12466958910226822;[];
113.35;MPIB2;14.539781208224554;37.67831105106475;0.0012339301174506545;-0.513526976108551;0.8580232858657837;[];
113.35;MPIB1;2.629479389142716;4.699999988079071;0.08563672006130219;-0.49539870023727417;0.8643864393234253;[];
113.4;MPIB4;24.32174238648537;29.60477554674395;-0.8711553812026978;-0.4908948540687561;-0.005345409736037254;[];
113.4;MPIB3;54.04430072129696;8.85959150989325;-0.9578382968902588;-0.2587572932243347;-0.12466958910226822;[];
113.4;MPIB2;14.539781208224554;37.67831105106475;0.0012339301174506545;-0.513526976108551;0.8580232858657837;[];
113.4;MPIB1;2.629479389142716;4.699999988079071;0.08563672006130219;-0.49539870023727417;0.8643864393234253;[];
113.45;MPIB4;24.32174238648537;29.60477554674395;-0.8711553812026978;-0.4908948540687561;-0.005345409736037254;[];
113.45;MPIB3;53.94712043673724;8.846942791461657;-0.9611036777496338;-0.24614089727401733;-0.12509460747241974;[];
113.45;MPIB2;14.539781208224554;37.67831105106475;0.0012339301174506545;-0.513526976108551;0.8580232858657837;[];
113.45;MPIB1;2.629479389142716;4.699999988079071;0.07883863151073456;-0.49539870023727417;0.865032970905304;[];
113.5;MPIB4;24.32174238648537;29.60477554674395;-0.8711553812026978;-0.4908948540687561;-0.005345409736037254;[];
113.5;MPIB3;53.796846101075744;8.827648795022043;-0.9633265733718872;-0.23851358890533447;-0.1227550134062767;[];
113.5;MPIB2;14.539781208224554;37.67831105106475;0.0012339301174506545;-0.513526976108551;0.8580232858657837;[];
113.5;MPIB1;2.629479389142716;4.699999988079071;0.060743119567632675;-0.49539870023727417;0.8664916753768921;[];
113.55;MPIB4;24.32174238648537;29.60477554674395;-0.8711553812026978;-0.4908948540687561;-0.005345409736037254;[];
113.55;MPIB3;53.617582410145474;8.804726476368614;-0.9645612835884094;-0.23338942229747772;-0.12291234731674194;[];
113.55;MPIB2;14.539781208224554;37.67831105106475;0.0012339301174506545;-0.513526976108551;0.8580232858657837;[];
113.55;MPIB1;2.629479389142716;4.699999988079071;0.04471481591463089;-0.4977288246154785;0.8661314845085144;[];
113.6;MPIB4;24.32174238648537;29.60477554674395;-0.8711553812026978;-0.4908948540687561;-0.005345409736037254;[];
113.6;MPIB3;53.422490529399965;8.779823093556331;-0.9651575684547424;-0.2308715432882309;-0.12298832833766937;[];
113.6;MPIB2;14.539781208224554;37.67831105106475;0.0012339301174506545;-0.513526976108551;0.8580232858657837;[];
113.6;MPIB1;2.629479389142716;4.699999988079071;0.0356612503528595;-0.4977288246154785;0.8665514588356018;[];
113.65;MPIB4;24.32174238648537;29.60477554674395;-0.8711553812026978;-0.4908948540687561;-0.005345409736037254;[];
113.65;MPIB3;53.21875645601153;8.75383804958767;-0.9651575684547424;-0.2308715432882309;-0.12298832833766937;[];
113.65;MPIB2;14.539781208224554;37.67831105106475;0.0012339301174506545;-0.513526976108551;0.8580232858657837;[];
113.65;MPIB1;2.629479389142716;4.699999988079071;0.031174497678875923;-0.4977288246154785;0.8667244911193848;[];
113.7;MPIB4;24.32174238648537;29.60477554674395;-0.8711553812026978;-0.4908948540687561;-0.005345409736037254;[];
113.7;MPIB3;53.010303744891985;8.727262418559036;-0.9651575684547424;-0.2308715432882309;-0.12298832833766937;[];
113.7;MPIB2;14.539781208224554;37.67831105106475;0.0012339301174506545;-0.513526976108551;0.8580232858657837;[];
113.7;MPIB1;2.629479389142716;4.699999988079071;0.02660379558801651;-0.4977288246154785;0.8668768405914307;[];
113.75;MPIB4;24.300000011920933;29.592749214192338;-0.8711553812026978;-0.4908948540687561;-0.005345409736037254;[];
113.75;MPIB3;52.799242917798665;8.700616015021325;-0.9660844802856445;-0.22825877368450165;-0.12056587636470795;[];
113.75;MPIB2;14.539781208224554;37.67831105106475;0.0012339301174506545;-0.513526976108551;0.8580232858657837;[];
113.75;MPIB1;2.629479389142716;4.699999988079071;0.02660379558801651;-0.4977288246154785;0.8668768405914307;[];
113.8;MPIB4;24.300000011920933;29.592749214192338;-0.8711553812026978;-0.4908948540687561;-0.005345409736037254;[];
113.8;MPIB3;52.586726975396004;8.674182739708726;-0.9663933515548706;-0.22825877368450165;-0.11806467920541763;[];
113.8;MPIB2;14.539781208224554;37.67831105106475;0.0012339301174506545;-0.513526976108551;0.8580232858657837;[];
113.8;MPIB1;2.629479389142716;4.699999988079071;0.02660379558801651;-0.4977288246154785;0.8668768405914307;[];
113.85;MPIB4;24.300000011920933;29.592749214192338;-0.8711553812026978;-0.4908948540687561;-0.005345409736037254;[];
113.85;MPIB3;52.37329661539684;8.648892365964599;-0.9687466025352478;-0.2232152223587036;-0.1079961359500885;[];
113.85;MPIB2;14.539781208224554;37.67831105106475;0.0012339301174506545;-0.513526976108551;0.8580232858657837;[];
113.85;MPIB1;2.629479389142716;4.699999988079071;0.02660379558801651;-0.4977288246154785;0.8668768405914307;[];
113.9;MPIB4;24.300000011920933;29.592749214192338;-0.8711553812026978;-0.4908948540687561;-0.005345409736037254;[];
113.9;MPIB3;52.15923369244513;8.625496842524;-0.9700723886489868;-0.2232152223587036;-0.09535598754882812;[];
113.9;MPIB2;14.539781208224554;37.67831105106475;0.0012339301174506545;-0.513526976108551;0.8580232858657837;[];
113.9;MPIB1;2.629479389142716;4.699999988079071;0.02660379558801651;-0.4977288246154785;0.8668768405914307;[];
113.95;MPIB4;24.300000011920933;29.592749214192338;-0.8711553812026978;-0.4908948540687561;-0.005345409736037254;[];
113.95;MPIB3;51.94439917216755;8.60979188527537;-0.9748862385749817;-0.22069120407104492;-0.02917010709643364;[];
113.95;MPIB2;14.539781208224554;37.67831105106475;0.0012339301174506545;-0.513526976108551;0.8580232858657837;[];
113.95;MPIB1;2.629479389142716;4.699999988079071;0.02660379558801651;-0.4977288246154785;0.8668768405914307;[];
114.0;MPIB4;24.300000011920933;29.592749214192338;-0.8711553812026978;-0.4908948540687561;-0.005345409736037254;[];
114.0;MPIB3;51.72935479227738;8.608285743902627;-0.9727820158004761;-0.22069120407104492;0.0703502893447876;[];
114.0;MPIB2;14.539781208224554;37.67831105106475;0.0012339301174506545;-0.513526976108551;0.8580232858657837;[];
114.0;MPIB1;2.629479389142716;4.699999988079071;0.02660379558801651;-0.4977288246154785;0.8668768405914307;[];
114.05;MPIB4;24.300000011920933;29.592749214192338;-0.8711553812026978;-0.4908948540687561;-0.005345409736037254;[];
114.05;MPIB3;51.51546972929577;8.625530425618592;-0.9606838226318359;-0.21807213127613068;0.17172743380069733;[];
114.05;MPIB2;14.539781208224554;37.67831105106475;0.0012339301174506545;-0.513526976108551;0.8580232858657837;[];
114.05;MPIB1;2.629479389142716;4.699999988079071;0.02660379558801651;-0.4977288246154785;0.8668768405914307;[];
114.1;MPIB4;24.300000011920933;29.592749214192338;-0.8711553812026978;-0.4908948540687561;-0.005345409736037254;[];
114.1;MPIB3;51.30413394274933;8.66070333942909;-0.9416007995605469;-0.21807213127613068;0.25649866461753845;[];
114.1;MPIB2;14.542411984368186;37.69999998807907;0.0012339301174506545;-0.513526976108551;0.8580232858657837;[];
114.1;MPIB1;2.629479389142716;4.699999988079071;0.02660379558801651;-0.4977288246154785;0.8668768405914307;[];
114.15;MPIB4;24.300000011920933;29.592749214192338;-0.8711553812026978;-0.4908948540687561;-0.005345409736037254;[];
114.15;MPIB3;51.18874458989217;8.679907752600286;-0.9125698208808899;-0.22573775053024292;0.3409055769443512;[];
114.15;MPIB2;14.542411984368186;37.69999998807907;0.0012339301174506545;-0.513526976108551;0.8580232858657837;[];
114.15;MPIB1;2.629479389142716;4.699999988079071;0.02660379558801651;-0.4977288246154785;0.8668768405914307;[];
114.2;MPIB4;24.300000011920933;29.592749214192338;-0.8711553812026978;-0.4908948540687561;-0.005345409736037254;[];
114.2;MPIB3;51.12574199591427;8.690393363409697;-0.88495934009552;-0.24102666974067688;0.3983820378780365;[];
114.2;MPIB2;14.542411984368186;37.69999998807907;0.0012339301174506545;-0.513526976108551;0.8580232858657837;[];
114.2;MPIB1;2.629479389142716;4.699999988079071;0.01521565206348896;-0.4977288246154785;0.8671514987945557;[];
114.25;MPIB4;24.300000011920933;29.592749214192338;-0.8711553812026978;-0.4908948540687561;-0.005345409736037254;[];
114.25;MPIB3;51.091342575606745;8.696118507576614;-0.8719128370285034;-0.2511554956436157;0.4202883839607239;[];
114.25;MPIB2;14.542411984368186;37.69999998807907;0.0012339301174506545;-0.513526976108551;0.8580232858657837;[];
114.25;MPIB1;2.6464181225712764;4.699999988079071;0.01521565206348896;-0.4977288246154785;0.8671514987945557;[];
114.3;MPIB4;24.300000011920933;29.592749214192338;-0.8711553812026978;-0.4908948540687561;-0.005345409736037254;[];
114.3;MPIB3;51.091342575606745;8.696118507576614;-0.8576661348342896;-0.25375300645828247;0.4471813440322876;[];
114.3;MPIB2;14.542411984368186;37.69999998807907;0.0012339301174506545;-0.513526976108551;0.8580232858657837;[];
114.3;MPIB1;2.6464181225712764;4.699999988079071;0.01521565206348896;-0.4977288246154785;0.8671514987945557;[];
114.35;MPIB4;24.300000011920933;29.592749214192338;-0.8711553812026978;-0.4908948540687561;-0.005345409736037254;[];
114.35;MPIB3;51.091342575606745;8.696118507576614;-0.8377689719200134;-0.2663431465625763;0.47660815715789795;[];
114.35;MPIB2;14.542411984368186;37.69999998807907;0.0012339301174506545;-0.513526976108551;0.8580232858657837;[];
114.35;MPIB1;2.6464181225712764;4.699999988079071;0.01521565206348896;-0.4977288246154785;0.8671514987945557;[];
114.4;MPIB4;24.300000011920933;29.592749214192338;-0.8711553812026978;-0.4908948540687561;-0.005345409736037254;[];
114.4;MPIB3;51.05670622841831;8.699244436654851;-0.8127129077911377;-0.2789800465106964;0.5114846229553223;[];
114.4;MPIB2;14.542411984368186;37.69999998807907;0.0012339301174506545;-0.513526976108551;0.8580232858657837;[];
114.4;MPIB1;2.6464181225712764;4.699999988079071;0.01521565206348896;-0.4977288246154785;0.8671514987945557;[];
114.45;MPIB4;24.300000011920933;29.592749214192338;-0.8711553812026978;-0.4908948540687561;-0.005345409736037254;[];
114.45;MPIB3;51.05670622841831;8.699244436654851;-0.8011893630027771;-0.28146493434906006;0.5280352830886841;[];
114.45;MPIB2;14.542411984368186;37.69999998807907;0.0012339301174506545;-0.513526976108551;0.8580232858657837;[];
114.45;MPIB1;2.6464181225712764;4.699999988079071;0.01521565206348896;-0.4977288246154785;0.8671514987945557;[];
114.5;MPIB4;24.300000011920933;29.592749214192338;-0.8711553812026978;-0.4908948540687561;-0.005345409736037254;[];
114.5;MPIB3;51.05670622841831;8.699244436654851;-0.7956276535987854;-0.28146493434906006;0.5363789200782776;[];
114.5;MPIB2;14.542411984368186;37.69999998807907;0.0012339301174506545;-0.513526976108551;0.8580232858657837;[];
114.5;MPIB1;2.6464181225712764;4.699999988079071;0.01521565206348896;-0.4977288246154785;0.8671514987945557;[];
114.55;MPIB4;24.300000011920933;29.592749214192338;-0.8711553812026978;-0.4908948540687561;-0.005345409736037254;[];
114.55;MPIB3;51.05670622841831;8.699244436654851;-0.7956276535987854;-0.28146493434906006;0.5363789200782776;[];
114.55;MPIB2;14.542411984368186;37.69999998807907;0.0012339301174506545;-0.513526976108551;0.8580232858657837;[];
114.55;MPIB1;2.6464181225712764;4.699999988079071;0.01521565206348896;-0.4977288246154785;0.8671514987945557;[];
114.6;MPIB4;24.2020018696785;29.582526831523467;-0.8711553812026978;-0.4908948540687561;-0.005345409736037254;[];
114.6;MPIB3;51.05670622841831;8.699244436654851;-0.7956276535987854;-0.28146493434906006;0.5363789200782776;[];
114.6;MPIB2;14.542411984368186;37.69999998807907;0.0012339301174506545;-0.513526976108551;0.8580232858657837;[];
114.6;MPIB1;2.6464181225712764;4.699999988079071;0.003902212716639042;-0.49997231364250183;0.8659846782684326;[];
114.65;MPIB4;24.050496735556724;29.581925514895886;-0.8711553812026978;-0.4908948540687561;-0.005345409736037254;[];
114.65;MPIB3;51.05670622841831;8.699244436654851;-0.7956276535987854;-0.28146493434906006;0.5363789200782776;[];
114.65;MPIB2;14.542411984368186;37.69999998807907;0.0012339301174506545;-0.513526976108551;0.8580232858657837;[];
114.65;MPIB1;2.6464181225712764;4.699999988079071;0.0016605205601081252;-0.49997231364250183;0.8659918308258057;[];
114.7;MPIB4;23.869776780475448;29.581324198268305;-0.8711553812026978;-0.4908948540687561;-0.005345409736037254;[];
114.7;MPIB3;51.05670622841831;8.699244436654851;-0.7956276535987854;-0.28146493434906006;0.5363789200782776;[];
114.7;MPIB2;14.542411984368186;37.69999998807907;0.0012339301174506545;-0.513526976108551;0.8580232858657837;[];
114.7;MPIB1;2.656959499461891;4.7979994267225266;-0.002905907342210412;-0.49997231364250183;0.8659886121749878;[];
114.75;MPIB4;23.673105531297498;29.580722881640725;-0.8711553812026978;-0.4908948540687561;-0.005345409736037254;[];
114.75;MPIB3;51.05670622841831;8.699244436654851;-0.7956276535987854;-0.28146493434906006;0.5363789200782776;[];
114.75;MPIB2;14.542411984368186;37.69999998807907;0.0012339301174506545;-0.513526976108551;0.8580232858657837;[];
114.75;MPIB1;2.6563769737224447;4.949505387888621;-0.005147587042301893;-0.49997231364250183;0.8659781813621521;[];
114.8;MPIB4;23.467724874531143;29.580121565013144;-0.8711553812026978;-0.4908948540687561;-0.005345409736037254;[];
114.8;MPIB3;51.05670622841831;8.699244436654851;-0.7956276535987854;-0.28146493434906006;0.5363789200782776;[];
114.8;MPIB2;14.542411984368186;37.69999998807907;0.0012339301174506545;-0.513526976108551;0.8580232858657837;[];
114.8;MPIB1;2.6555313773535545;5.1302239914956544;-0.007472254801541567;-0.49997231364250183;0.8659611940383911;[];
114.85;MPIB4;23.467724874531143;29.580121565013144;-0.8711553812026978;-0.4908948540687561;-0.005345409736037254;[];
114.85;MPIB3;51.05670622841831;8.699244436654851;-0.7956276535987854;-0.28146493434906006;0.5363789200782776;[];
114.85;MPIB2;14.542411984368186;37.69999998807907;0.0012339301174506545;-0.513526976108551;0.8580232858657837;[];
114.85;MPIB1;2.6546857809846642;5.326892699728063;-0.007472254801541567;-0.49997231364250183;0.8659611940383911;[];
114.9;MPIB4;23.044856472451425;29.578918931757983;-0.8711553812026978;-0.4908948540687561;-0.005345409736037254;[];
114.9;MPIB3;51.05670622841831;8.699244436654851;-0.7956276535987854;-0.28146493434906006;0.5363789200782776;[];
114.9;MPIB2;14.542411984368186;37.69999998807907;0.0012339301174506545;-0.513526976108551;0.8580232858657837;[];
114.9;MPIB1;2.653840184615774;5.532270166097504;-0.007472254801541567;-0.49997231364250183;0.8659611940383911;[];
114.95;MPIB4;23.044856472451425;29.578918931757983;-0.8711553812026978;-0.4908948540687561;-0.005345409736037254;[];
114.95;MPIB3;51.05670622841831;8.699244436654851;-0.7956276535987854;-0.28146493434906006;0.5363789200782776;[];
114.95;MPIB2;14.544648144090274;37.797999888658524;0.0012339301174506545;-0.513526976108551;0.8580232858657837;[];
114.95;MPIB1;2.6529945882468837;5.742402614962032;-0.007472254801541567;-0.49997231364250183;0.8659611940383911;[];
115.0;MPIB4;22.615782338368177;29.57771629850282;-0.8711553812026978;-0.4908948540687561;-0.005345409736037254;[];
115.0;MPIB3;51.05670622841831;8.699244436654851;-0.7956276535987854;-0.28146493434906006;0.5363789200782776;[];
115.0;MPIB2;14.544779682897456;37.94950774116944;0.0012339301174506545;-0.513526976108551;0.8580232858657837;[];
115.0;MPIB1;2.6521489918779935;5.955131284570456;-0.007472254801541567;-0.49997231364250183;0.8659611940383911;[];
115.05;MPIB4;22.400435632924836;29.57711498187524;-0.8711553812026978;-0.4908948540687561;-0.005345409736037254;[];
115.05;MPIB3;51.05670622841831;8.699244436654851;-0.7956276535987854;-0.28146493434906006;0.5363789200782776;[];
115.05;MPIB2;14.544911221704638;38.13023093882839;0.0012339301174506545;-0.513526976108551;0.8580232858657837;[];
115.05;MPIB1;2.651303395509103;6.169277490869689;-0.007472254801541567;-0.49997231364250183;0.8659611940383911;[];
115.1;MPIB4;22.400435632924836;29.57711498187524;-0.8711553812026978;-0.4908948540687561;-0.005345409736037254;[];
115.1;MPIB3;51.05670622841831;8.699244436654851;-0.7956276535987854;-0.28146493434906006;0.5363789200782776;[];
115.1;MPIB2;14.54504276051182;38.326905716790975;0.0012339301174506545;-0.513526976108551;0.8580232858657837;[];
115.1;MPIB1;2.650457799140213;6.384197672292004;-0.007472254801541567;-0.49997231364250183;0.8659611940383911;[];
115.15;MPIB4;21.969154728377866;29.57591234862008;-0.8711553812026978;-0.4908948540687561;-0.005345409736037254;[];
115.15;MPIB3;51.05670622841831;8.699244436654851;-0.7956276535987854;-0.28146493434906006;0.5363789200782776;[];
115.15;MPIB2;14.545174299319001;38.53229005861098;0.0012339301174506545;-0.513526976108551;0.8580232858657837;[];
115.15;MPIB1;2.6478179462103526;6.599508533343908;-0.023292558267712593;-0.5022124648094177;0.8643823266029358;[];
115.2;MPIB4;21.969154728377866;29.57591234862008;-0.8711553812026978;-0.4908948540687561;-0.005345409736037254;[];
115.2;MPIB3;51.05670622841831;8.699244436654851;-0.7956276535987854;-0.28146493434906006;0.5363789200782776;[];
115.2;MPIB2;14.545305838126183;38.74242982284949;0.0012339301174506545;-0.513526976108551;0.8580232858657837;[];
115.2;MPIB1;2.6451780932804922;6.815032705498368;-0.023257456719875336;-0.5044492483139038;0.8630796670913696;[];
115.25;MPIB4;21.53757269212649;29.574709715364918;-0.8711553812026978;-0.4908948540687561;-0.005345409736037254;[];
115.25;MPIB3;51.05670622841831;8.699244436654851;-0.7956276535987854;-0.28146493434906006;0.5363789200782776;[];
115.25;MPIB2;14.545437376933364;38.955166048030094;0.0012339301174506545;-0.513526976108551;0.8580232858657837;[];
115.25;MPIB1;2.642538240350632;7.030673345528328;-0.023257456719875336;-0.5044492483139038;0.8630796670913696;[];
115.3;MPIB4;21.32174238648537;29.574108398737337;-0.8711553812026978;-0.4908948540687561;-0.005345409736037254;[];
115.3;MPIB3;51.05670622841831;8.699244436654851;-0.7956276535987854;-0.28146493434906006;0.5363789200782776;[];
115.3;MPIB2;14.545568915740546;39.169319941049736;0.0012339301174506545;-0.513526976108551;0.8580232858657837;[];
115.3;MPIB1;2.6398983874207715;7.246377577025697;-0.023257456719875336;-0.5044492483139038;0.8630796670913696;[];
115.35;MPIB4;21.32174238648537;29.574108398737337;-0.8711553812026978;-0.4908948540687561;-0.005345409736037254;[];
115.35;MPIB3;51.05670622841831;8.699244436654851;-0.7956276535987854;-0.28146493434906006;0.5363789200782776;[];
115.35;MPIB2;14.545700454547728;39.38424788079942;0.0012339301174506545;-0.513526976108551;0.8580232858657837;[];
115.35;MPIB1;2.637258534490911;7.462116529468318;-0.023257456719875336;-0.5044492483139038;0.8630796670913696;[];
115.4;MPIB4;21.32174238648537;29.574108398737337;-0.8711553812026978;-0.4908948540687561;-0.005345409736037254;[];
115.4;MPIB3;51.05364904217572;8.699244436654851;-0.7956276535987854;-0.28146493434906006;0.5363789200782776;[];
115.4;MPIB2;14.54583199335491;39.59959845011278;0.0012339301174506545;-0.513526976108551;0.8580232858657837;[];
115.4;MPIB1;2.634618681561051;7.677874439549242;-0.023257456719875336;-0.5044492483139038;0.8630796670913696;[];
115.45;MPIB4;21.32174238648537;29.574108398737337;-0.8711553812026978;-0.4908948540687561;-0.005345409736037254;[];
115.45;MPIB3;51.05364904217572;8.699244436654851;-0.7956276535987854;-0.28146493434906006;0.5363789200782776;[];
115.45;MPIB2;14.54596353216209;39.815179775194736;0.0012339301174506545;-0.513526976108551;0.8580232858657837;[];
115.45;MPIB1;2.634618681561051;7.677874439549242;-0.023257456719875336;-0.5044492483139038;0.8630796670913696;[];
115.5;MPIB4;21.32174238648537;29.574108398737337;-0.8711553812026978;-0.4908948540687561;-0.005345409736037254;[];
115.5;MPIB3;51.05364904217572;8.699244436654851;-0.7956276535987854;-0.28146493434906006;0.5363789200782776;[];
115.5;MPIB2;14.546095070969272;40.03088709294096;0.0012339301174506545;-0.513526976108551;0.8580232858657837;[];
115.5;MPIB1;2.634618681561051;7.677874439549242;-0.023257456719875336;-0.5044492483139038;0.8630796670913696;[];
115.55;MPIB4;21.32174238648537;29.574108398737337;-0.8711553812026978;-0.4908948540687561;-0.005345409736037254;[];
115.55;MPIB3;51.05364904217572;8.699244436654851;-0.7956276535987854;-0.28146493434906006;0.5363789200782776;[];
115.55;MPIB2;14.546226609776454;40.24666320268986;0.0012339301174506545;-0.513526976108551;0.8580232858657837;[];
115.55;MPIB1;2.634618681561051;7.677874439549242;-0.023257456719875336;-0.5044492483139038;0.8630796670913696;[];
115.6;MPIB4;21.32174238648537;29.574108398737337;-0.8711553812026978;-0.4908948540687561;-0.005345409736037254;[];
115.6;MPIB3;51.05364904217572;8.699244436654851;-0.7956276535987854;-0.28146493434906006;0.5363789200782776;[];
115.6;MPIB2;14.546358148583636;40.46247687287658;0.0012339301174506545;-0.513526976108551;0.8580232858657837;[];
115.6;MPIB1;2.634618681561051;7.677874439549242;-0.025491537526249886;-0.5044492483139038;0.8630165457725525;[];
115.65;MPIB4;21.32174238648537;29.574108398737337;-0.8711553812026978;-0.4908948540687561;-0.005345409736037254;[];
115.65;MPIB3;51.05364904217572;8.699244436654851;-0.7956276535987854;-0.28146493434906006;0.5363789200782776;[];
115.65;MPIB2;14.546489687390817;40.67831105106475;0.0012339301174506545;-0.513526976108551;0.8580232858657837;[];
115.65;MPIB1;2.634618681561051;7.677874439549242;-0.025491537526249886;-0.5044492483139038;0.8630165457725525;[];
115.7;MPIB4;21.32174238648537;29.574108398737337;-0.8711553812026978;-0.4908948540687561;-0.005345409736037254;[];
115.7;MPIB3;51.05364904217572;8.699244436654851;-0.7956276535987854;-0.28146493434906006;0.5363789200782776;[];
115.7;MPIB2;14.546489687390817;40.67831105106475;0.0012339301174506545;-0.513526976108551;0.8580232858657837;[];
115.7;MPIB1;2.634618681561051;7.677874439549242;-0.025491537526249886;-0.5044492483139038;0.8630165457725525;[];
115.75;MPIB4;21.32174238648537;29.574108398737337;-0.8711553812026978;-0.4908948540687561;-0.005345409736037254;[];
115.75;MPIB3;51.05364904217572;8.699244436654851;-0.7956276535987854;-0.28146493434906006;0.5363789200782776;[];
115.75;MPIB2;14.546489687390817;40.67831105106475;0.0012339301174506545;-0.513526976108551;0.8580232858657837;[];
115.75;MPIB1;2.634618681561051;7.677874439549242;-0.025491537526249886;-0.5044492483139038;0.8630165457725525;[];
115.8;MPIB4;21.32174238648537;29.574108398737337;-0.8711553812026978;-0.4908948540687561;-0.005345409736037254;[];
115.8;MPIB3;51.05364904217572;8.699244436654851;-0.7956276535987854;-0.28146493434906006;0.5363789200782776;[];
115.8;MPIB2;14.546489687390817;40.67831105106475;0.0012339301174506545;-0.513526976108551;0.8580232858657837;[];
115.8;MPIB1;2.61223195324078;7.699999988079071;-0.025491537526249886;-0.5044492483139038;0.8630165457725525;[];
115.85;MPIB4;21.32174238648537;29.574108398737337;-0.8711553812026978;-0.4908948540687561;-0.005345409736037254;[];
115.85;MPIB3;51.05364904217572;8.699244436654851;-0.7956276535987854;-0.28146493434906006;0.5363789200782776;[];
115.85;MPIB2;14.546489687390817;40.67831105106475;0.0012339301174506545;-0.513526976108551;0.8580232858657837;[];
115.85;MPIB1;2.61223195324078;7.699999988079071;-0.025491537526249886;-0.5044492483139038;0.8630165457725525;[];
115.9;MPIB4;21.32174238648537;29.574108398737337;-0.8711553812026978;-0.4908948540687561;-0.005345409736037254;[];
115.9;MPIB3;51.05364904217572;8.699244436654851;-0.7956276535987854;-0.28146493434906006;0.5363789200782776;[];
115.9;MPIB2;14.546489687390817;40.67831105106475;0.0012339301174506545;-0.513526976108551;0.8580232858657837;[];
115.9;MPIB1;2.61223195324078;7.699999988079071;-0.025491537526249886;-0.5044492483139038;0.8630165457725525;[];
115.95;MPIB4;21.32174238648537;29.574108398737337;-0.8711553812026978;-0.4908948540687561;-0.005345409736037254;[];
115.95;MPIB3;51.05364904217572;8.699244436654851;-0.7956276535987854;-0.28146493434906006;0.5363789200782776;[];
115.95;MPIB2;14.546489687390817;40.67831105106475;0.0012339301174506545;-0.513526976108551;0.8580232858657837;[];
115.95;MPIB1;2.61223195324078;7.699999988079071;-0.025491537526249886;-0.5044492483139038;0.8630165457725525;[];
116.0;MPIB4;21.32174238648537;29.574108398737337;-0.8711553812026978;-0.4908948540687561;-0.005345409736037254;[];
116.0;MPIB3;51.05364904217572;8.699244436654851;-0.7956276535987854;-0.28146493434906006;0.5363789200782776;[];
116.0;MPIB2;14.546489687390817;40.67831105106475;0.0012339301174506545;-0.513526976108551;0.8580232858657837;[];
116.0;MPIB1;2.61223195324078;7.699999988079071;-0.025491537526249886;-0.5044492483139038;0.8630165457725525;[];
116.05;MPIB4;21.32174238648537;29.574108398737337;-0.8711553812026978;-0.4908948540687561;-0.005345409736037254;[];
116.05;MPIB3;51.05364904217572;8.699244436654851;-0.7956276535987854;-0.28146493434906006;0.5363789200782776;[];
116.05;MPIB2;14.546489687390817;40.67831105106475;0.0012339301174506545;-0.513526976108551;0.8580232858657837;[];
116.05;MPIB1;2.61223195324078;7.699999988079071;-0.025491537526249886;-0.5044492483139038;0.8630165457725525;[];
116.1;MPIB4;21.32174238648537;29.574108398737337;-0.8711553812026978;-0.4908948540687561;-0.005345409736037254;[];
116.1;MPIB3;51.05364904217572;8.699244436654851;-0.7956276535987854;-0.28146493434906006;0.5363789200782776;[];
116.1;MPIB2;14.546489687390817;40.67831105106475;0.0012339301174506545;-0.513526976108551;0.8580232858657837;[];
116.1;MPIB1;2.61223195324078;7.699999988079071;-0.025491537526249886;-0.5044492483139038;0.8630165457725525;[];
116.15;MPIB4;21.32174238648537;29.574108398737337;-0.8711553812026978;-0.4908948540687561;-0.005345409736037254;[];
116.15;MPIB3;51.05364904217572;8.699244436654851;-0.7956276535987854;-0.28146493434906006;0.5363789200782776;[];
116.15;MPIB2;14.546489687390817;40.67831105106475;0.0012339301174506545;-0.513526976108551;0.8580232858657837;[];
116.15;MPIB1;2.61223195324078;7.699999988079071;-0.025491537526249886;-0.5044492483139038;0.8630165457725525;[];
116.2;MPIB4;21.32174238648537;29.574108398737337;-0.8711553812026978;-0.4908948540687561;-0.005345409736037254;[];
116.2;MPIB3;51.05364904217572;8.699244436654851;-0.7956276535987854;-0.28146493434906006;0.5363789200782776;[];
116.2;MPIB2;14.546489687390817;40.67831105106475;0.0012339301174506545;-0.513526976108551;0.8580232858657837;[];
116.2;MPIB1;2.61223195324078;7.699999988079071;-0.025491537526249886;-0.5044492483139038;0.8630165457725525;[];
116.25;MPIB4;21.32174238648537;29.574108398737337;-0.8711553812026978;-0.4908948540687561;-0.005345409736037254;[];
116.25;MPIB3;51.05364904217572;8.699244436654851;-0.7956276535987854;-0.28146493434906006;0.5363789200782776;[];
116.25;MPIB2;14.546489687390817;40.67831105106475;0.0012339301174506545;-0.513526976108551;0.8580232858657837;[];
116.25;MPIB1;2.61223195324078;7.699999988079071;-0.025491537526249886;-0.5044492483139038;0.8630165457725525;[];
116.3;MPIB4;21.300000011920933;29.562082066185724;-0.8711553812026978;-0.4908948540687561;-0.005345409736037254;[];
116.3;MPIB3;51.05364904217572;8.699244436654851;-0.7956276535987854;-0.28146493434906006;0.5363789200782776;[];
116.3;MPIB2;14.546489687390817;40.67831105106475;0.0012339301174506545;-0.513526976108551;0.8580232858657837;[];
116.3;MPIB1;2.61223195324078;7.699999988079071;-0.025491537526249886;-0.5044492483139038;0.8630165457725525;[];
116.35;MPIB4;21.300000011920933;29.562082066185724;-0.8711553812026978;-0.4908948540687561;-0.005345409736037254;[];
116.35;MPIB3;51.05364904217572;8.699244436654851;-0.7956276535987854;-0.28146493434906006;0.5363789200782776;[];
116.35;MPIB2;14.546489687390817;40.67831105106475;0.0012339301174506545;-0.513526976108551;0.8580232858657837;[];
116.35;MPIB1;2.5804041802732627;7.699999988079071;-0.025491537526249886;-0.5044492483139038;0.8630165457725525;[];
116.4;MPIB4;21.300000011920933;29.562082066185724;-0.8711553812026978;-0.4908948540687561;-0.005345409736037254;[];
116.4;MPIB3;51.05364904217572;8.699244436654851;-0.7956276535987854;-0.28146493434906006;0.5363789200782776;[];
116.4;MPIB2;14.546489687390817;40.67831105106475;0.0012339301174506545;-0.513526976108551;0.8580232858657837;[];
116.4;MPIB1;2.5804041802732627;7.699999988079071;-0.025451457127928734;-0.5067653059959412;0.8616596460342407;[];
116.45;MPIB4;21.300000011920933;29.562082066185724;-0.8711553812026978;-0.4908948540687561;-0.005345409736037254;[];
116.45;MPIB3;51.05364904217572;8.699244436654851;-0.7956276535987854;-0.28146493434906006;0.5363789200782776;[];
116.45;MPIB2;14.546489687390817;40.67831105106475;0.0012339301174506545;-0.513526976108551;0.8580232858657837;[];
116.45;MPIB1;2.5804041802732627;7.699999988079071;-0.025451457127928734;-0.5067653059959412;0.8616596460342407;[];
116.5;MPIB4;21.300000011920933;29.562082066185724;-0.8711553812026978;-0.4908948540687561;-0.005345409736037254;[];
116.5;MPIB3;51.05364904217572;8.699244436654851;-0.7956276535987854;-0.28146493434906006;0.5363789200782776;[];
116.5;MPIB2;14.546489687390817;40.67831105106475;0.0012339301174506545;-0.513526976108551;0.8580232858657837;[];
116.5;MPIB1;2.5804041802732627;7.699999988079071;-0.025451457127928734;-0.5067653059959412;0.8616596460342407;[];
116.55;MPIB4;21.300000011920933;29.562082066185724;-0.8711553812026978;-0.4908948540687561;-0.005345409736037254;[];
116.55;MPIB3;51.05364904217572;8.699244436654851;-0.7956276535987854;-0.28146493434906006;0.5363789200782776;[];
116.55;MPIB2;14.546489687390817;40.67831105106475;0.0012339301174506545;-0.513526976108551;0.8580232858657837;[];
116.55;MPIB1;2.5804041802732627;7.699999988079071;-0.025451457127928734;-0.5067653059959412;0.8616596460342407;[];
116.6;MPIB4;21.300000011920933;29.562082066185724;-0.8711553812026978;-0.4908948540687561;-0.005345409736037254;[];
116.6;MPIB3;51.05364904217572;8.699244436654851;-0.7956276535987854;-0.28146493434906006;0.5363789200782776;[];
116.6;MPIB2;14.546489687390817;40.67831105106475;0.0012339301174506545;-0.513526976108551;0.8580232858657837;[];
116.6;MPIB1;2.5804041802732627;7.699999988079071;-0.025412635877728462;-0.5089951753616333;0.8603453636169434;[];
116.65;MPIB4;21.300000011920933;29.562082066185724;-0.8711553812026978;-0.4908948540687561;-0.005345409736037254;[];
116.65;MPIB3;51.05364904217572;8.699244436654851;-0.7956276535987854;-0.28146493434906006;0.5363789200782776;[];
116.65;MPIB2;14.54912046353445;40.69999998807907;0.0012339301174506545;-0.513526976108551;0.8580232858657837;[];
116.65;MPIB1;2.5804041802732627;7.699999988079071;-0.025412635877728462;-0.5089951753616333;0.8603453636169434;[];
116.7;MPIB4;21.300000011920933;29.562082066185724;-0.8711553812026978;-0.4908948540687561;-0.005345409736037254;[];
116.7;MPIB3;51.05364904217572;8.699244436654851;-0.7956276535987854;-0.28146493434906006;0.5363789200782776;[];
116.7;MPIB2;14.54912046353445;40.69999998807907;0.0012339301174506545;-0.513526976108551;0.8580232858657837;[];
116.7;MPIB1;2.5804041802732627;7.699999988079071;-0.01861957088112831;-0.5112216472625732;0.8591981530189514;[];
116.75;MPIB4;21.300000011920933;29.562082066185724;-0.8711553812026978;-0.4908948540687561;-0.005345409736037254;[];
116.75;MPIB3;51.05364904217572;8.699244436654851;-0.7956276535987854;-0.28146493434906006;0.5363789200782776;[];
116.75;MPIB2;14.54912046353445;40.69999998807907;0.0012339301174506545;-0.513526976108551;0.8580232858657837;[];
116.75;MPIB1;2.5804041802732627;7.699999988079071;-0.01861957088112831;-0.5112216472625732;0.8591981530189514;[];
116.8;MPIB4;21.300000011920933;29.562082066185724;-0.8711553812026978;-0.4908948540687561;-0.005345409736037254;[];
116.8;MPIB3;51.05364904217572;8.699244436654851;-0.7956276535987854;-0.28146493434906006;0.5363789200782776;[];
116.8;MPIB2;14.54912046353445;40.69999998807907;0.0012339301174506545;-0.513526976108551;0.8580232858657837;[];
116.8;MPIB1;2.5804041802732627;7.699999988079071;-0.014126459136605263;-0.5157464742660522;0.8565753102302551;[];
116.85;MPIB4;21.300000011920933;29.562082066185724;-0.8711553812026978;-0.4908948540687561;-0.005345409736037254;[];
116.85;MPIB3;51.05364904217572;8.699244436654851;-0.7956276535987854;-0.28146493434906006;0.5363789200782776;[];
116.85;MPIB2;14.54912046353445;40.69999998807907;0.0012339301174506545;-0.513526976108551;0.8580232858657837;[];
116.85;MPIB1;2.5804041802732627;7.699999988079071;-0.014126459136605263;-0.5157464742660522;0.8565753102302551;[];
116.9;MPIB4;21.300000011920933;29.562082066185724;-0.8711553812026978;-0.4908948540687561;-0.005345409736037254;[];
116.9;MPIB3;51.05364904217572;8.699244436654851;-0.7956276535987854;-0.28146493434906006;0.5363789200782776;[];
116.9;MPIB2;14.54912046353445;40.69999998807907;0.0012339301174506545;-0.513526976108551;0.8580232858657837;[];
116.9;MPIB1;2.5804041802732627;7.699999988079071;-0.014126459136605263;-0.5157464742660522;0.8565753102302551;[];
116.95;MPIB4;21.300000011920933;29.562082066185724;-0.8711553812026978;-0.4908948540687561;-0.005345409736037254;[];
116.95;MPIB3;51.05364904217572;8.699244436654851;-0.7956276535987854;-0.28146493434906006;0.5363789200782776;[];
116.95;MPIB2;14.54912046353445;40.69999998807907;0.0012339301174506545;-0.513526976108551;0.8580232858657837;[];
116.95;MPIB1;2.5804041802732627;7.699999988079071;-0.014126459136605263;-0.5157464742660522;0.8565753102302551;[];
117.0;MPIB4;21.300000011920933;29.562082066185724;-0.8711553812026978;-0.4908948540687561;-0.005345409736037254;[];
117.0;MPIB3;51.05364904217572;8.699244436654851;-0.7956276535987854;-0.28146493434906006;0.5363789200782776;[];
117.0;MPIB2;14.54912046353445;40.69999998807907;0.0012339301174506545;-0.513526976108551;0.8580232858657837;[];
117.0;MPIB1;2.5804041802732627;7.699999988079071;-0.014126459136605263;-0.5157464742660522;0.8565753102302551;[];
117.05;MPIB4;21.300000011920933;29.562082066185724;-0.8711553812026978;-0.4908948540687561;-0.005345409736037254;[];
117.05;MPIB3;51.05364904217572;8.699244436654851;-0.7956276535987854;-0.28146493434906006;0.5363789200782776;[];
117.05;MPIB2;14.54912046353445;40.69999998807907;0.0012339301174506545;-0.513526976108551;0.8580232858657837;[];
117.05;MPIB1;2.549101231092436;7.699999988079071;-0.014126459136605263;-0.5157464742660522;0.8565753102302551;[];
117.1;MPIB4;21.300000011920933;29.562082066185724;-0.8711553812026978;-0.4908948540687561;-0.005345409736037254;[];
117.1;MPIB3;51.05364904217572;8.699244436654851;-0.7956276535987854;-0.28146493434906006;0.5363789200782776;[];
117.1;MPIB2;14.54912046353445;40.69999998807907;0.0012339301174506545;-0.513526976108551;0.8580232858657837;[];
117.1;MPIB1;2.549101231092436;7.699999988079071;-0.014126459136605263;-0.5157464742660522;0.8565753102302551;[];
117.15;MPIB4;21.2020018696785;29.551859683516852;-0.8711553812026978;-0.4908948540687561;-0.005345409736037254;[];
117.15;MPIB3;51.05364904217572;8.699244436654851;-0.7956276535987854;-0.28146493434906006;0.5363789200782776;[];
117.15;MPIB2;14.54912046353445;40.69999998807907;0.0012339301174506545;-0.513526976108551;0.8580232858657837;[];
117.15;MPIB1;2.549101231092436;7.699999988079071;-0.014126459136605263;-0.5157464742660522;0.8565753102302551;[];
117.2;MPIB4;21.050496735556724;29.55125836688927;-0.8711553812026978;-0.4908948540687561;-0.005345409736037254;[];
117.2;MPIB3;51.05364904217572;8.699244436654851;-0.7956276535987854;-0.28146493434906006;0.5363789200782776;[];
117.2;MPIB2;14.54912046353445;40.69999998807907;0.0012339301174506545;-0.513526976108551;0.8580232858657837;[];
117.2;MPIB1;2.549101231092436;7.699999988079071;-0.014126459136605263;-0.5157464742660522;0.8565753102302551;[];
117.25;MPIB4;20.869776780475448;29.55065705026169;-0.8711553812026978;-0.4908948540687561;-0.005345409736037254;[];
117.25;MPIB3;51.05364904217572;8.699244436654851;-0.7956276535987854;-0.28146493434906006;0.5363789200782776;[];
117.25;MPIB2;14.54912046353445;40.69999998807907;0.0012339301174506545;-0.513526976108551;0.8580232858657837;[];
117.25;MPIB1;2.542637329486979;7.797986656427383;-0.014126459136605263;-0.5157464742660522;0.8565753102302551;[];
117.3;MPIB4;20.673105531297498;29.55005573363411;-0.8711553812026978;-0.4908948540687561;-0.005345409736037254;[];
117.3;MPIB3;51.05364904217572;8.699244436654851;-0.7956276535987854;-0.28146493434906006;0.5363789200782776;[];
117.3;MPIB2;14.54912046353445;40.69999998807907;0.0012339301174506545;-0.513526976108551;0.8580232858657837;[];
117.3;MPIB1;2.541021354085615;7.949474051908112;-0.014126459136605263;-0.5157464742660522;0.8565753102302551;[];
117.35;MPIB4;20.467724874531143;29.54945441700653;-0.8711553812026978;-0.4908948540687561;-0.005345409736037254;[];
117.35;MPIB3;51.05364904217572;8.699244436654851;-0.7956276535987854;-0.28146493434906006;0.5363789200782776;[];
117.35;MPIB2;14.54912046353445;40.69999998807907;0.0012339301174506545;-0.513526976108551;0.8580232858657837;[];
117.35;MPIB1;2.5394053786842505;8.130172847796132;-0.014126459136605263;-0.5157464742660522;0.8565753102302551;[];
117.4;MPIB4;20.257588880669175;29.54885310037895;-0.8711553812026978;-0.4908948540687561;-0.005345409736037254;[];
117.4;MPIB3;51.05364904217572;8.699244436654851;-0.7956276535987854;-0.28146493434906006;0.5363789200782776;[];
117.4;MPIB2;14.54912046353445;40.69999998807907;0.0012339301174506545;-0.513526976108551;0.8580232858657837;[];
117.4;MPIB1;2.5377894032828863;8.326821070159099;-0.014126459136605263;-0.5157464742660522;0.8565753102302551;[];
117.45;MPIB4;20.044856472451425;29.54825178375137;-0.8711553812026978;-0.4908948540687561;-0.005345409736037254;[];
117.45;MPIB3;51.05364904217572;8.699244436654851;-0.7956276535987854;-0.28146493434906006;0.5363789200782776;[];
117.45;MPIB2;14.54912046353445;40.69999998807907;0.0012339301174506545;-0.513526976108551;0.8580232858657837;[];
117.45;MPIB1;2.5364364754025246;8.532181658998923;-0.011826963163912296;-0.5157464742660522;0.856610119342804;[];
117.5;MPIB4;19.83070642183075;29.547650467123788;-0.8711553812026978;-0.4908948540687561;-0.005345409736037254;[];
117.5;MPIB3;51.05364904217572;8.699244436654851;-0.8260024189949036;-0.25625601410865784;0.5020014047622681;[];
117.5;MPIB2;14.551356623256538;40.797999888658524;0.0012339301174506545;-0.513526976108551;0.8580232858657837;[];
117.5;MPIB1;2.535083547522163;8.74229920048765;-0.011826963163912296;-0.5157464742660522;0.856610119342804;[];
117.55;MPIB4;19.615782338368177;29.547049150496207;-0.8711553812026978;-0.4908948540687561;-0.005345409736037254;[];
117.55;MPIB3;51.05364904217572;8.699244436654851;-0.8260024189949036;-0.25625601410865784;0.5020014047622681;[];
117.55;MPIB2;14.55148816206372;40.94950774116944;0.0012339301174506545;-0.513526976108551;0.8580232858657837;[];
117.55;MPIB1;2.5337306196418012;8.955014038424366;-0.011826963163912296;-0.5157464742660522;0.856610119342804;[];
117.6;MPIB4;19.400435632924836;29.546447833868626;-0.8711553812026978;-0.4908948540687561;-0.005345409736037254;[];
117.6;MPIB3;51.05364904217572;8.699244436654851;-0.8260024189949036;-0.25625601410865784;0.5020014047622681;[];
117.6;MPIB2;14.551619700870901;41.13023093882839;0.0012339301174506545;-0.513526976108551;0.8580232858657837;[];
117.6;MPIB1;2.5323776917614396;9.169147000386403;-0.011826963163912296;-0.5157464742660522;0.856610119342804;[];
117.65;MPIB4;19.184858175853194;29.545846517241046;-0.8711553812026978;-0.4908948540687561;-0.005345409736037254;[];
117.65;MPIB3;50.969902370499085;8.750141319665715;-0.8260024189949036;-0.25625601410865784;0.5020014047622681;[];
117.65;MPIB2;14.551751239678083;41.326905716790975;0.0012339301174506545;-0.513526976108551;0.8580232858657837;[];
117.65;MPIB1;2.531024763881078;9.384054258156198;-0.011826963163912296;-0.5157464742660522;0.856610119342804;[];
117.7;MPIB4;18.969154728377866;29.545245200613465;-0.8711553812026978;-0.4908948540687561;-0.005345409736037254;[];
117.7;MPIB3;50.84043001077589;8.828827904028344;-0.8260024189949036;-0.25625601410865784;0.5020014047622681;[];
117.7;MPIB2;14.551882778485265;41.53229005861098;0.0012339301174506545;-0.513526976108551;0.8580232858657837;[];
117.7;MPIB1;2.529671836000716;9.599384281486124;-0.011826963163912296;-0.5157464742660522;0.856610119342804;[];
117.75;MPIB4;18.753382490134133;29.544643883985884;-0.8711553812026978;-0.4908948540687561;-0.005345409736037254;[];
117.75;MPIB3;50.68599142247933;8.922687667091452;-0.8260024189949036;-0.25625601410865784;0.5020014047622681;[];
117.75;MPIB2;14.552014317292446;41.74242982284949;0.0012339301174506545;-0.513526976108551;0.8580232858657837;[];
117.75;MPIB1;2.5283189081203545;9.814945134838695;-0.011826963163912296;-0.5157464742660522;0.856610119342804;[];
117.8;MPIB4;18.53757269212649;29.544042567358304;-0.8711553812026978;-0.4908948540687561;-0.005345409736037254;[];
117.8;MPIB3;50.5179212717984;9.024831986687303;-0.8260024189949036;-0.25625601410865784;0.5020014047622681;[];
117.8;MPIB2;14.552145856099628;41.955166048030094;0.0012339301174506545;-0.513526976108551;0.8580232858657837;[];
117.8;MPIB1;2.526965980239993;10.030632021398276;-0.011826963163912296;-0.5157464742660522;0.856610119342804;[];
117.85;MPIB4;18.32174238648537;29.543441250730723;-0.8711553812026978;-0.4908948540687561;-0.005345409736037254;[];
117.85;MPIB3;50.342408287191006;9.131499674675439;-0.8260024189949036;-0.25625601410865784;0.5020014047622681;[];
117.85;MPIB2;14.55227739490681;42.169319941049736;0.0012339301174506545;-0.513526976108551;0.8580232858657837;[];
117.85;MPIB1;2.525613052359631;10.24638772209687;-0.011826963163912296;-0.5157464742660522;0.856610119342804;[];
117.9;MPIB4;18.32174238648537;29.543441250730723;-0.8711553812026978;-0.4908948540687561;-0.005345409736037254;[];
117.9;MPIB3;50.162831514787854;9.240637122092608;-0.8260024189949036;-0.25625601410865784;0.5020014047622681;[];
117.9;MPIB2;14.552408933713991;42.38424788079942;0.0012339301174506545;-0.513526976108551;0.8580232858657837;[];
117.9;MPIB1;2.5242601244792695;10.462180995319756;-0.011826963163912296;-0.5157464742660522;0.856610119342804;[];
117.95;MPIB4;18.32174238648537;29.543441250730723;-0.8711553812026978;-0.4908948540687561;-0.005345409736037254;[];
117.95;MPIB3;49.98050381587598;9.350237038995374;-0.8289014101028442;-0.2663431465625763;0.4918685257434845;[];
117.95;MPIB2;14.552540472521173;42.59959845011278;0.0012339301174506545;-0.513526976108551;0.8580232858657837;[];
117.95;MPIB1;2.522907196598908;10.677994783143276;-0.011826963163912296;-0.5157464742660522;0.856610119342804;[];
118.0;MPIB4;18.32174238648537;29.543441250730723;-0.8711553812026978;-0.4908948540687561;-0.005345409736037254;[];
118.0;MPIB3;49.79539416077398;9.457866713930684;-0.8402516841888428;-0.27142199873924255;0.4693155884742737;[];
118.0;MPIB2;14.552672011328355;42.815179775194736;0.0012339301174506545;-0.513526976108551;0.8580232858657837;[];
118.0;MPIB1;2.522907196598908;10.677994783143276;-0.011826963163912296;-0.5157464742660522;0.856610119342804;[];
118.05;MPIB4;18.32174238648537;29.543441250730723;-0.8711553812026978;-0.4908948540687561;-0.005345409736037254;[];
118.05;MPIB3;49.606494568295716;9.560105971875515;-0.8599645495414734;-0.28146493434906006;0.4256603717803955;[];
118.05;MPIB2;14.552803550135536;43.03088709294096;0.0012339301174506545;-0.513526976108551;0.8580232858657837;[];
118.05;MPIB1;2.522907196598908;10.677994783143276;-0.011826963163912296;-0.5157464742660522;0.856610119342804;[];
118.1;MPIB4;18.32174238648537;29.543441250730723;-0.8711553812026978;-0.4908948540687561;-0.005345409736037254;[];
118.1;MPIB3;49.413371312038294;9.654746983748197;-0.8789987564086914;-0.2889999747276306;0.37919268012046814;[];
118.1;MPIB2;14.552935088942718;43.24666320268986;0.0012339301174506545;-0.513526976108551;0.8580232858657837;[];
118.1;MPIB1;2.522907196598908;10.677994783143276;-0.011826963163912296;-0.5157464742660522;0.856610119342804;[];
118.15;MPIB4;18.32174238648537;29.543441250730723;-0.8711553812026978;-0.4908948540687561;-0.005345409736037254;[];
118.15;MPIB3;49.21612256291246;9.740715680620156;-0.8946143984794617;-0.29651716351509094;0.3341980576515198;[];
118.15;MPIB2;14.5530666277499;43.46247687287658;0.0012339301174506545;-0.513526976108551;0.8580232858657837;[];
118.15;MPIB1;2.522907196598908;10.677994783143276;-0.011826963163912296;-0.5157464742660522;0.856610119342804;[];
118.2;MPIB4;18.32174238648537;29.543441250730723;-0.8711553812026978;-0.4908948540687561;-0.005345409736037254;[];
118.2;MPIB3;49.015347431401324;9.818324022972462;-0.9062957763671875;-0.29898834228515625;0.29862892627716064;[];
118.2;MPIB2;14.553198166557081;43.67831105106475;0.0012339301174506545;-0.513526976108551;0.8580232858657837;[];
118.2;MPIB1;2.522907196598908;10.677994783143276;-0.011826963163912296;-0.5157464742660522;0.856610119342804;[];
118.25;MPIB4;18.32174238648537;29.543441250730723;-0.8711553812026978;-0.4908948540687561;-0.005345409736037254;[];
118.25;MPIB3;48.812331482005106;9.890393272725134;-0.9093669652938843;-0.29898834228515625;0.2891417443752289;[];
118.25;MPIB2;14.553198166557081;43.67831105106475;0.0012339301174506545;-0.513526976108551;0.8580232858657837;[];
118.25;MPIB1;2.522907196598908;10.677994783143276;-0.011826963163912296;-0.5157464742660522;0.856610119342804;[];
118.3;MPIB4;18.32174238648537;29.543441250730723;-0.8711553812026978;-0.4908948540687561;-0.005345409736037254;[];
118.3;MPIB3;48.60801266741589;9.959187359359277;-0.9101398587226868;-0.29898834228515625;0.2866995334625244;[];
118.3;MPIB2;14.553198166557081;43.67831105106475;0.0012339301174506545;-0.513526976108551;0.8580232858657837;[];
118.3;MPIB1;2.522907196598908;10.677994783143276;-0.011826963163912296;-0.5157464742660522;0.856610119342804;[];
118.35;MPIB4;18.32174238648537;29.543441250730723;-0.8711553812026978;-0.4908948540687561;-0.005345409736037254;[];
118.35;MPIB3;48.40290658183358;10.025951148535256;-0.9108790159225464;-0.29898834228515625;0.28434261679649353;[];
118.35;MPIB2;14.553198166557081;43.67831105106475;0.0012339301174506545;-0.513526976108551;0.8580232858657837;[];
118.35;MPIB1;2.522907196598908;10.677994783143276;-0.011826963163912296;-0.5157464742660522;0.856610119342804;[];
118.4;MPIB4;18.32174238648537;29.543441250730723;-0.8711553812026978;-0.4908948540687561;-0.005345409736037254;[];
118.4;MPIB3;48.19737064623905;10.091606395170345;-0.9123717546463013;-0.2939523458480835;0.28480857610702515;[];
118.4;MPIB2;14.553198166557081;43.67831105106475;0.0012339301174506545;-0.513526976108551;0.8580232858657837;[];
118.4;MPIB1;2.522907196598908;10.677994783143276;-0.011826963163912296;-0.5157464742660522;0.856610119342804;[];
118.45;MPIB4;18.32174238648537;29.543441250730723;-0.8711553812026978;-0.4908948540687561;-0.005345409736037254;[];
118.45;MPIB3;48.08514801236947;10.127454163996902;-0.9138126373291016;-0.2889999747276306;0.28525838255882263;[];
118.45;MPIB2;14.553198166557081;43.67831105106475;0.0012339301174506545;-0.513526976108551;0.8580232858657837;[];
118.45;MPIB1;2.522907196598908;10.677994783143276;-0.011826963163912296;-0.5157464742660522;0.856610119342804;[];
118.5;MPIB4;18.32174238648537;29.543441250730723;-0.8711553812026978;-0.4908948540687561;-0.005345409736037254;[];
118.5;MPIB3;48.02387444715964;10.147027048049637;-0.9138126373291016;-0.2889999747276306;0.28525838255882263;[];
118.5;MPIB2;14.553198166557081;43.67831105106475;0.0012339301174506545;-0.513526976108551;0.8580232858657837;[];
118.5;MPIB1;2.522907196598908;10.677994783143276;-0.011826963163912296;-0.5157464742660522;0.856610119342804;[];
118.55;MPIB4;18.32174238648537;29.543441250730723;-0.8711553812026978;-0.4908948540687561;-0.005345409736037254;[];
118.55;MPIB3;47.99041907666913;10.157713843983743;-0.9159539341926575;-0.28146493434906006;0.28592681884765625;[];
118.55;MPIB2;14.553198166557081;43.67831105106475;0.0012339301174506545;-0.513526976108551;0.8580232858657837;[];
118.55;MPIB1;2.522907196598908;10.677994783143276;-0.011826963163912296;-0.5157464742660522;0.856610119342804;[];
118.6;MPIB4;18.32174238648537;29.543441250730723;-0.8711553812026978;-0.4908948540687561;-0.005345409736037254;[];
118.6;MPIB3;47.99041907666913;10.157713843983743;-0.9159539341926575;-0.28146493434906006;0.28592681884765625;[];
118.6;MPIB2;14.553198166557081;43.67831105106475;0.0012339301174506545;-0.513526976108551;0.8580232858657837;[];
118.6;MPIB1;2.522907196598908;10.677994783143276;-0.011826963163912296;-0.5157464742660522;0.856610119342804;[];
118.65;MPIB4;18.32174238648537;29.543441250730723;-0.8711553812026978;-0.4908948540687561;-0.005345409736037254;[];
118.65;MPIB3;47.99041907666913;10.157713843983743;-0.9159539341926575;-0.28146493434906006;0.28592681884765625;[];
118.65;MPIB2;14.553198166557081;43.67831105106475;0.0012339301174506545;-0.513526976108551;0.8580232858657837;[];
118.65;MPIB1;2.522907196598908;10.677994783143276;-0.011826963163912296;-0.5157464742660522;0.856610119342804;[];
118.7;MPIB4;18.32174238648537;29.543441250730723;-0.8711553812026978;-0.4908948540687561;-0.005345409736037254;[];
118.7;MPIB3;47.956733281464835;10.16673474083828;-0.9159539341926575;-0.28146493434906006;0.28592681884765625;[];
118.7;MPIB2;14.553198166557081;43.67831105106475;0.0012339301174506545;-0.513526976108551;0.8580232858657837;[];
118.7;MPIB1;2.522907196598908;10.677994783143276;-0.011826963163912296;-0.5157464742660522;0.856610119342804;[];
118.75;MPIB4;18.32174238648537;29.543441250730723;-0.8711553812026978;-0.4908948540687561;-0.005345409736037254;[];
118.75;MPIB3;47.956733281464835;10.16673474083828;-0.9159539341926575;-0.28146493434906006;0.28592681884765625;[];
118.75;MPIB2;14.553198166557081;43.67831105106475;0.0012339301174506545;-0.513526976108551;0.8580232858657837;[];
118.75;MPIB1;2.522907196598908;10.677994783143276;-0.011826963163912296;-0.5157464742660522;0.856610119342804;[];
118.8;MPIB4;18.32174238648537;29.543441250730723;-0.8711553812026978;-0.4908948540687561;-0.005345409736037254;[];
118.8;MPIB3;47.956733281464835;10.16673474083828;-0.9159539341926575;-0.28146493434906006;0.28592681884765625;[];
118.8;MPIB2;14.553198166557081;43.67831105106475;0.0012339301174506545;-0.513526976108551;0.8580232858657837;[];
118.8;MPIB1;2.522907196598908;10.677994783143276;-0.011826963163912296;-0.5157464742660522;0.856610119342804;[];
118.85;MPIB4;18.300000011920933;29.53141491817911;-0.8711553812026978;-0.4908948540687561;-0.005345409736037254;[];
118.85;MPIB3;47.956733281464835;10.16673474083828;-0.9159539341926575;-0.28146493434906006;0.28592681884765625;[];
118.85;MPIB2;14.553198166557081;43.67831105106475;0.0012339301174506545;-0.513526976108551;0.8580232858657837;[];
118.85;MPIB1;2.522907196598908;10.677994783143276;-0.011826963163912296;-0.5157464742660522;0.856610119342804;[];
118.9;MPIB4;18.300000011920933;29.53141491817911;-0.8711553812026978;-0.4908948540687561;-0.005345409736037254;[];
118.9;MPIB3;47.956733281464835;10.16673474083828;-0.9159539341926575;-0.28146493434906006;0.28592681884765625;[];
118.9;MPIB2;14.553198166557081;43.67831105106475;0.0012339301174506545;-0.513526976108551;0.8580232858657837;[];
118.9;MPIB1;2.522907196598908;10.677994783143276;-0.011826963163912296;-0.5157464742660522;0.856610119342804;[];
118.95;MPIB4;18.300000011920933;29.53141491817911;-0.8711553812026978;-0.4908948540687561;-0.005345409736037254;[];
118.95;MPIB3;47.956733281464835;10.16673474083828;-0.9159539341926575;-0.28146493434906006;0.28592681884765625;[];
118.95;MPIB2;14.553198166557081;43.67831105106475;0.0012339301174506545;-0.513526976108551;0.8580232858657837;[];
118.95;MPIB1;2.505319134154206;10.699999988079071;-0.011826963163912296;-0.5157464742660522;0.856610119342804;[];
119.0;MPIB4;18.300000011920933;29.53141491817911;-0.8711553812026978;-0.4908948540687561;-0.005345409736037254;[];
119.0;MPIB3;47.956733281464835;10.16673474083828;-0.9159539341926575;-0.28146493434906006;0.28592681884765625;[];
119.0;MPIB2;14.553198166557081;43.67831105106475;0.0012339301174506545;-0.513526976108551;0.8580232858657837;[];
119.0;MPIB1;2.505319134154206;10.699999988079071;-0.011826963163912296;-0.5157464742660522;0.856610119342804;[];
119.05;MPIB4;18.300000011920933;29.53141491817911;-0.8711553812026978;-0.4908948540687561;-0.005345409736037254;[];
119.05;MPIB3;47.956733281464835;10.16673474083828;-0.9159539341926575;-0.28146493434906006;0.28592681884765625;[];
119.05;MPIB2;14.553198166557081;43.67831105106475;0.0012339301174506545;-0.513526976108551;0.8580232858657837;[];
119.05;MPIB1;2.505319134154206;10.699999988079071;-0.011826963163912296;-0.5157464742660522;0.856610119342804;[];
119.1;MPIB4;18.300000011920933;29.53141491817911;-0.8711553812026978;-0.4908948540687561;-0.005345409736037254;[];
119.1;MPIB3;47.956733281464835;10.16673474083828;-0.9159539341926575;-0.28146493434906006;0.28592681884765625;[];
119.1;MPIB2;14.553198166557081;43.67831105106475;0.0012339301174506545;-0.513526976108551;0.8580232858657837;[];
119.1;MPIB1;2.505319134154206;10.699999988079071;-0.011826963163912296;-0.5157464742660522;0.856610119342804;[];
119.15;MPIB4;18.300000011920933;29.53141491817911;-0.8711553812026978;-0.4908948540687561;-0.005345409736037254;[];
119.15;MPIB3;47.956733281464835;10.16673474083828;-0.9159539341926575;-0.28146493434906006;0.28592681884765625;[];
119.15;MPIB2;14.553198166557081;43.67831105106475;0.0012339301174506545;-0.513526976108551;0.8580232858657837;[];
119.15;MPIB1;2.505319134154206;10.699999988079071;-0.011826963163912296;-0.5157464742660522;0.856610119342804;[];
119.2;MPIB4;18.300000011920933;29.53141491817911;-0.8711553812026978;-0.4908948540687561;-0.005345409736037254;[];
119.2;MPIB3;47.956733281464835;10.16673474083828;-0.9159539341926575;-0.28146493434906006;0.28592681884765625;[];
119.2;MPIB2;14.555828942700714;43.69999998807907;0.0012339301174506545;-0.513526976108551;0.8580232858657837;[];
119.2;MPIB1;2.505319134154206;10.699999988079071;-0.011826963163912296;-0.5157464742660522;0.856610119342804;[];
119.25;MPIB4;18.300000011920933;29.53141491817911;-0.8711553812026978;-0.4908948540687561;-0.005345409736037254;[];
119.25;MPIB3;47.956733281464835;10.16673474083828;-0.9159539341926575;-0.28146493434906006;0.28592681884765625;[];
119.25;MPIB2;14.555828942700714;43.69999998807907;0.0012339301174506545;-0.513526976108551;0.8580232858657837;[];
119.25;MPIB1;2.505319134154206;10.699999988079071;-0.011826963163912296;-0.5157464742660522;0.856610119342804;[];
119.3;MPIB4;18.300000011920933;29.53141491817911;-0.8711553812026978;-0.4908948540687561;-0.005345409736037254;[];
119.3;MPIB3;47.956733281464835;10.16673474083828;-0.9159539341926575;-0.28146493434906006;0.28592681884765625;[];
119.3;MPIB2;14.555828942700714;43.69999998807907;0.0012339301174506545;-0.513526976108551;0.8580232858657837;[];
119.3;MPIB1;2.505319134154206;10.699999988079071;-0.011826963163912296;-0.5157464742660522;0.856610119342804;[];
119.35;MPIB4;18.300000011920933;29.53141491817911;-0.8711553812026978;-0.4908948540687561;-0.005345409736037254;[];
119.35;MPIB3;47.956733281464835;10.16673474083828;-0.9159539341926575;-0.28146493434906006;0.28592681884765625;[];
119.35;MPIB2;14.555828942700714;43.69999998807907;0.0012339301174506545;-0.513526976108551;0.8580232858657837;[];
119.35;MPIB1;2.505319134154206;10.699999988079071;-0.011826963163912296;-0.5157464742660522;0.856610119342804;[];
119.4;MPIB4;18.300000011920933;29.53141491817911;-0.8711553812026978;-0.4908948540687561;-0.005345409736037254;[];
119.4;MPIB3;47.956733281464835;10.16673474083828;-0.9159539341926575;-0.28146493434906006;0.28592681884765625;[];
119.4;MPIB2;14.555828942700714;43.69999998807907;0.0012339301174506545;-0.513526976108551;0.8580232858657837;[];
119.4;MPIB1;2.505319134154206;10.699999988079071;-0.011826963163912296;-0.5157464742660522;0.856610119342804;[];
119.45;MPIB4;18.300000011920933;29.53141491817911;-0.8711553812026978;-0.4908948540687561;-0.005345409736037254;[];
119.45;MPIB3;47.956733281464835;10.16673474083828;-0.9159539341926575;-0.28146493434906006;0.28592681884765625;[];
119.45;MPIB2;14.555828942700714;43.69999998807907;0.0012339301174506545;-0.513526976108551;0.8580232858657837;[];
119.45;MPIB1;2.505319134154206;10.699999988079071;-0.011826963163912296;-0.5157464742660522;0.856610119342804;[];
119.5;MPIB4;18.300000011920933;29.53141491817911;-0.8711553812026978;-0.4908948540687561;-0.005345409736037254;[];
119.5;MPIB3;47.956733281464835;10.16673474083828;-0.9159539341926575;-0.28146493434906006;0.28592681884765625;[];
119.5;MPIB2;14.555828942700714;43.69999998807907;0.0012339301174506545;-0.513526976108551;0.8580232858657837;[];
119.5;MPIB1;2.505319134154206;10.699999988079071;-0.011826963163912296;-0.5157464742660522;0.856610119342804;[];
119.55;MPIB4;18.300000011920933;29.53141491817911;-0.8711553812026978;-0.4908948540687561;-0.005345409736037254;[];
119.55;MPIB3;47.956733281464835;10.16673474083828;-0.9159539341926575;-0.28146493434906006;0.28592681884765625;[];
119.55;MPIB2;14.555828942700714;43.69999998807907;0.0012339301174506545;-0.513526976108551;0.8580232858657837;[];
119.55;MPIB1;2.505319134154206;10.699999988079071;-0.011826963163912296;-0.5157464742660522;0.856610119342804;[];
119.6;MPIB4;18.300000011920933;29.53141491817911;-0.8711553812026978;-0.4908948540687561;-0.005345409736037254;[];
119.6;MPIB3;47.956733281464835;10.16673474083828;-0.9159539341926575;-0.28146493434906006;0.28592681884765625;[];
119.6;MPIB2;14.555828942700714;43.69999998807907;0.0012339301174506545;-0.513526976108551;0.8580232858657837;[];
119.6;MPIB1;2.505319134154206;10.699999988079071;-0.011826963163912296;-0.5157464742660522;0.856610119342804;[];
119.65;MPIB4;18.300000011920933;29.53141491817911;-0.8711553812026978;-0.4908948540687561;-0.005345409736037254;[];
119.65;MPIB3;47.956733281464835;10.16673474083828;-0.9159539341926575;-0.28146493434906006;0.28592681884765625;[];
119.65;MPIB2;14.555828942700714;43.69999998807907;0.0012339301174506545;-0.513526976108551;0.8580232858657837;[];
119.65;MPIB1;2.505319134154206;10.699999988079071;-0.011826963163912296;-0.5157464742660522;0.856610119342804;[];
119.7;MPIB4;18.2020018696785;29.521192535510238;-0.8711553812026978;-0.4908948540687561;-0.005345409736037254;[];
119.7;MPIB3;47.956733281464835;10.16673474083828;-0.9159539341926575;-0.28146493434906006;0.28592681884765625;[];
119.7;MPIB2;14.555828942700714;43.69999998807907;0.0012339301174506545;-0.513526976108551;0.8580232858657837;[];
119.7;MPIB1;2.505319134154206;10.699999988079071;-0.011826963163912296;-0.5157464742660522;0.856610119342804;[];
119.75;MPIB4;18.050496735556724;29.520591218882657;-0.8711553812026978;-0.4908948540687561;-0.005345409736037254;[];
119.75;MPIB3;47.956733281464835;10.16673474083828;-0.9159539341926575;-0.28146493434906006;0.28592681884765625;[];
119.75;MPIB2;14.555828942700714;43.69999998807907;0.0012339301174506545;-0.513526976108551;0.8580232858657837;[];
119.75;MPIB1;2.505319134154206;10.699999988079071;-0.011826963163912296;-0.5157464742660522;0.856610119342804;[];
119.8;MPIB4;17.869776780475448;29.519989902255077;-0.8711553812026978;-0.4908948540687561;-0.005345409736037254;[];
119.8;MPIB3;47.956733281464835;10.16673474083828;-0.9159539341926575;-0.28146493434906006;0.28592681884765625;[];
119.8;MPIB2;14.555828942700714;43.69999998807907;0.0012339301174506545;-0.513526976108551;0.8580232858657837;[];
119.8;MPIB1;2.505319134154206;10.699999988079071;-0.011826963163912296;-0.5157464742660522;0.856610119342804;[];
119.85;MPIB4;17.673105531297498;29.519388585627496;-0.8711553812026978;-0.4908948540687561;-0.005345409736037254;[];
119.85;MPIB3;47.956733281464835;10.16673474083828;-0.9159539341926575;-0.28146493434906006;0.28592681884765625;[];
119.85;MPIB2;14.555828942700714;43.69999998807907;0.0012339301174506545;-0.513526976108551;0.8580232858657837;[];
119.85;MPIB1;2.505319134154206;10.699999988079071;-0.011826963163912296;-0.5157464742660522;0.856610119342804;[];
119.9;MPIB4;17.467724874531143;29.518787268999915;-0.8711553812026978;-0.4908948540687561;-0.005345409736037254;[];
119.9;MPIB3;47.956733281464835;10.16673474083828;-0.9159539341926575;-0.28146493434906006;0.28592681884765625;[];
119.9;MPIB2;14.555828942700714;43.69999998807907;0.0012339301174506545;-0.513526976108551;0.8580232858657837;[];
119.9;MPIB1;2.505319134154206;10.699999988079071;-0.011826963163912296;-0.5157464742660522;0.856610119342804;[];
119.95;MPIB4;17.257588880669175;29.518185952372335;-0.8711553812026978;-0.4908948540687561;-0.005345409736037254;[];
119.95;MPIB3;47.956733281464835;10.16673474083828;-0.9159539341926575;-0.28146493434906006;0.28592681884765625;[];
119.95;MPIB2;14.555828942700714;43.69999998807907;0.0012339301174506545;-0.513526976108551;0.8580232858657837;[];
119.95;MPIB1;2.505319134154206;10.699999988079071;-0.011826963163912296;-0.5157464742660522;0.856610119342804;[];
120.0;MPIB4;17.044856472451425;29.517584635744754;-0.8711553812026978;-0.4908948540687561;-0.005345409736037254;[];
120.0;MPIB3;47.956733281464835;10.16673474083828;-0.9159539341926575;-0.28146493434906006;0.28592681884765625;[];
120.0;MPIB2;14.555828942700714;43.69999998807907;0.0012339301174506545;-0.513526976108551;0.8580232858657837;[];
120.0;MPIB1;2.505319134154206;10.699999988079071;-0.011826963163912296;-0.5157464742660522;0.856610119342804;[];
