"Time since round start";"Player Name";"X-Position";"Z-Position";"X-Look";"Y-Look";"Z-Look";"Visible Players";
0.0;MPIB2;23.5;12.5;-0.13731394708156586;-0.11231832951307297;-0.9841280579566956;[];
0.0;MPIB1;23.5;57.5;-0.26218733191490173;-0.17964565753936768;0.9481304883956909;[];
0.0;MPIB4;51.5;38.5;0.05500360578298569;0.0025885896757245064;0.9984828233718872;[];
0.0;MPIB3;53.5;4.5;-0.0777515396475792;-0.12269613146781921;0.9893821477890015;[];
0.03125;MPIB2;23.5;12.5;-0.13731394708156586;-0.11231832951307297;-0.9841280579566956;[];
0.03125;MPIB1;23.5;57.5;-0.26218733191490173;-0.17964565753936768;0.9481304883956909;[];
0.03125;MPIB4;51.5;38.5;0.05500360578298569;0.0025885896757245064;0.9984828233718872;[];
0.03125;MPIB3;53.5;4.5;-0.0777515396475792;-0.12269613146781921;0.9893821477890015;[];
0.09375;MPIB2;23.5;12.5;-0.13731394708156586;-0.11231832951307297;-0.9841280579566956;[];
0.09375;MPIB1;23.5;57.5;-0.26218733191490173;-0.17964565753936768;0.9481304883956909;[];
0.09375;MPIB4;51.5;38.5;0.05500360578298569;0.0025885896757245064;0.9984828233718872;[];
0.09375;MPIB3;53.5;4.5;-0.0777515396475792;-0.12269613146781921;0.9893821477890015;[];
0.125;MPIB2;23.5;12.5;-0.13480642437934875;-0.10965044796466827;-0.9847756028175354;[];
0.125;MPIB1;23.5;57.5;-0.27221348881721497;-0.17700421810150146;0.9457991123199463;[];
0.125;MPIB4;51.5;38.5;0.05500360578298569;0.0025885896757245064;0.9984828233718872;[];
0.125;MPIB3;53.5;4.5;-0.0777515396475792;-0.12269613146781921;0.9893821477890015;[];
0.1875;MPIB2;23.5;12.5;-0.127166748046875;-0.10183289647102356;-0.9866302609443665;[];
0.1875;MPIB1;23.5;57.5;-0.26967355608940125;-0.17700421810150146;0.9465264081954956;[];
0.1875;MPIB4;51.5;38.5;0.05500360578298569;0.0025885896757245064;0.9984828233718872;[];
0.1875;MPIB3;53.5;4.5;-0.12461233884096146;-0.10183289647102356;0.9869561195373535;[];
0.25;MPIB2;23.5;12.5;0.06207376718521118;-0.5313476920127869;-0.8448195457458496;[];
0.25;MPIB1;23.5;57.5;-0.25421595573425293;-0.23338942229747772;0.9385414719581604;[];
0.25;MPIB4;51.5;38.5;0.05500360578298569;0.0025885896757245064;0.9984828233718872;[];
0.25;MPIB3;53.5;4.5;-0.012917825020849705;-0.13562564551830292;0.9906629323959351;[];
0.28125;MPIB2;23.5;12.5;0.06207376718521118;-0.5313476920127869;-0.8448195457458496;[];
0.28125;MPIB1;23.5;57.5;-0.25421595573425293;-0.23338942229747772;0.9385414719581604;[];
0.28125;MPIB4;51.5;38.5;0.05500360578298569;0.0025885896757245064;0.9984828233718872;[];
0.28125;MPIB3;53.5;4.5;-0.10364310443401337;-0.12792761623859406;0.9863408207893372;[];
0.34375;MPIB2;23.5;12.5;0.06207376718521118;-0.5313476920127869;-0.8448195457458496;[];
0.34375;MPIB1;23.5;57.5;-0.2444939911365509;-0.2688373327255249;0.9316112399101257;[];
0.34375;MPIB4;51.5;38.5;0.05500360578298569;0.0025885896757245064;0.9984828233718872;[];
0.34375;MPIB3;53.5;4.5;-0.10364310443401337;-0.12792761623859406;0.9863408207893372;[];
0.375;MPIB2;23.5;12.5;0.06207376718521118;-0.5313476920127869;-0.8448195457458496;[];
0.375;MPIB1;23.5;57.5;-0.2444939911365509;-0.2688373327255249;0.9316112399101257;[];
0.375;MPIB4;51.5;38.5;0.05500360578298569;0.0025885896757245064;0.9984828233718872;[];
0.375;MPIB3;53.5;4.5;-0.10364310443401337;-0.12792761623859406;0.9863408207893372;[];
0.4375;MPIB2;23.5;12.5;0.06207376718521118;-0.5313476920127869;-0.8448195457458496;[];
0.4375;MPIB1;23.5;57.5;-0.2444939911365509;-0.2688373327255249;0.9316112399101257;[];
0.4375;MPIB4;51.5;38.5;0.050871189683675766;-0.38020193576812744;0.9234669208526611;[];
0.4375;MPIB3;53.5;4.5;-0.10364310443401337;-0.12792761623859406;0.9863408207893372;[];
0.5;MPIB2;23.5;12.5;0.06207376718521118;-0.5313476920127869;-0.8448195457458496;[];
0.5;MPIB1;23.5;57.5;-0.2444939911365509;-0.2688373327255249;0.9316112399101257;[];
0.5;MPIB4;51.5;38.5;0.050871189683675766;-0.38020193576812744;0.9234669208526611;[];
0.5;MPIB3;53.5;4.5;-0.10364310443401337;-0.12792761623859406;0.9863408207893372;[];
0.53125;MPIB2;23.5;12.5;0.06207376718521118;-0.5313476920127869;-0.8448195457458496;[];
0.53125;MPIB1;23.5;57.5;-0.2444939911365509;-0.2688373327255249;0.9316112399101257;[];
0.53125;MPIB4;51.5;38.5;0.050871189683675766;-0.38020193576812744;0.9234669208526611;[];
0.53125;MPIB3;53.5;4.5;-0.10364310443401337;-0.12792761623859406;0.9863408207893372;[];
0.59375;MPIB2;23.5;12.5;0.06207376718521118;-0.5313476920127869;-0.8448195457458496;[];
0.59375;MPIB1;23.5;57.5;-0.2444939911365509;-0.2688373327255249;0.9316112399101257;[];
0.59375;MPIB4;51.5;38.5;0.050871189683675766;-0.38020193576812744;0.9234669208526611;[];
0.59375;MPIB3;53.5;4.5;-0.10364310443401337;-0.12792761623859406;0.9863408207893372;[];
0.625;MPIB2;23.5;12.5;0.06207376718521118;-0.5313476920127869;-0.8448195457458496;[];
0.625;MPIB1;23.5;57.5;-0.2444939911365509;-0.2688373327255249;0.9316112399101257;[];
0.625;MPIB4;51.5;38.5;0.050871189683675766;-0.38020193576812744;0.9234669208526611;[];
0.625;MPIB3;53.5;4.5;-0.10364310443401337;-0.12792761623859406;0.9863408207893372;[];
0.6875;MPIB2;23.5;12.5;-0.13969916105270386;-0.5983143448829651;-0.7889310121536255;[];
0.6875;MPIB1;23.5;57.5;-0.24497883021831512;-0.3238593637943268;0.9138062000274658;[];
0.6875;MPIB4;51.5;38.5;0.053065039217472076;-0.5358073711395264;0.8426195979118347;[];
0.6875;MPIB3;53.5;4.5;-0.44693323969841003;0.10183289647102356;0.8887524008750916;[];
0.75;MPIB2;23.5;12.5;-0.13969916105270386;-0.5983143448829651;-0.7889310121536255;[];
0.75;MPIB1;23.5;57.5;-0.24497883021831512;-0.3238593637943268;0.9138062000274658;[];
0.75;MPIB4;51.5;38.5;0.053065039217472076;-0.5358073711395264;0.8426195979118347;[];
0.75;MPIB3;53.5;4.5;-0.5042921304702759;0.13562564551830292;0.8528159260749817;[];
0.78125;MPIB2;23.5;12.5;-0.13969916105270386;-0.5983143448829651;-0.7889310121536255;[];
0.78125;MPIB1;23.5;57.5;-0.2535901665687561;-0.33372852206230164;0.9078859686851501;[];
0.78125;MPIB4;51.5;38.5;0.053065039217472076;-0.5358073711395264;0.8426195979118347;[];
0.78125;MPIB3;53.5;4.5;-0.5042921304702759;0.13562564551830292;0.8528159260749817;[];
0.84375;MPIB2;23.5;12.5;-0.20049311220645905;-0.6882896423339844;-0.6971112489700317;[];
0.84375;MPIB1;23.5;57.5;-0.2822951674461365;-0.4908948540687561;0.8241660594940186;[];
0.84375;MPIB4;51.5;38.5;0.06141900643706322;-0.6231363415718079;0.7796379327774048;[];
0.84375;MPIB3;53.44513299688697;4.581201046705246;-0.555457592010498;0.1252647489309311;0.8220557570457458;[];
0.875;MPIB2;23.5;12.5;-0.2483741194009781;-0.7378528118133545;-0.6275253295898438;[];
0.875;MPIB1;23.5;57.5;-0.1987711489200592;-0.8945137858390808;0.40032291412353516;[];
0.875;MPIB4;51.5;38.5;0.060641881078481674;-0.6353562474250793;0.7697733044624329;[];
0.875;MPIB3;53.35593278747774;4.699999988079071;-0.6015334129333496;0.09925742447376251;0.7926572561264038;[];
0.9375;MPIB2;23.5;12.5;-0.3169615566730499;-0.7500882148742676;-0.5803515315055847;[];
0.9375;MPIB1;23.5;57.5;-0.08195210248231888;-0.9812870025634766;0.17413629591464996;[];
0.9375;MPIB4;51.5;38.5;0.062361638993024826;-0.6394193172454834;0.7662634253501892;[];
0.9375;MPIB3;53.24616211354919;4.699999988079071;-0.6202172040939331;0.09668128192424774;0.778449296951294;[];
1.0;MPIB2;23.5;12.5;-0.3600732088088989;-0.7500882148742676;-0.5546348690986633;[];
1.0;MPIB1;23.5;57.5;-0.08807162940502167;-0.9797429442405701;0.17974863946437836;[];
1.0;MPIB4;51.5;38.5;0.062361638993024826;-0.6394193172454834;0.7662634253501892;[];
1.0;MPIB3;53.12515996468869;4.699999988079071;-0.6202172040939331;0.09668128192424774;0.778449296951294;[];
1.03125;MPIB2;23.5;12.5;-0.36262133717536926;-0.748373806476593;-0.5552902221679688;[];
1.03125;MPIB1;23.5;57.5;-0.18029700219631195;-0.9258483648300171;0.3320101201534271;[];
1.03125;MPIB4;51.5;38.5;0.062361638993024826;-0.6394193172454834;0.7662634253501892;[];
1.03125;MPIB3;52.998025429802965;4.699999988079071;-0.6202172040939331;0.09668128192424774;0.778449296951294;[];
1.09375;MPIB2;23.5;12.5;-0.22547420859336853;-0.6333551406860352;-0.7402220368385315;[];
1.09375;MPIB1;23.5;57.5;-0.2825268805027008;-0.8698979020118713;0.4041953980922699;[];
1.09375;MPIB4;51.5;38.5;0.07504430413246155;-0.6313498020172119;0.7717978358268738;[];
1.09375;MPIB3;52.87080652857867;4.699999988079071;-0.5898228883743286;-0.005177162121981382;0.8075155019760132;[];
1.125;MPIB2;23.5;12.5;-0.1195368841290474;-0.29651716351509094;-0.9474883675575256;[];
1.125;MPIB1;23.5;57.5;-0.35439956188201904;-0.8357589244842529;0.4193089008331299;[];
1.125;MPIB4;51.5;38.5;0.11520712077617645;-0.5961612462997437;0.7944981455802917;[];
1.125;MPIB3;52.74797405901177;4.699999988079071;-0.542442798614502;-0.08885355293750763;0.8353704810142517;[];
1.1875;MPIB2;23.5;12.5;-0.13437072932720184;-0.13562564551830292;-0.9815927743911743;[];
1.1875;MPIB1;23.416839443147182;57.55184901505709;-0.5322715640068054;-0.7787563800811768;0.33186113834381104;[];
1.1875;MPIB4;51.5;38.5;0.1768762767314911;-0.5577207207679749;0.8109090924263;[];
1.1875;MPIB3;52.630147201519094;4.783829502761364;-0.514042854309082;-0.12269613146781921;0.8489300608634949;[];
1.25;MPIB2;23.5;12.5;-0.13476598262786865;-0.11231832951307297;-0.9844802618026733;[];
1.25;MPIB1;23.273474046782667;57.58296748973123;-0.7122838497161865;-0.7015259861946106;0.020424114540219307;[];
1.25;MPIB4;51.5;38.5;0.2655848562717438;-0.5112216472625732;0.8173327445983887;[];
1.25;MPIB3;52.518156918081786;4.9152323449817175;-0.47926953434944153;-0.16926130652427673;0.8611732125282288;[];
1.28125;MPIB2;23.5;12.5;-0.13476598262786865;-0.11231832951307297;-0.9844802618026733;[];
1.28125;MPIB1;23.10895497308138;57.553413656829775;-0.7105866074562073;-0.5898310542106628;-0.3835032284259796;[];
1.28125;MPIB4;51.5;38.5;0.4018310308456421;-0.46555230021476746;0.7884883284568787;[];
1.28125;MPIB3;52.41138609419909;5.07371029037887;-0.452964723110199;-0.2308715432882309;0.8610912561416626;[];
1.34375;MPIB2;23.5;12.5;-0.13476598262786865;-0.11231832951307297;-0.9844802618026733;[];
1.34375;MPIB1;22.96793391249605;57.45371166197492;-0.49595555663108826;-0.31395483016967773;-0.8095698356628418;[];
1.34375;MPIB4;51.5;38.5;0.4872254729270935;-0.446954607963562;0.7501774430274963;[];
1.34375;MPIB3;52.307240736230824;5.246852854101974;-0.45251742005348206;-0.25375300645828247;0.8548628091812134;[];
1.375;MPIB2;23.5;12.5;-0.12945367395877838;-0.12012668699026108;-0.9842705130577087;[];
1.375;MPIB1;22.866577902815152;57.30434986438641;-0.2477884441614151;-0.07843998074531555;-0.9656257033348083;[];
1.375;MPIB4;51.5;38.5;0.5445681214332581;-0.446954607963562;0.709648072719574;[];
1.375;MPIB3;52.20071436809167;5.425872931877052;-0.4758852422237396;-0.34365129470825195;0.8095524311065674;[];
1.4375;MPIB2;23.5;12.5;0.010180092416703701;-0.22573775053024292;-0.9741122722625732;[];
1.4375;MPIB1;22.796421261655382;57.30000001192093;-0.15103669464588165;0.04447077214717865;-0.9875273704528809;[];
1.4375;MPIB4;51.5;38.5;0.562953531742096;-0.446954607963562;0.6951534152030945;[];
1.4375;MPIB3;52.0926694427194;5.607973289806978;-0.4751867651939392;-0.3582844138145447;0.8035954236984253;[];
1.5;MPIB2;23.5;12.5;0.5283551812171936;-0.3411290943622589;-0.7773875594139099;[];
1.5;MPIB1;22.743299477686833;57.30000001192093;-0.1509791761636734;0.05232319235801697;-0.9871512651443481;[];
1.5;MPIB4;51.5;38.5;0.5684011578559875;-0.446954607963562;0.690706193447113;[];
1.5;MPIB3;51.98379538500171;5.791755480896796;-0.4751867651939392;-0.3582844138145447;0.8035954236984253;[];
1.53125;MPIB2;23.5;12.5;0.7274169921875;-0.3411290943622589;-0.5952737927436829;[];
1.53125;MPIB1;22.69922801199391;57.20316518098116;-0.15353399515151978;0.05232319235801697;-0.9867570996284485;[];
1.53125;MPIB4;51.562264904379845;38.57567150145769;0.5684011578559875;-0.446954607963562;0.690706193447113;[];
1.53125;MPIB3;51.874468620970674;5.976455952998606;-0.4751867651939392;-0.3582844138145447;0.8035954236984253;[];
1.59375;MPIB2;23.5;12.5;0.754905104637146;-0.3189568817615509;-0.5729256868362427;[];
1.59375;MPIB1;22.666719409372035;57.05265796132193;-0.08615561574697495;0.023486921563744545;-0.9960048198699951;[];
1.59375;MPIB4;51.65872213999933;38.692498193428776;0.5701872110366821;-0.446954607963562;0.6892325282096863;[];
1.59375;MPIB3;51.7651132047929;6.161786649481428;-0.4731050133705139;-0.3582844138145447;0.8048228025436401;[];
1.625;MPIB2;23.5;12.5;0.7798188328742981;-0.2789800465106964;-0.5602834224700928;[];
1.625;MPIB1;22.585434094477023;56.89325910961824;0.09677372127771378;-0.00776569964364171;-0.9952753782272339;[];
1.625;MPIB4;51.7740508825234;38.83162765614125;0.5720353722572327;-0.446954607963562;0.6876993775367737;[];
1.625;MPIB3;51.655742144541136;6.34746144851627;-0.4731050133705139;-0.3582844138145447;0.8048228025436401;[];
1.6875;MPIB2;23.5;12.5;0.8758231997489929;-0.2511554956436157;-0.4119938015937805;[];
1.6875;MPIB1;22.476113344929672;56.73018176862249;0.07836724072694778;-0.0653393492102623;-0.9947747588157654;[];
1.6875;MPIB4;51.89788913078792;38.98439142393099;0.5606500506401062;-0.4304995536804199;0.7072956562042236;[];
1.6875;MPIB3;51.546589517111215;6.533457142781742;-0.46704351902008057;-0.3778064548969269;0.7994157671928406;[];
1.75;MPIB2;23.5;12.5;0.9399875998497009;-0.2511554956436157;-0.23077259957790375;[];
1.75;MPIB1;22.34816768155838;56.568059083044545;0.0336005762219429;-0.1744559109210968;-0.9840747714042664;[];
1.75;MPIB4;52.02434269419268;39.146166380257114;0.5478943586349487;-0.4090942442417145;0.7296451926231384;[];
1.75;MPIB3;51.437556154015965;6.719628045863459;-0.4569839537143707;-0.4233904778957367;0.7821972966194153;[];
1.78125;MPIB2;23.5;12.5;0.969749391078949;-0.24102666974067688;-0.037952713668346405;[];
1.78125;MPIB1;22.276777915612684;56.3815520620833;-0.015135640278458595;-0.24864903092384338;-0.9684514999389648;[];
1.78125;MPIB4;52.15160627985097;39.31332163865676;0.5452876687049866;-0.39707398414611816;0.7381894588470459;[];
1.78125;MPIB3;51.329026647869114;6.906149415375808;-0.44366273283958435;-0.460964173078537;0.7685030698776245;[];
1.84375;MPIB2;23.5;12.5;0.9713594317436218;-0.22573775053024292;0.07389939576387405;[];
1.84375;MPIB1;22.232680809382146;56.1818529721962;-0.05022861808538437;-0.2739124894142151;-0.960415780544281;[];
1.84375;MPIB4;52.22109220569132;39.40458842034383;0.5452876687049866;-0.39707398414611816;0.7381894588470459;[];
1.84375;MPIB3;51.220772247648256;7.092862139581513;-0.4336184561252594;-0.4977288246154785;0.7511046528816223;[];
1.875;MPIB2;23.5;12.5;0.9650586843490601;-0.21807213127613068;0.14513929188251495;[];
1.875;MPIB1;22.20296951644093;55.97497936874868;-0.05520838871598244;-0.2789800465106964;-0.9586818218231201;[];
1.875;MPIB4;52.25903152560704;39.45442008893306;0.5452876687049866;-0.39707398414611816;0.7381894588470459;[];
1.875;MPIB3;51.111122190191736;7.278767936289256;-0.4325270354747772;-0.5446015000343323;0.7184997797012329;[];
1.9375;MPIB2;23.5;12.5;0.9595609307289124;-0.21807213127613068;0.17789484560489655;[];
1.9375;MPIB1;22.180859635096112;55.76420338905393;-0.057689838111400604;-0.2789800465106964;-0.9585356712341309;[];
1.9375;MPIB4;52.27974639668696;39.48162818314307;0.5452876687049866;-0.39707398414611816;0.7381894588470459;[];
1.9375;MPIB3;51.051253251866456;7.380272513081707;-0.42656993865966797;-0.5961612462997437;0.6801015138626099;[];
2.0;MPIB2;23.5;12.5;0.9371649622917175;-0.21807213127613068;0.2722598910331726;[];
2.0;MPIB1;22.16213126462867;55.55134601962314;-0.06522364914417267;-0.2789800465106964;-0.9580525159835815;[];
2.0;MPIB4;52.27974639668696;39.48162818314307;0.5452876687049866;-0.39707398414611816;0.7381894588470459;[];
2.0;MPIB3;51.01856480774404;7.435694018447748;-0.4219135344028473;-0.6433912515640259;0.6387035250663757;[];
2.03125;MPIB2;23.5;12.5;0.7328510880470276;-0.2587572932243347;0.6292265057563782;[];
2.03125;MPIB1;22.143965581624457;55.33744807043439;-0.07825896143913269;-0.2587572932243347;-0.962742030620575;[];
2.03125;MPIB4;52.27974639668696;39.48162818314307;0.5452876687049866;-0.39707398414611816;0.7381894588470459;[];
2.03125;MPIB3;51.00071691518019;7.465954163892405;-0.4173022210597992;-0.6729784607887268;0.6106253862380981;[];
2.09375;MPIB2;23.5;12.5;0.6197319030761719;-0.24614089727401733;0.745185375213623;[];
2.09375;MPIB1;22.1227878821104;55.12330871729449;-0.11374329775571823;-0.1408480852842331;-0.9834620356559753;[];
2.09375;MPIB4;52.300603941967665;39.509023673792825;0.5452876687049866;-0.39707398414611816;0.7381894588470459;[];
2.09375;MPIB3;51.00071691518019;7.465954163892405;-0.4148751497268677;-0.680671215057373;0.6037132143974304;[];
2.125;MPIB2;23.5;12.5;0.5705132484436035;-0.22573775053024292;0.7896296381950378;[];
2.125;MPIB1;22.097933545382375;54.909294133225956;-0.13491927087306976;-0.10183289647102356;-0.9855999946594238;[];
2.125;MPIB4;52.300603941967665;39.509023673792825;0.5452876687049866;-0.39707398414611816;0.7381894588470459;[];
2.125;MPIB3;51.00071691518019;7.465954163892405;-0.4138386845588684;-0.6826353669166565;0.6022049784660339;[];
2.1875;MPIB2;23.5;12.5;0.5375764966011047;-0.22069120407104492;0.8137970566749573;[];
2.1875;MPIB1;22.07055996456336;54.69541910179447;-0.14018696546554565;-0.09668128192424774;-0.9853841662406921;[];
2.1875;MPIB4;52.300603941967665;39.509023673792825;0.5433750152587891;-0.39707398414611816;0.7395985126495361;[];
2.1875;MPIB3;50.98565122113291;7.496422726857162;-0.4138386845588684;-0.6826353669166565;0.6022049784660339;[];
2.25;MPIB2;23.5;12.5;0.460563987493515;-0.2232152223587036;0.8590774536132812;[];
2.25;MPIB1;22.039026382000202;54.48205735442241;-0.16833283007144928;-0.10450303554534912;-0.9801648855209351;[];
2.25;MPIB4;52.300603941967665;39.509023673792825;0.5400700569152832;-0.3946968615055084;0.7432827353477478;[];
2.25;MPIB3;50.98565122113291;7.496422726857162;-0.415396124124527;-0.6826353669166565;0.6011316776275635;[];
2.28125;MPIB2;23.5;12.5;0.33394429087638855;-0.2359057515859604;0.9125709533691406;[];
2.28125;MPIB1;22.003455645031636;54.269295780659576;-0.18598103523254395;-0.11746122688055038;-0.9754955172538757;[];
2.28125;MPIB4;52.3577834451105;39.588607780595765;0.5373286604881287;-0.3899347484111786;0.7477699518203735;[];
2.28125;MPIB3;50.98565122113291;7.496422726857162;-0.415396124124527;-0.6826353669166565;0.6011316776275635;[];
2.34375;MPIB2;23.5;12.5;0.13870996236801147;-0.25625601410865784;0.9565798044204712;[];
2.34375;MPIB1;21.964169330832192;54.05716236873977;-0.20082536339759827;-0.13562564551830292;-0.9701799750328064;[];
2.34375;MPIB4;52.446182960595706;39.71164481476029;0.5373286604881287;-0.3899347484111786;0.7477699518203735;[];
2.34375;MPIB3;50.98565122113291;7.496422726857162;-0.41065746545791626;-0.6826353669166565;0.6043787598609924;[];
2.375;MPIB2;23.5;12.5;0.06574498116970062;-0.25625601410865784;0.9643458724021912;[];
2.375;MPIB1;21.922100485698593;53.84553106272648;-0.20735390484333038;-0.16926130652427673;-0.9634951949119568;[];
2.375;MPIB4;52.494449101656755;39.778823043217045;0.5373286604881287;-0.3899347484111786;0.7477699518203735;[];
2.375;MPIB3;50.98565122113291;7.496422726857162;-0.41065746545791626;-0.6826353669166565;0.6043787598609924;[];
2.4375;MPIB2;23.5;12.5;-0.0795988216996193;-0.30894404649734497;0.9477136731147766;[];
2.4375;MPIB1;21.87826444366533;53.63422761035491;-0.20955733954906464;-0.17700421810150146;-0.9616245627403259;[];
2.4375;MPIB4;52.52080241773706;39.81550236021482;0.5373286604881287;-0.3899347484111786;0.7477699518203735;[];
2.4375;MPIB3;50.98565122113291;7.496422726857162;-0.41468095779418945;-0.6748908758163452;0.6103003025054932;[];
2.5;MPIB2;23.5;12.5;-0.08934354782104492;-0.31395483016967773;0.945194661617279;[];
2.5;MPIB1;21.833463512012827;53.423103166092545;-0.20955733954906464;-0.17700421810150146;-0.9616245627403259;[];
2.5;MPIB4;52.52080241773706;39.81550236021482;0.5373286604881287;-0.3899347484111786;0.7477699518203735;[];
2.5;MPIB3;50.98565122113291;7.496422726857162;-0.4140765964984894;-0.6729784607887268;0.6128173470497131;[];
2.53125;MPIB2;23.5;12.5;-0.08934354782104492;-0.31395483016967773;0.945194661617279;[];
2.53125;MPIB1;21.78613003936914;53.212535647001914;-0.229479119181633;-0.18219153583049774;-0.9560916423797607;[];
2.53125;MPIB4;52.54304767699;39.84646396342808;0.5373286604881287;-0.3899347484111786;0.7477699518203735;[];
2.53125;MPIB3;50.98565122113291;7.496422726857162;-0.4134591817855835;-0.6710615158081055;0.61533123254776;[];
2.59375;MPIB2;23.5;12.5;-0.08934354782104492;-0.31395483016967773;0.945194661617279;[];
2.59375;MPIB1;21.72976827600803;53.00443859950937;-0.30493438243865967;-0.2027009278535843;-0.9305317997932434;[];
2.59375;MPIB4;52.54304767699;39.84646396342808;0.5373286604881287;-0.3899347484111786;0.7477699518203735;[];
2.59375;MPIB3;50.98565122113291;7.496422726857162;-0.4134591817855835;-0.6710615158081055;0.61533123254776;[];
2.625;MPIB2;23.5;12.5;-0.08934354782104492;-0.31395483016967773;0.945194661617279;[];
2.625;MPIB1;21.659143717440998;52.80128607986214;-0.39564841985702515;-0.2308715432882309;-0.8888855576515198;[];
2.625;MPIB4;52.54304767699;39.84646396342808;0.5373286604881287;-0.3899347484111786;0.7477699518203735;[];
2.625;MPIB3;50.98565122113291;7.496422726857162;-0.4134591817855835;-0.6710615158081055;0.61533123254776;[];
2.6875;MPIB2;23.5;12.5;-0.08934354782104492;-0.31395483016967773;0.945194661617279;[];
2.6875;MPIB1;21.5749585819608;52.60363280603957;-0.44937166571617126;-0.2612568736076355;-0.8542608022689819;[];
2.6875;MPIB4;52.54304767699;39.84646396342808;0.5373286604881287;-0.3899347484111786;0.7477699518203735;[];
2.6875;MPIB3;50.98565122113291;7.496422726857162;-0.4134591817855835;-0.6710615158081055;0.61533123254776;[];
2.75;MPIB2;23.5;12.5;-0.08934354782104492;-0.31395483016967773;0.945194661617279;[];
2.75;MPIB1;21.48156672872767;52.4099545556644;-0.46542516350746155;-0.2739124894142151;-0.841606080532074;[];
2.75;MPIB4;52.54304767699;39.84646396342808;0.5353912115097046;-0.3899347484111786;0.7491583824157715;[];
2.75;MPIB3;50.98565122113291;7.496422726857162;-0.4134591817855835;-0.6710615158081055;0.61533123254776;[];
2.78125;MPIB2;23.5;12.5;-0.08934354782104492;-0.31395483016967773;0.945194661617279;[];
2.78125;MPIB1;21.43057477093953;52.3042062186766;-0.4647195041179657;-0.2789800465106964;-0.8403300642967224;[];
2.78125;MPIB4;52.54304767699;39.84646396342808;0.5334501266479492;-0.3899347484111786;0.7505417466163635;[];
2.78125;MPIB3;50.98565122113291;7.496422726857162;-0.4134591817855835;-0.6710615158081055;0.61533123254776;[];
2.84375;MPIB2;23.5;12.5;-0.08934354782104492;-0.31395483016967773;0.945194661617279;[];
2.84375;MPIB1;21.402733158753335;52.246467619974766;-0.4632827639579773;-0.2889999747276306;-0.8377320766448975;[];
2.84375;MPIB4;52.54304767699;39.84646396342808;0.5334501266479492;-0.3899347484111786;0.7505417466163635;[];
2.84375;MPIB3;50.98565122113291;7.496422726857162;-0.4134591817855835;-0.6710615158081055;0.61533123254776;[];
2.875;MPIB2;23.490777759812772;12.597565099596977;-0.08934354782104492;-0.31395483016967773;0.945194661617279;[];
2.875;MPIB1;21.387531636734025;52.21494234142182;-0.47594696283340454;-0.3312872350215912;-0.8146553635597229;[];
2.875;MPIB4;52.54304767699;39.84646396342808;0.5334501266479492;-0.3899347484111786;0.7505417466163635;[];
2.875;MPIB3;50.98565122113291;7.496422726857162;-0.4134591817855835;-0.6710615158081055;0.61533123254776;[];
2.9375;MPIB2;23.47652017589845;12.74840074976143;-0.08934354782104492;-0.31395483016967773;0.945194661617279;[];
2.9375;MPIB1;21.387531636734025;52.21494234142182;-0.4840373694896698;-0.3558664619922638;-0.7993767261505127;[];
2.9375;MPIB4;52.54304767699;39.84646396342808;0.5315054655075073;-0.3899347484111786;0.7519201636314392;[];
2.9375;MPIB3;50.98565122113291;7.496422726857162;-0.4134591817855835;-0.6710615158081055;0.61533123254776;[];
3.0;MPIB2;23.459513293989797;12.928322123914086;-0.08878742158412933;-0.3312872350215912;0.9393112659454346;[];
3.0;MPIB1;21.387531636734025;52.21494234142182;-0.4861049950122833;-0.3558664619922638;-0.7981210947036743;[];
3.0;MPIB4;52.54304767699;39.84646396342808;0.5289027690887451;-0.39231711626052856;0.7525157332420349;[];
3.0;MPIB3;50.98565122113291;7.496422726857162;-0.4134591817855835;-0.6710615158081055;0.61533123254776;[];
3.03125;MPIB2;23.44202535977934;13.124215351303803;-0.0777357667684555;-0.3705158829689026;0.9255318641662598;[];
3.03125;MPIB1;21.37469978675631;52.18319993171235;-0.4861049950122833;-0.3558664619922638;-0.7981210947036743;[];
3.03125;MPIB4;52.54304767699;39.84646396342808;0.5289027690887451;-0.39231711626052856;0.7525157332420349;[];
3.03125;MPIB3;50.98565122113291;7.496422726857162;-0.4134591817855835;-0.6710615158081055;0.61533123254776;[];
3.09375;MPIB2;23.432476946591358;13.231173065882018;-0.07485770434141159;-0.3850736916065216;0.9198077917098999;[];
3.09375;MPIB1;21.37469978675631;52.18319993171235;-0.4861049950122833;-0.3558664619922638;-0.7981210947036743;[];
3.09375;MPIB4;52.54304767699;39.84646396342808;0.5289027690887451;-0.39231711626052856;0.7525157332420349;[];
3.09375;MPIB3;50.98565122113291;7.496422726857162;-0.41376593708992004;-0.6671427488327026;0.6193730235099792;[];
3.125;MPIB2;23.427263512385164;13.289571984824903;-0.06458128988742828;-0.4067308008670807;0.9112234115600586;[];
3.125;MPIB1;21.37469978675631;52.18319993171235;-0.4861049950122833;-0.3558664619922638;-0.7981210947036743;[];
3.125;MPIB4;52.54304767699;39.84646396342808;0.5289027690887451;-0.39231711626052856;0.7525157332420349;[];
3.125;MPIB3;50.98565122113291;7.496422726857162;-0.41376593708992004;-0.6671427488327026;0.6193730235099792;[];
3.1875;MPIB2;23.427263512385164;13.321457798271354;-0.04952036216855049;-0.4351666569709778;0.8989452719688416;[];
3.1875;MPIB1;21.37469978675631;52.18319993171235;-0.4861049950122833;-0.3558664619922638;-0.7981210947036743;[];
3.1875;MPIB4;52.54304767699;39.84646396342808;0.5289027690887451;-0.39231711626052856;0.7525157332420349;[];
3.1875;MPIB3;50.98565122113291;7.496422726857162;-0.412161260843277;-0.6671427488327026;0.6204420328140259;[];
3.25;MPIB2;23.427263512385164;13.321457798271354;-0.04212378337979317;-0.44926875829696655;0.8923599123954773;[];
3.25;MPIB1;21.37469978675631;52.18319993171235;-0.4861049950122833;-0.3558664619922638;-0.7981210947036743;[];
3.25;MPIB4;52.54304767699;39.84646396342808;0.5289027690887451;-0.39231711626052856;0.7525157332420349;[];
3.25;MPIB3;50.98565122113291;7.496422726857162;-0.412161260843277;-0.6671427488327026;0.6204420328140259;[];
3.28125;MPIB2;23.427263512385164;13.321457798271354;-0.04212378337979317;-0.44926875829696655;0.8923599123954773;[];
3.28125;MPIB1;21.37469978675631;52.18319993171235;-0.4861049950122833;-0.3558664619922638;-0.7981210947036743;[];
3.28125;MPIB4;52.54304767699;39.84646396342808;0.5289027690887451;-0.39231711626052856;0.7525157332420349;[];
3.28125;MPIB3;50.98565122113291;7.496422726857162;-0.412161260843277;-0.6671427488327026;0.6204420328140259;[];
3.34375;MPIB2;23.427263512385164;13.353563226067536;-0.04212378337979317;-0.44926875829696655;0.8923599123954773;[];
3.34375;MPIB1;21.37469978675631;52.18319993171235;-0.4861049950122833;-0.3558664619922638;-0.7981210947036743;[];
3.34375;MPIB4;52.54304767699;39.84646396342808;0.5289027690887451;-0.39231711626052856;0.7525157332420349;[];
3.34375;MPIB3;50.98565122113291;7.496422726857162;-0.412161260843277;-0.6671427488327026;0.6204420328140259;[];
3.375;MPIB2;23.427263512385164;13.353563226067536;-0.04212378337979317;-0.44926875829696655;0.8923599123954773;[];
3.375;MPIB1;21.37469978675631;52.18319993171235;-0.4865826368331909;-0.3534461557865143;-0.7989053726196289;[];
3.375;MPIB4;52.54304767699;39.84646396342808;0.5269531011581421;-0.39231711626052856;0.7538822889328003;[];
3.375;MPIB3;50.98565122113291;7.496422726857162;-0.412161260843277;-0.6671427488327026;0.6204420328140259;[];
3.4375;MPIB2;23.427263512385164;13.353563226067536;-0.04212378337979317;-0.44926875829696655;0.8923599123954773;[];
3.4375;MPIB1;21.37469978675631;52.18319993171235;-0.49512726068496704;-0.3064810633659363;-0.8129344582557678;[];
3.4375;MPIB4;52.54304767699;39.84646396342808;0.5269531011581421;-0.39231711626052856;0.7538822889328003;[];
3.4375;MPIB3;50.98565122113291;7.496422726857162;-0.412161260843277;-0.6671427488327026;0.6204420328140259;[];
3.5;MPIB2;23.427263512385164;13.353563226067536;-0.04212378337979317;-0.44926875829696655;0.8923599123954773;[];
3.5;MPIB1;21.37469978675631;52.18319993171235;-0.4995085597038269;-0.2789800465106964;-0.8201280236244202;[];
3.5;MPIB4;52.54304767699;39.84646396342808;0.5269531011581421;-0.39231711626052856;0.7538822889328003;[];
3.5;MPIB3;50.98565122113291;7.496422726857162;-0.412161260843277;-0.6671427488327026;0.6204420328140259;[];
3.53125;MPIB2;23.427263512385164;13.353563226067536;-0.04212378337979317;-0.44926875829696655;0.8923599123954773;[];
3.53125;MPIB1;21.37469978675631;52.18319993171235;-0.5013721585273743;-0.2663431465625763;-0.8231877684593201;[];
3.53125;MPIB4;52.547337242951244;39.8556941148758;0.5269531011581421;-0.39231711626052856;0.7538822889328003;[];
3.53125;MPIB3;50.98565122113291;7.496422726857162;-0.412161260843277;-0.6671427488327026;0.6204420328140259;[];
3.59375;MPIB2;23.427263512385164;13.353563226067536;-0.04212378337979317;-0.44926875829696655;0.8923599123954773;[];
3.59375;MPIB1;21.37469978675631;52.18319993171235;-0.5013721585273743;-0.2663431465625763;-0.8231877684593201;[];
3.59375;MPIB4;52.547337242951244;39.8556941148758;0.5269531011581421;-0.39231711626052856;0.7538822889328003;[];
3.59375;MPIB3;50.98565122113291;7.496422726857162;-0.412161260843277;-0.6671427488327026;0.6204420328140259;[];
3.625;MPIB2;23.427263512385164;13.353563226067536;-0.04212378337979317;-0.44926875829696655;0.8923599123954773;[];
3.625;MPIB1;21.37469978675631;52.18319993171235;-0.5013721585273743;-0.2663431465625763;-0.8231877684593201;[];
3.625;MPIB4;52.547337242951244;39.8556941148758;0.5269531011581421;-0.39231711626052856;0.7538822889328003;[];
3.625;MPIB3;50.98565122113291;7.496422726857162;-0.41376593708992004;-0.6671427488327026;0.6193730235099792;[];
3.6875;MPIB2;23.427263512385164;13.353563226067536;-0.03967626392841339;-0.45157986879348755;0.8913047313690186;[];
3.6875;MPIB1;21.37469978675631;52.18319993171235;-0.5013721585273743;-0.2663431465625763;-0.8231877684593201;[];
3.6875;MPIB4;52.547337242951244;39.8556941148758;0.5269531011581421;-0.39231711626052856;0.7538822889328003;[];
3.6875;MPIB3;50.98565122113291;7.496422726857162;-0.41376593708992004;-0.6671427488327026;0.6193730235099792;[];
3.75;MPIB2;23.427263512385164;13.353563226067536;-0.00467284768819809;-0.4632597863674164;0.8861658573150635;[];
3.75;MPIB1;21.37469978675631;52.18319993171235;-0.4985049366950989;-0.27142199873924255;-0.8232695460319519;[];
3.75;MPIB4;52.547337242951244;39.8556941148758;0.5269531011581421;-0.39231711626052856;0.7538822889328003;[];
3.75;MPIB3;50.98565122113291;7.496422726857162;-0.417026162147522;-0.6671427488327026;0.6171826124191284;[];
3.78125;MPIB2;23.427263512385164;13.353563226067536;0.020783204585313797;-0.47249555587768555;0.8810426592826843;[];
3.78125;MPIB1;21.37469978675631;52.18319993171235;-0.4912920892238617;-0.276401162147522;-0.8259440064430237;[];
3.78125;MPIB4;52.547337242951244;39.8556941148758;0.5269531011581421;-0.39231711626052856;0.7538822889328003;[];
3.78125;MPIB3;50.98565122113291;7.496422726857162;-0.421865314245224;-0.6671427488327026;0.6138850450515747;[];
3.84375;MPIB2;23.427263512385164;13.353563226067536;0.04141274467110634;-0.47477537393569946;0.8790865540504456;[];
3.84375;MPIB1;21.37469978675631;52.18319993171235;-0.48542559146881104;-0.2865208685398102;-0.8259631395339966;[];
3.84375;MPIB4;52.547337242951244;39.8556941148758;0.5269531011581421;-0.39231711626052856;0.7538822889328003;[];
3.84375;MPIB3;50.98565122113291;7.496422726857162;-0.421865314245224;-0.6671427488327026;0.6138850450515747;[];
3.875;MPIB2;23.427263512385164;13.353563226067536;0.05295538902282715;-0.47477537393569946;0.878466784954071;[];
3.875;MPIB1;21.37469978675631;52.18319993171235;-0.4803912341594696;-0.29147714376449585;-0.8271709680557251;[];
3.875;MPIB4;52.547337242951244;39.8556941148758;0.5269531011581421;-0.39231711626052856;0.7538822889328003;[];
3.875;MPIB3;50.98565122113291;7.496422726857162;-0.421865314245224;-0.6671427488327026;0.6138850450515747;[];
3.9375;MPIB2;23.427263512385164;13.353563226067536;0.05977296084165573;-0.4771362841129303;0.8767484426498413;[];
3.9375;MPIB1;21.37469978675631;52.18319993171235;-0.4773938059806824;-0.29651716351509094;-0.827114462852478;[];
3.9375;MPIB4;52.547337242951244;39.8556941148758;0.5269531011581421;-0.39231711626052856;0.7538822889328003;[];
3.9375;MPIB3;50.98565122113291;7.496422726857162;-0.421865314245224;-0.6671427488327026;0.6138850450515747;[];
4.0;MPIB2;23.427263512385164;13.353563226067536;0.06666373461484909;-0.4771362841129303;0.8762513995170593;[];
4.0;MPIB1;21.37469978675631;52.18319993171235;-0.475251168012619;-0.29651716351509094;-0.8283475041389465;[];
4.0;MPIB4;52.547337242951244;39.8556941148758;0.5249997973442078;-0.39231711626052856;0.7552438378334045;[];
4.0;MPIB3;50.98565122113291;7.496422726857162;-0.4234529733657837;-0.6671427488327026;0.6127910017967224;[];
4.03125;MPIB2;23.427263512385164;13.353563226067536;0.0778624638915062;-0.4816797375679016;0.872835099697113;[];
4.03125;MPIB1;21.37469978675631;52.18319993171235;-0.47486749291419983;-0.29898834228515625;-0.8276787996292114;[];
4.03125;MPIB4;52.547337242951244;39.8556941148758;0.5249997973442078;-0.39231711626052856;0.7552438378334045;[];
4.03125;MPIB3;50.98565122113291;7.496422726857162;-0.5812758803367615;-0.5813601613044739;0.5692521333694458;[];
4.09375;MPIB2;23.427263512385164;13.353563226067536;0.08697938919067383;-0.4816797375679016;0.8719737529754639;[];
4.09375;MPIB1;21.37469978675631;52.18319993171235;-0.4727233648300171;-0.29898834228515625;-0.8289052248001099;[];
4.09375;MPIB4;52.547337242951244;39.8556941148758;0.5229704976081848;-0.39231711626052856;0.756650447845459;[];
4.09375;MPIB3;50.98565122113291;7.496422726857162;-0.8690248727798462;-0.39707398414611816;0.29505613446235657;[];
4.125;MPIB2;23.427263512385164;13.353563226067536;0.09842467308044434;-0.4816797375679016;0.8707560896873474;[];
4.125;MPIB1;21.37469978675631;52.18319993171235;-0.4727233648300171;-0.29898834228515625;-0.8289052248001099;[];
4.125;MPIB4;52.547337242951244;39.8556941148758;0.5229704976081848;-0.39231711626052856;0.756650447845459;[];
4.125;MPIB3;50.89006962255303;7.518059626417852;-0.9132266640663147;-0.35102346539497375;0.2067280113697052;[];
4.1875;MPIB2;23.427263512385164;13.353563226067536;0.11210311204195023;-0.4816797375679016;0.8691009879112244;[];
4.1875;MPIB1;21.37469978675631;52.18319993171235;-0.4704965054988861;-0.29898834228515625;-0.8301712274551392;[];
4.1875;MPIB4;52.547337242951244;39.8556941148758;0.5229704976081848;-0.39231711626052856;0.756650447845459;[];
4.1875;MPIB3;50.74192029921187;7.549756463717728;-0.916858971118927;-0.35102346539497375;0.18997137248516083;[];
4.25;MPIB2;23.427263512385164;13.353563226067536;0.13004925847053528;-0.48403051495552063;0.8652862906455994;[];
4.25;MPIB1;21.37469978675631;52.18319993171235;-0.4704965054988861;-0.29898834228515625;-0.8301712274551392;[];
4.25;MPIB4;52.547337242951244;39.8556941148758;0.5210100412368774;-0.39231711626052856;0.7580016851425171;[];
4.25;MPIB3;50.56458150332878;7.5844278450407785;-0.9092240929603577;-0.3826834261417389;0.16369843482971191;[];
4.28125;MPIB2;23.427263512385164;13.353563226067536;0.1346101462841034;-0.48403051495552063;0.8645885586738586;[];
4.28125;MPIB1;21.37469978675631;52.18319993171235;-0.4704965054988861;-0.29898834228515625;-0.8301712274551392;[];
4.28125;MPIB4;52.547337242951244;39.8556941148758;0.5210100412368774;-0.39231711626052856;0.7580016851425171;[];
4.28125;MPIB3;50.37104415544013;7.619204742801259;-0.902562141418457;-0.404276967048645;0.14788790047168732;[];
4.34375;MPIB2;23.427263512385164;13.353563226067536;0.13684774935245514;-0.48403051495552063;0.8642371892929077;[];
4.34375;MPIB1;21.37469978675631;52.18319993171235;-0.4704965054988861;-0.29898834228515625;-0.8301712274551392;[];
4.34375;MPIB4;52.547337242951244;39.8556941148758;0.5078967213630676;-0.39707398414611816;0.7643973231315613;[];
4.34375;MPIB3;50.16866239712908;7.654039252543299;-0.8861833214759827;-0.4399081766605377;0.14520415663719177;[];
4.375;MPIB2;23.427263512385164;13.353563226067536;0.13908444344997406;-0.48403051495552063;0.8638800978660583;[];
4.375;MPIB1;21.37469978675631;52.18319993171235;-0.4704965054988861;-0.29898834228515625;-0.8301712274551392;[];
4.375;MPIB4;52.547337242951244;39.8556941148758;0.40523844957351685;-0.4114549458026886;0.816342294216156;[];
4.375;MPIB3;49.96145159016669;7.688905218430904;-0.8780840635299683;-0.45627835392951965;0.1438770741224289;[];
4.4375;MPIB2;23.427263512385164;13.353563226067536;0.1436377912759781;-0.48403051495552063;0.8631346225738525;[];
4.4375;MPIB1;21.37469978675631;52.18319993171235;-0.4704965054988861;-0.29898834228515625;-0.8301712274551392;[];
4.4375;MPIB4;52.547337242951244;39.8556941148758;0.3016473352909088;-0.4139001667499542;0.8588500022888184;[];
4.4375;MPIB3;49.75173169117534;7.7245481658599715;-0.8769257664680481;-0.45627835392951965;0.150775745511055;[];
4.5;MPIB2;23.427263512385164;13.353563226067536;0.14818713068962097;-0.48403051495552063;0.8623652458190918;[];
4.5;MPIB1;21.37469978675631;52.18319993171235;-0.4704965054988861;-0.29898834228515625;-0.8301712274551392;[];
4.5;MPIB4;52.547337242951244;39.8556941148758;0.3016473352909088;-0.4139001667499542;0.8588500022888184;[];
4.5;MPIB3;49.54072909642741;7.761115145107567;-0.8761334419250488;-0.45627835392951965;0.15531370043754578;[];
4.53125;MPIB2;23.427263512385164;13.353563226067536;0.1504189372062683;-0.48403051495552063;0.8619787693023682;[];
4.53125;MPIB1;21.37469978675631;52.18319993171235;-0.4704965054988861;-0.29898834228515625;-0.8301712274551392;[];
4.53125;MPIB4;52.547337242951244;39.8556941148758;0.3016473352909088;-0.4139001667499542;0.8588500022888184;[];
4.53125;MPIB3;49.329072410370145;7.79844562424293;-0.8757134079933167;-0.45627835392951965;0.15766510367393494;[];
4.59375;MPIB2;23.427263512385164;13.353563226067536;0.15496207773685455;-0.48403051495552063;0.8611736297607422;[];
4.59375;MPIB1;21.37469978675631;52.18319993171235;-0.4704965054988861;-0.29898834228515625;-0.8301712274551392;[];
4.59375;MPIB4;52.547337242951244;39.8556941148758;0.3016473352909088;-0.4139001667499542;0.8588500022888184;[];
4.59375;MPIB3;49.11729320919949;7.83744904912183;-0.8724204897880554;-0.45858025550842285;0.16884462535381317;[];
4.625;MPIB2;23.427263512385164;13.353563226067536;0.16172748804092407;-0.48403051495552063;0.8599287867546082;[];
4.625;MPIB1;21.37469978675631;52.18319993171235;-0.4704965054988861;-0.29898834228515625;-0.8301712274551392;[];
4.625;MPIB4;52.547337242951244;39.8556941148758;0.3016473352909088;-0.4139001667499542;0.8588500022888184;[];
4.625;MPIB3;49.001661751929305;7.858744921579273;-0.8668047189712524;-0.4632597863674164;0.18428556621074677;[];
4.6875;MPIB2;23.427263512385164;13.353563226067536;0.17242823541164398;-0.48855432868003845;0.8552786111831665;[];
4.6875;MPIB1;21.37469978675631;52.18319993171235;-0.4704965054988861;-0.29898834228515625;-0.8301712274551392;[];
4.6875;MPIB4;52.57907545714602;39.9484093782425;0.2962840497493744;-0.404276967048645;0.8652774095535278;[];
4.6875;MPIB3;48.93852696892645;7.8703724692915955;-0.8487982153892517;-0.47249555587768555;0.23708580434322357;[];
4.75;MPIB2;23.427263512385164;13.353563226067536;0.17693576216697693;-0.48855432868003845;0.8543574810028076;[];
4.75;MPIB1;21.37469978675631;52.18319993171235;-0.4704965054988861;-0.29898834228515625;-0.8301712274551392;[];
4.75;MPIB4;52.62717209342759;40.092073874345374;0.2916828393936157;-0.3705158829689026;0.8818010687828064;[];
4.75;MPIB3;48.904055373403025;7.876721111079945;-0.8341048955917358;-0.4816797375679016;0.2686496675014496;[];
4.78125;MPIB2;23.427263512385164;13.353563226067536;0.18364688754081726;-0.48855432868003845;0.8529400825500488;[];
4.78125;MPIB1;21.37469978675631;52.18319993171235;-0.4704965054988861;-0.29898834228515625;-0.8301712274551392;[];
4.78125;MPIB4;52.683468001742995;40.26379572898355;0.28761738538742065;-0.34608107805252075;0.8929960131645203;[];
4.78125;MPIB3;48.904055373403025;7.876721111079945;-0.8243802189826965;-0.48629406094551086;0.2895407974720001;[];
4.84375;MPIB2;23.427263512385164;13.353563226067536;0.1880602389574051;-0.48855432868003845;0.8519778847694397;[];
4.84375;MPIB1;21.37469978675631;52.18319993171235;-0.4704965054988861;-0.29898834228515625;-0.8301712274551392;[];
4.84375;MPIB4;52.74277032798955;40.45129774392305;0.2760893404483795;-0.3214091956615448;0.9057661890983582;[];
4.84375;MPIB3;48.904055373403025;7.876721111079945;-0.82207852602005;-0.48629406094551086;0.2960127592086792;[];
4.875;MPIB2;23.427263512385164;13.353563226067536;0.19255012273788452;-0.48855432868003845;0.8509743809700012;[];
4.875;MPIB1;21.37469978675631;52.18319993171235;-0.4704965054988861;-0.29898834228515625;-0.8301712274551392;[];
4.875;MPIB4;52.80223671221029;40.64785339684386;0.26383769512176514;-0.29898834228515625;0.9170283079147339;[];
4.875;MPIB3;48.86934635389002;7.880187469898999;-0.8212808966636658;-0.48629406094551086;0.2982185184955597;[];
4.9375;MPIB2;23.427263512385164;13.353563226067536;0.19665636122226715;-0.4908948540687561;0.8486851453781128;[];
4.9375;MPIB1;21.37469978675631;52.18319993171235;-0.4704965054988861;-0.29898834228515625;-0.8301712274551392;[];
4.9375;MPIB4;52.86130471494539;40.849491357059975;0.26012328267097473;-0.2865208685398102;0.9220569133758545;[];
4.9375;MPIB3;48.86934635389002;7.880187469898999;-0.82050621509552;-0.48629406094551086;0.30034351348876953;[];
5.0;MPIB2;23.427263512385164;13.353563226067536;0.1989339143037796;-0.4908948540687561;0.8481542468070984;[];
5.0;MPIB1;21.37469978675631;52.18319993171235;-0.4704965054988861;-0.29898834228515625;-0.8301712274551392;[];
5.0;MPIB4;52.919657474640644;41.05404325541326;0.2562386095523834;-0.2739124894142151;0.926964521408081;[];
5.0;MPIB3;48.86934635389002;7.880187469898999;-0.82050621509552;-0.48629406094551086;0.30034351348876953;[];
5.03125;MPIB2;23.451130247783933;13.448610275291912;0.2116224318742752;-0.49539870023727417;0.8424449563026428;[];
5.03125;MPIB1;21.37469978675631;52.18319993171235;-0.4704965054988861;-0.29898834228515625;-0.8301712274551392;[];
5.03125;MPIB4;52.97737510157913;41.26025344291705;0.2543989419937134;-0.2663431465625763;0.9296737909317017;[];
5.03125;MPIB3;48.86934635389002;7.880187469898999;-0.82050621509552;-0.48629406094551086;0.30034351348876953;[];
5.09375;MPIB2;23.491492507508323;13.594615050928098;0.24232713878154755;-0.49539870023727417;0.8341313004493713;[];
5.09375;MPIB1;21.37469978675631;52.18319993171235;-0.4704965054988861;-0.29898834228515625;-0.8301712274551392;[];
5.09375;MPIB4;53.0347459459922;41.46736905640216;0.2543989419937134;-0.2663431465625763;0.9296737909317017;[];
5.09375;MPIB3;48.86934635389002;7.880187469898999;-0.82050621509552;-0.48629406094551086;0.30034351348876953;[];
5.125;MPIB2;23.543314919960494;13.767695015598719;0.26407384872436523;-0.49539870023727417;0.8275038599967957;[];
5.125;MPIB1;21.37469978675631;52.18319993171235;-0.4704965054988861;-0.29898834228515625;-0.8301712274551392;[];
5.125;MPIB4;53.09192744712436;41.6749790325305;0.2543989419937134;-0.2663431465625763;0.9296737909317017;[];
5.125;MPIB3;48.86934635389002;7.880187469898999;-0.82050621509552;-0.48629406094551086;0.30034351348876953;[];
5.1875;MPIB2;23.60933850849585;13.952639486317224;0.33936071395874023;-0.47249555587768555;0.813327968120575;[];
5.1875;MPIB1;21.37469978675631;52.18319993171235;-0.4704965054988861;-0.29898834228515625;-0.8301712274551392;[];
5.1875;MPIB4;53.14900556681323;41.8828589306934;0.2543989419937134;-0.2663431465625763;0.9296737909317017;[];
5.1875;MPIB3;48.86934635389002;7.880187469898999;-0.82050621509552;-0.48629406094551086;0.30034351348876953;[];
5.25;MPIB2;23.69348689494443;14.138998615670715;0.44470492005348206;-0.4233904778957367;0.7892429828643799;[];
5.25;MPIB1;21.37469978675631;52.18319993171235;-0.4704965054988861;-0.29898834228515625;-0.8301712274551392;[];
5.25;MPIB4;53.206027240227286;42.090886206304305;0.2543989419937134;-0.2663431465625763;0.9296737909317017;[];
5.25;MPIB3;48.86934635389002;7.880187469898999;-0.82050621509552;-0.48629406094551086;0.30034351348876953;[];
5.28125;MPIB2;23.79149602515033;14.323771779199376;0.4870753288269043;-0.3995363116264343;0.7765682339668274;[];
5.28125;MPIB1;21.37469978675631;52.18319993171235;-0.4704965054988861;-0.29898834228515625;-0.8301712274551392;[];
5.28125;MPIB4;53.26301809397182;42.29899395001115;0.2543989419937134;-0.2663431465625763;0.9296737909317017;[];
5.28125;MPIB3;48.86934635389002;7.880187469898999;-0.82050621509552;-0.48629406094551086;0.30034351348876953;[];
5.34375;MPIB2;23.89922813198391;14.506287817976869;0.512844979763031;-0.37540847063064575;0.7720050811767578;[];
5.34375;MPIB1;21.37469978675631;52.18319993171235;-0.4704965054988861;-0.29898834228515625;-0.8301712274551392;[];
5.34375;MPIB4;53.294135103730696;42.41262079127313;0.2543989419937134;-0.2663431465625763;0.9296737909317017;[];
5.34375;MPIB3;48.86934635389002;7.880187469898999;-0.82050621509552;-0.48629406094551086;0.30034351348876953;[];
5.375;MPIB2;24.01647366395335;14.684616722694557;0.5599060654640198;-0.34365129470825195;0.7538880109786987;[];
5.375;MPIB1;21.325263765160116;52.09858268949529;-0.4840415120124817;-0.28146493434906006;-0.8285104036331177;[];
5.375;MPIB4;53.311124993032536;42.47466105380832;0.22998173534870148;-0.2663431465625763;0.9360131621360779;[];
5.375;MPIB3;48.86934635389002;7.880187469898999;-0.82050621509552;-0.48629406094551086;0.30034351348876953;[];
5.4375;MPIB2;24.14274738308393;14.857661785352661;0.6000004410743713;-0.32884371280670166;0.7292473316192627;[];
5.4375;MPIB1;21.22459553276542;51.98776107817832;-0.7341102957725525;-0.21554511785507202;-0.6438804268836975;[];
5.4375;MPIB4;53.32040147366888;42.50853504108707;0.16642510890960693;-0.3014575242996216;0.9388135075569153;[];
5.4375;MPIB3;48.86934635389002;7.880187469898999;-0.82050621509552;-0.48629406094551086;0.30034351348876953;[];
5.5;MPIB2;24.2749391738464;15.026997537673907;0.6100946664810181;-0.32630735635757446;0.7219757437705994;[];
5.5;MPIB1;21.07814339046911;51.89212306208762;-0.918340265750885;-0.17964565753936768;-0.3526255190372467;[];
5.5;MPIB4;53.32040147366888;42.50853504108707;0.1241825520992279;-0.36078935861587524;0.9243079423904419;[];
5.5;MPIB3;48.86934635389002;7.880187469898999;-0.82050621509552;-0.48629406094551086;0.30034351348876953;[];
5.53125;MPIB2;24.41075608468671;15.193973423093098;0.6138931512832642;-0.32630735635757446;0.7187486290931702;[];
5.53125;MPIB1;20.904291967941276;51.811816654861616;-0.9446243047714233;-0.1667095124721527;-0.28259730339050293;[];
5.53125;MPIB4;53.32040147366888;42.50853504108707;0.11070090532302856;-0.3899347484111786;0.9141265749931335;[];
5.53125;MPIB3;48.86934635389002;7.880187469898999;-0.82050621509552;-0.48629406094551086;0.30034351348876953;[];
5.59375;MPIB2;24.549906253177245;15.358482891692319;0.6269511580467224;-0.32630735635757446;0.7073872089385986;[];
5.59375;MPIB1;20.7153337229787;51.74037677438304;-0.9461013674736023;-0.1667095124721527;-0.2776123285293579;[];
5.59375;MPIB4;53.32546643268461;42.54264233631335;0.10776152461767197;-0.3995363116264343;0.9103230237960815;[];
5.59375;MPIB3;48.86934635389002;7.880187469898999;-0.82050621509552;-0.48629406094551086;0.30034351348876953;[];
5.625;MPIB2;24.691639312558735;15.520962426156615;0.6343091130256653;-0.32630735635757446;0.700796902179718;[];
5.625;MPIB1;20.518056043667457;51.6740215291218;-0.9472283124923706;-0.16415658593177795;-0.2752819359302521;[];
5.625;MPIB4;53.32546643268461;42.54264233631335;0.10763955861330032;-0.4019079804420471;0.9092926383018494;[];
5.625;MPIB3;48.86934635389002;7.880187469898999;-0.82050621509552;-0.48629406094551086;0.30034351348876953;[];
5.6875;MPIB2;24.835538380173343;15.681642411191376;0.6415978670120239;-0.32630735635757446;0.6941300630569458;[];
5.6875;MPIB1;20.31623595267422;51.61044249501171;-0.9472283124923706;-0.16415658593177795;-0.2752819359302521;[];
5.6875;MPIB4;53.32546643268461;42.54264233631335;0.10763955861330032;-0.4019079804420471;0.9092926383018494;[];
5.6875;MPIB3;48.86934635389002;7.880187469898999;-0.82050621509552;-0.48629406094551086;0.30034351348876953;[];
5.75;MPIB2;24.98080617412159;15.841167405886154;0.6433925032615662;-0.32630735635757446;0.6924669146537781;[];
5.75;MPIB1;20.11401387270871;51.54204169302645;-0.9237709045410156;-0.17964565753936768;-0.3381431996822357;[];
5.75;MPIB4;53.32546643268461;42.54264233631335;0.10751686990261078;-0.404276967048645;0.9082562327384949;[];
5.75;MPIB3;48.86934635389002;7.880187469898999;-0.82050621509552;-0.48629406094551086;0.30034351348876953;[];
5.78125;MPIB2;25.12701379338569;15.999882455208223;0.6446486115455627;-0.32884371280670166;0.6900944709777832;[];
5.78125;MPIB1;20.003600604222697;51.504694850804555;-0.902626633644104;-0.19762851297855377;-0.3823232054710388;[];
5.78125;MPIB4;53.32546643268461;42.54264233631335;0.10751686990261078;-0.404276967048645;0.9082562327384949;[];
5.78125;MPIB3;48.86934635389002;7.880187469898999;-0.82050621509552;-0.48629406094551086;0.30034351348876953;[];
5.84375;MPIB2;25.273919734062;16.15798185459147;0.6458478569984436;-0.3312872350215912;0.6878003478050232;[];
5.84375;MPIB1;19.94331495262702;51.484303472582894;-0.9016719460487366;-0.2027009278535843;-0.38191884756088257;[];
5.84375;MPIB4;53.32546643268461;42.54264233631335;0.10751686990261078;-0.404276967048645;0.9082562327384949;[];
5.84375;MPIB3;48.86934635389002;7.880187469898999;-0.82050621509552;-0.48629406094551086;0.30034351348876953;[];
5.875;MPIB2;25.42139168051841;16.31557121996852;0.6476261019706726;-0.3312872350215912;0.6861262321472168;[];
5.875;MPIB1;19.91039898303245;51.47316977878066;-0.8970174193382263;-0.22573775053024292;-0.37994733452796936;[];
5.875;MPIB4;53.32546643268461;42.54264233631335;0.10751686990261078;-0.404276967048645;0.9082562327384949;[];
5.875;MPIB3;48.866282753205724;7.880187469898999;-0.82050621509552;-0.48629406094551086;0.30034351348876953;[];
5.9375;MPIB2;25.569172666166647;16.47288210674583;0.6470351219177246;-0.33372852206230164;0.6855001449584961;[];
5.9375;MPIB1;19.91039898303245;51.47316977878066;-0.8902879357337952;-0.2511554956436157;-0.37981799244880676;[];
5.9375;MPIB4;53.32546643268461;42.54264233631335;0.10751686990261078;-0.404276967048645;0.9082562327384949;[];
5.9375;MPIB3;48.866282753205724;7.880187469898999;-0.82050621509552;-0.48629406094551086;0.30034351348876953;[];
6.0;MPIB2;25.649861093702757;16.55877386090279;0.6470351219177246;-0.33372852206230164;0.6855001449584961;[];
6.0;MPIB1;19.843450913555444;51.55360618930834;-0.8835436701774597;-0.2663431465625763;-0.38517889380455017;[];
6.0;MPIB4;53.32546643268461;42.54264233631335;0.10751686990261078;-0.404276967048645;0.9082562327384949;[];
6.0;MPIB3;48.866282753205724;7.880187469898999;-0.82050621509552;-0.48629406094551086;0.30034351348876953;[];
6.03125;MPIB2;25.69391698025468;16.605670764119708;0.6470351219177246;-0.33372852206230164;0.6855001449584961;[];
6.03125;MPIB1;19.775908491653354;51.689945972666806;-0.8724254369735718;-0.28146493434906006;-0.3994990885257721;[];
6.03125;MPIB4;53.32546643268461;42.54264233631335;0.10751686990261078;-0.404276967048645;0.9082562327384949;[];
6.03125;MPIB3;48.866282753205724;7.880187469898999;-0.82050621509552;-0.48629406094551086;0.30034351348876953;[];
6.09375;MPIB2;25.717971497106028;16.63127647625032;0.6470351219177246;-0.33372852206230164;0.6855001449584961;[];
6.09375;MPIB1;19.696367082343386;51.85261360531965;-0.8597536683082581;-0.29651716351509094;-0.41574859619140625;[];
6.09375;MPIB4;53.32546643268461;42.54264233631335;0.10751686990261078;-0.404276967048645;0.9082562327384949;[];
6.09375;MPIB3;48.866282753205724;7.880187469898999;-0.82050621509552;-0.48629406094551086;0.30034351348876953;[];
6.125;MPIB2;25.717971497106028;16.63127647625032;0.6470351219177246;-0.33372852206230164;0.6855001449584961;[];
6.125;MPIB1;19.607296716096243;52.02815338129412;-0.8444260954856873;-0.29898834228515625;-0.4444050192832947;[];
6.125;MPIB4;53.32546643268461;42.54264233631335;0.10751686990261078;-0.404276967048645;0.9082562327384949;[];
6.125;MPIB3;48.866282753205724;7.880187469898999;-0.82050621509552;-0.48629406094551086;0.30034351348876953;[];
6.1875;MPIB2;25.717971497106028;16.63127647625032;0.6470351219177246;-0.33372852206230164;0.6855001449584961;[];
6.1875;MPIB1;19.507454632092163;52.20755389045996;-0.814917802810669;-0.2939523458480835;-0.4994467496871948;[];
6.1875;MPIB4;53.32546643268461;42.54264233631335;0.10751686990261078;-0.404276967048645;0.9082562327384949;[];
6.1875;MPIB3;48.866282753205724;7.880187469898999;-0.82050621509552;-0.48629406094551086;0.30034351348876953;[];
6.25;MPIB2;25.742191690052984;16.657058548373385;0.6470351219177246;-0.33372852206230164;0.6855001449584961;[];
6.25;MPIB1;19.395952269604322;52.38523298528375;-0.7835640907287598;-0.2688373327255249;-0.5600929856300354;[];
6.25;MPIB4;53.32546643268461;42.54264233631335;0.10751686990261078;-0.404276967048645;0.9082562327384949;[];
6.25;MPIB3;48.866282753205724;7.880187469898999;-0.82050621509552;-0.48629406094551086;0.30034351348876953;[];
6.28125;MPIB2;25.742191690052984;16.657058548373385;0.6470351219177246;-0.33372852206230164;0.6855001449584961;[];
6.28125;MPIB1;19.277253366118657;52.56137230427083;-0.7793512940406799;-0.2612568736076355;-0.5694804191589355;[];
6.28125;MPIB4;53.32546643268461;42.54264233631335;0.10751686990261078;-0.404276967048645;0.9082562327384949;[];
6.28125;MPIB3;48.866282753205724;7.880187469898999;-0.82050621509552;-0.48629406094551086;0.30034351348876953;[];
6.34375;MPIB2;25.742191690052984;16.657058548373385;0.6470351219177246;-0.33372852206230164;0.6855001449584961;[];
6.34375;MPIB1;19.2124437572877;52.65754438360841;-0.7748501896858215;-0.2612568736076355;-0.5755898356437683;[];
6.34375;MPIB4;53.32546643268461;42.54264233631335;0.10751686990261078;-0.404276967048645;0.9082562327384949;[];
6.34375;MPIB3;48.866282753205724;7.880187469898999;-0.82050621509552;-0.48629406094551086;0.30034351348876953;[];
6.375;MPIB2;25.742191690052984;16.657058548373385;0.6470351219177246;-0.33372852206230164;0.6855001449584961;[];
6.375;MPIB1;19.177057706755818;52.710054345025895;-0.7500618696212769;-0.2612568736076355;-0.6075389385223389;[];
6.375;MPIB4;53.32546643268461;42.54264233631335;0.10751686990261078;-0.404276967048645;0.9082562327384949;[];
6.375;MPIB3;48.866282753205724;7.880187469898999;-0.82050621509552;-0.48629406094551086;0.30034351348876953;[];
6.4375;MPIB2;25.742191690052984;16.657058548373385;0.6470351219177246;-0.33372852206230164;0.6855001449584961;[];
6.4375;MPIB1;19.157736920921252;52.73872478728998;-0.7032447457313538;-0.27142199873924255;-0.6570592522621155;[];
6.4375;MPIB4;53.32546643268461;42.54264233631335;0.10751686990261078;-0.404276967048645;0.9082562327384949;[];
6.4375;MPIB3;48.866282753205724;7.880187469898999;-0.82050621509552;-0.48629406094551086;0.30034351348876953;[];
6.5;MPIB2;25.742191690052984;16.657058548373385;0.6470351219177246;-0.33372852206230164;0.6855001449584961;[];
6.5;MPIB1;19.157736920921252;52.73872478728998;-0.6692022085189819;-0.2739124894142151;-0.6907168030738831;[];
6.5;MPIB4;53.32546643268461;42.54264233631335;0.10751686990261078;-0.404276967048645;0.9082562327384949;[];
6.5;MPIB3;48.866282753205724;7.880187469898999;-0.82050621509552;-0.48629406094551086;0.30034351348876953;[];
6.53125;MPIB2;25.742191690052984;16.657058548373385;0.6470351219177246;-0.33372852206230164;0.6855001449584961;[];
6.53125;MPIB1;19.157736920921252;52.73872478728998;-0.6582596302032471;-0.2739124894142151;-0.701153039932251;[];
6.53125;MPIB4;53.32546643268461;42.54264233631335;0.10751686990261078;-0.404276967048645;0.9082562327384949;[];
6.53125;MPIB3;48.866282753205724;7.880187469898999;-0.82050621509552;-0.48629406094551086;0.30034351348876953;[];
6.59375;MPIB2;25.742191690052984;16.657058548373385;0.6470351219177246;-0.33372852206230164;0.6855001449584961;[];
6.59375;MPIB1;19.138283062683627;52.76759269795318;-0.6358722448348999;-0.26384714245796204;-0.725260317325592;[];
6.59375;MPIB4;53.32546643268461;42.54565282564616;0.10751686990261078;-0.404276967048645;0.9082562327384949;[];
6.59375;MPIB3;48.866282753205724;7.880187469898999;-0.82050621509552;-0.48629406094551086;0.30034351348876953;[];
6.625;MPIB2;25.742191690052984;16.657058548373385;0.6470351219177246;-0.33372852206230164;0.6855001449584961;[];
6.625;MPIB1;19.138283062683627;52.76759269795318;-0.6358722448348999;-0.26384714245796204;-0.725260317325592;[];
6.625;MPIB4;53.32546643268461;42.54565282564616;0.10751686990261078;-0.404276967048645;0.9082562327384949;[];
6.625;MPIB3;48.866282753205724;7.880187469898999;-0.8165204524993896;-0.48629406094551086;0.31101611256599426;[];
6.6875;MPIB2;25.742191690052984;16.657058548373385;0.6470351219177246;-0.33372852206230164;0.6855001449584961;[];
6.6875;MPIB1;19.138283062683627;52.76759269795318;-0.6358722448348999;-0.26384714245796204;-0.725260317325592;[];
6.6875;MPIB4;53.32546643268461;42.54565282564616;0.10751686990261078;-0.404276967048645;0.9082562327384949;[];
6.6875;MPIB3;48.79919933483643;7.95162844228679;-0.5989623665809631;-0.48403051495552063;0.6378693580627441;[];
6.75;MPIB2;25.742191690052984;16.657058548373385;0.6470351219177246;-0.33372852206230164;0.6855001449584961;[];
6.75;MPIB1;19.138283062683627;52.76759269795318;-0.6358722448348999;-0.26384714245796204;-0.725260317325592;[];
6.75;MPIB4;53.32546643268461;42.54565282564616;0.10751686990261078;-0.404276967048645;0.9082562327384949;[];
6.75;MPIB3;48.745984178452545;8.087221184387943;-0.15389370918273926;-0.41625523567199707;0.8960891366004944;[];
6.78125;MPIB2;25.742191690052984;16.657058548373385;0.6470351219177246;-0.33372852206230164;0.6855001449584961;[];
6.78125;MPIB1;19.138283062683627;52.76759269795318;-0.6339926719665527;-0.26384714245796204;-0.7269038558006287;[];
6.78125;MPIB4;53.32546643268461;42.54565282564616;0.10751686990261078;-0.404276967048645;0.9082562327384949;[];
6.78125;MPIB3;48.70593083993094;8.25863575886956;-0.10263897478580475;-0.404276967048645;0.908820390701294;[];
6.84375;MPIB2;25.742191690052984;16.657058548373385;0.6470351219177246;-0.33372852206230164;0.6855001449584961;[];
6.84375;MPIB1;19.138283062683627;52.76759269795318;-0.6321089267730713;-0.26384714245796204;-0.7285425662994385;[];
6.84375;MPIB4;53.32546643268461;42.54565282564616;0.10751686990261078;-0.404276967048645;0.9082562327384949;[];
6.84375;MPIB3;48.673315972199816;8.449637196945645;-0.10040050745010376;-0.4019079804420471;0.91012042760849;[];
6.875;MPIB2;25.742191690052984;16.657058548373385;0.6470351219177246;-0.33372852206230164;0.6855001449584961;[];
6.875;MPIB1;19.138283062683627;52.76759269795318;-0.6321089267730713;-0.26384714245796204;-0.7285425662994385;[];
6.875;MPIB4;53.32546643268461;42.54565282564616;0.10751686990261078;-0.404276967048645;0.9082562327384949;[];
6.875;MPIB3;48.643997053173734;8.651245571618546;-0.10779986530542374;-0.39707398414611816;0.9113953709602356;[];
6.9375;MPIB2;25.742191690052984;16.657058548373385;0.6470351219177246;-0.33372852206230164;0.6855001449584961;[];
6.9375;MPIB1;19.20230822633414;52.84178688338895;-0.6301509141921997;-0.26384714245796204;-0.730236828327179;[];
6.9375;MPIB4;53.32546643268461;42.54565282564616;0.10751686990261078;-0.404276967048645;0.9082562327384949;[];
6.9375;MPIB3;48.61266205837137;8.858117788536248;-0.1451091468334198;-0.3729189932346344;0.9164105653762817;[];
7.0;MPIB2;25.742191690052984;16.657058548373385;0.6470351219177246;-0.33372852206230164;0.6855001449584961;[];
7.0;MPIB1;19.301098856264844;52.95665658362364;-0.628258466720581;-0.26384714245796204;-0.7318655252456665;[];
7.0;MPIB4;53.32546643268461;42.54565282564616;0.10751686990261078;-0.404276967048645;0.9082562327384949;[];
7.0;MPIB3;48.56748310917487;9.064963962408967;-0.26871952414512634;-0.34608107805252075;0.8988634347915649;[];
7.03125;MPIB2;25.742191690052984;16.657058548373385;0.6470351219177246;-0.33372852206230164;0.6855001449584961;[];
7.03125;MPIB1;19.418485604673037;53.09406459709331;-0.6244610548019409;-0.26384714245796204;-0.7351083755493164;[];
7.03125;MPIB4;53.32546643268461;42.54565282564616;0.10751686990261078;-0.404276967048645;0.9082562327384949;[];
7.03125;MPIB3;48.50226174084764;9.267117451351538;-0.3882274329662323;-0.34608107805252075;0.8540756106376648;[];
7.09375;MPIB2;25.742191690052984;16.657058548373385;0.6470351219177246;-0.33372852206230164;0.6855001449584961;[];
7.09375;MPIB1;19.545631110639874;53.24411204880849;-0.6205760836601257;-0.26384714245796204;-0.7383909225463867;[];
7.09375;MPIB4;53.32546643268461;42.54565282564616;0.10751686990261078;-0.404276967048645;0.9082562327384949;[];
7.09375;MPIB3;48.423539873120035;9.465501449395276;-0.4127092957496643;-0.34608107805252075;0.8425180315971375;[];
7.125;MPIB2;25.742191690052984;16.657058548373385;0.6470351219177246;-0.33372852206230164;0.6855001449584961;[];
7.125;MPIB1;19.677708431107362;53.401392066234564;-0.6166739463806152;-0.26384714245796204;-0.7416529655456543;[];
7.125;MPIB4;53.32546643268461;42.54565282564616;0.10751686990261078;-0.404276967048645;0.9082562327384949;[];
7.125;MPIB3;48.33675618225152;9.661485666246506;-0.4193200469017029;-0.34608107805252075;0.8392475247383118;[];
7.1875;MPIB2;25.742191690052984;16.657058548373385;0.6470351219177246;-0.33372852206230164;0.6855001449584961;[];
7.1875;MPIB1;19.69999998807907;53.56278300336675;-0.6147520542144775;-0.26384714245796204;-0.7432467937469482;[];
7.1875;MPIB4;53.32546643268461;42.54565282564616;0.10751686990261078;-0.404276967048645;0.9082562327384949;[];
7.1875;MPIB3;48.2448912611128;9.855816808651753;-0.42582476139068604;-0.34608107805252075;0.8359658718109131;[];
7.25;MPIB2;25.742191690052984;16.657058548373385;0.6470351219177246;-0.33372852206230164;0.6855001449584961;[];
7.25;MPIB1;19.69999998807907;53.72690720885228;-0.609760046005249;-0.2587572932243347;-0.7491257786750793;[];
7.25;MPIB4;53.32546643268461;42.54565282564616;0.10751686990261078;-0.404276967048645;0.9082562327384949;[];
7.25;MPIB3;48.19473300834488;9.96192162472937;-0.42722848057746887;-0.35102346539497375;0.8331838250160217;[];
7.28125;MPIB2;25.742191690052984;16.657058548373385;0.6470351219177246;-0.33372852206230164;0.6855001449584961;[];
7.28125;MPIB1;19.69999998807907;53.892523779032075;-0.609760046005249;-0.2587572932243347;-0.7491257786750793;[];
7.28125;MPIB4;53.32546643268461;42.54565282564616;0.10751686990261078;-0.404276967048645;0.9082562327384949;[];
7.28125;MPIB3;48.16734659915255;10.019854861036833;-0.42592504620552063;-0.3705158829689026;0.825372576713562;[];
7.34375;MPIB2;25.742191690052984;16.657058548373385;0.6470351219177246;-0.33372852206230164;0.6855001449584961;[];
7.34375;MPIB1;19.69999998807907;54.059597524785175;-0.6018983125686646;-0.2587572932243347;-0.7554568648338318;[];
7.34375;MPIB4;53.32546643268461;42.54565282564616;0.10751686990261078;-0.404276967048645;0.9082562327384949;[];
7.34375;MPIB3;48.15239361799672;10.0514864117348;-0.4234434962272644;-0.3946968615055084;0.815377414226532;[];
7.375;MPIB2;25.742191690052984;16.657058548373385;0.6470351219177246;-0.33372852206230164;0.6855001449584961;[];
7.375;MPIB1;19.69999998807907;54.22810085839669;-0.5952039361000061;-0.2511554956436157;-0.7632867097854614;[];
7.375;MPIB4;53.32546643268461;42.54565282564616;0.10751686990261078;-0.404276967048645;0.9082562327384949;[];
7.375;MPIB3;48.15239361799672;10.0514864117348;-0.4180358648300171;-0.42095696926116943;0.8049646019935608;[];
7.4375;MPIB2;25.742191690052984;16.657058548373385;0.6470351219177246;-0.33372852206230164;0.6855001449584961;[];
7.4375;MPIB1;19.69999998807907;54.39785612295219;-0.5903689861297607;-0.24353814125061035;-0.7694857120513916;[];
7.4375;MPIB4;53.32546643268461;42.54565282564616;0.10751686990261078;-0.404276967048645;0.9082562327384949;[];
7.4375;MPIB3;48.15239361799672;10.0514864117348;-0.41439321637153625;-0.4375820457935333;0.7979503273963928;[];
7.5;MPIB2;25.742191690052984;16.657058548373385;0.6470351219177246;-0.33372852206230164;0.6855001449584961;[];
7.5;MPIB1;19.69999998807907;54.49054250816528;-0.5854372382164001;-0.2359057515859604;-0.7756079435348511;[];
7.5;MPIB4;53.32546643268461;42.54565282564616;0.10751686990261078;-0.404276967048645;0.9082562327384949;[];
7.5;MPIB3;48.139771565371575;10.083335825541383;-0.4122627079486847;-0.446954607963562;0.7938477993011475;[];
7.53125;MPIB2;25.742191690052984;16.657058548373385;0.6470351219177246;-0.33372852206230164;0.6855001449584961;[];
7.53125;MPIB1;19.69999998807907;54.54114928036972;-0.5759151577949524;-0.2308715432882309;-0.7842046618461609;[];
7.53125;MPIB4;53.32546643268461;42.54565282564616;0.10751686990261078;-0.404276967048645;0.9082562327384949;[];
7.53125;MPIB3;48.139771565371575;10.083335825541383;-0.4111905097961426;-0.45157986879348755;0.7917832732200623;[];
7.59375;MPIB2;25.742191690052984;16.657058548373385;0.6470351219177246;-0.33372852206230164;0.6855001449584961;[];
7.59375;MPIB1;19.69999998807907;54.54114928036972;-0.5722098350524902;-0.22825877368450165;-0.7876745462417603;[];
7.59375;MPIB4;53.32546643268461;42.54565282564616;0.10751686990261078;-0.404276967048645;0.9082562327384949;[];
7.59375;MPIB3;48.139771565371575;10.083335825541383;-0.40858203172683716;-0.4539734125137329;0.7917646765708923;[];
7.625;MPIB2;25.742191690052984;16.657058548373385;0.6470351219177246;-0.33372852206230164;0.6855001449584961;[];
7.625;MPIB1;19.69999998807907;54.58386727321002;-0.5621541142463684;-0.22573775053024292;-0.7956023216247559;[];
7.625;MPIB4;53.32546643268461;42.54565282564616;0.10751686990261078;-0.404276967048645;0.9082562327384949;[];
7.625;MPIB3;48.139771565371575;10.083335825541383;-0.40653109550476074;-0.4539734125137329;0.7928196787834167;[];
7.6875;MPIB2;25.742191690052984;16.657058548373385;0.6470351219177246;-0.33372852206230164;0.6855001449584961;[];
7.6875;MPIB1;19.69999998807907;54.58386727321002;-0.5562137961387634;-0.2232152223587036;-0.8004745244979858;[];
7.6875;MPIB4;53.32546643268461;42.54565282564616;0.10751686990261078;-0.404276967048645;0.9082562327384949;[];
7.6875;MPIB3;48.139771565371575;10.083335825541383;-0.40653109550476074;-0.4539734125137329;0.7928196787834167;[];
7.75;MPIB2;25.742191690052984;16.657058548373385;0.6470351219177246;-0.33372852206230164;0.6855001449584961;[];
7.75;MPIB1;19.69999998807907;54.58386727321002;-0.5562137961387634;-0.2232152223587036;-0.8004745244979858;[];
7.75;MPIB4;53.32546643268461;42.54565282564616;0.10751686990261078;-0.404276967048645;0.9082562327384949;[];
7.75;MPIB3;48.139771565371575;10.083335825541383;-0.4002857506275177;-0.4539734125137329;0.7959911823272705;[];
7.78125;MPIB2;25.742191690052984;16.657058548373385;0.6470351219177246;-0.33372852206230164;0.6855001449584961;[];
7.78125;MPIB1;19.69999998807907;54.58386727321002;-0.5499035716056824;-0.2232152223587036;-0.8048225045204163;[];
7.78125;MPIB4;53.32546643268461;42.54565282564616;0.10751686990261078;-0.404276967048645;0.9082562327384949;[];
7.78125;MPIB3;48.139771565371575;10.083335825541383;-0.39769724011421204;-0.45627835392951965;0.7959705591201782;[];
7.84375;MPIB2;25.742191690052984;16.657058548373385;0.6470351219177246;-0.33372852206230164;0.6855001449584961;[];
7.84375;MPIB1;19.69999998807907;54.58386727321002;-0.5481414198875427;-0.22069120407104492;-0.806718647480011;[];
7.84375;MPIB4;53.32546643268461;42.54565282564616;0.10751686990261078;-0.404276967048645;0.9082562327384949;[];
7.84375;MPIB3;48.139771565371575;10.083335825541383;-0.39769724011421204;-0.45627835392951965;0.7959705591201782;[];
7.875;MPIB2;25.742191690052984;16.657058548373385;0.6470351219177246;-0.33372852206230164;0.6855001449584961;[];
7.875;MPIB1;19.69999998807907;54.58386727321002;-0.5481414198875427;-0.22069120407104492;-0.806718647480011;[];
7.875;MPIB4;53.32546643268461;42.54565282564616;0.11230463534593582;-0.404276967048645;0.9076766967773438;[];
7.875;MPIB3;48.139771565371575;10.083335825541383;-0.39769724011421204;-0.45627835392951965;0.7959705591201782;[];
7.9375;MPIB2;25.809452983583448;16.728325631660624;0.6470351219177246;-0.33372852206230164;0.6855001449584961;[];
7.9375;MPIB1;19.69999998807907;54.58386727321002;-0.5481414198875427;-0.22069120407104492;-0.806718647480011;[];
7.9375;MPIB4;53.32546643268461;42.54565282564616;0.13602058589458466;-0.404276967048645;0.9044266939163208;[];
7.9375;MPIB3;48.139771565371575;10.083335825541383;-0.39769724011421204;-0.45627835392951965;0.7959705591201782;[];
8.0;MPIB2;25.91343894764721;16.838504546942403;0.6470351219177246;-0.33372852206230164;0.6855001449584961;[];
8.0;MPIB1;19.69999998807907;54.58386727321002;-0.5481414198875427;-0.22069120407104492;-0.806718647480011;[];
8.0;MPIB4;53.32546643268461;42.54565282564616;0.20423763990402222;-0.404276967048645;0.8915022611618042;[];
8.0;MPIB3;48.139771565371575;10.083335825541383;-0.39769724011421204;-0.45627835392951965;0.7959705591201782;[];
8.03125;MPIB2;26.037476584151214;16.969929324960958;0.6470351219177246;-0.33372852206230164;0.6855001449584961;[];
8.03125;MPIB1;19.64513298496604;54.51540114661674;-0.5463812351226807;-0.21807213127613068;-0.8086230754852295;[];
8.03125;MPIB4;53.32546643268461;42.54565282564616;0.3938131332397461;-0.404276967048645;0.8254698514938354;[];
8.03125;MPIB3;48.139771565371575;10.083335825541383;-0.39769724011421204;-0.45627835392951965;0.7959705591201782;[];
8.09375;MPIB2;26.172462435079247;17.112954345381212;0.6470351219177246;-0.33372852206230164;0.6855001449584961;[];
8.09375;MPIB1;19.560526770025263;54.38971732330555;-0.5442085266113281;-0.21807213127613068;-0.8100869655609131;[];
8.09375;MPIB4;53.32546643268461;42.54565282564616;0.6066319346427917;-0.404276967048645;0.6844611167907715;[];
8.09375;MPIB3;48.139771565371575;10.083335825541383;-0.39769724011421204;-0.45627835392951965;0.7959705591201782;[];
8.125;MPIB2;26.313426011777132;17.262313098888455;0.6470351219177246;-0.33372852206230164;0.6855001449584961;[];
8.125;MPIB1;19.460324155407875;54.2393187966137;-0.5378231406211853;-0.21807213127613068;-0.8143401741981506;[];
8.125;MPIB4;53.399482318276114;42.60987692724919;0.6932002902030945;-0.39707398414611816;0.6014447212219238;[];
8.125;MPIB3;48.139771565371575;10.083335825541383;-0.3950325548648834;-0.45858025550842285;0.7959744334220886;[];
8.1875;MPIB2;26.45765342712446;17.41513007106289;0.6470351219177246;-0.33372852206230164;0.6855001449584961;[];
8.1875;MPIB1;19.353541454658284;54.07418012441889;-0.5179299712181091;-0.2232152223587036;-0.8257613182067871;[];
8.1875;MPIB4;53.51556649796089;42.707208195177344;0.7094945311546326;-0.3946968615055084;0.5837485194206238;[];
8.1875;MPIB3;48.139771565371575;10.083335825541383;-0.3950325548648834;-0.45858025550842285;0.7959744334220886;[];
8.25;MPIB2;26.603662898581373;17.569835230848923;0.6470351219177246;-0.33372852206230164;0.6855001449584961;[];
8.25;MPIB1;19.246021275212456;53.89926946866021;-0.4844036102294922;-0.26384714245796204;-0.8340797424316406;[];
8.25;MPIB4;53.65654048269721;42.82020578970133;0.7283044457435608;-0.39231711626052856;0.5617746710777283;[];
8.25;MPIB3;48.139771565371575;10.083335825541383;-0.3944837749004364;-0.460964173078537;0.7948686480522156;[];
8.28125;MPIB2;26.750645372787137;17.72557134119063;0.6470351219177246;-0.33372852206230164;0.6855001449584961;[];
8.28125;MPIB1;19.139436932881267;53.718259967471425;-0.46914413571357727;-0.2789800465106964;-0.8378679156303406;[];
8.28125;MPIB4;53.818124790951515;42.93133850507385;0.7941868305206299;-0.39231711626052856;0.46398860216140747;[];
8.28125;MPIB3;48.139771565371575;10.083335825541383;-0.38983699679374695;-0.4632597863674164;0.7958258390426636;[];
8.34375;MPIB2;26.89815910655548;17.881870350601133;0.6470351219177246;-0.33372852206230164;0.6855001449584961;[];
8.34375;MPIB1;19.034259735859905;53.533424831515674;-0.4582158327102661;-0.2939523458480835;-0.8387945890426636;[];
8.34375;MPIB4;53.992835621731956;43.03809780242824;0.811765730381012;-0.39231711626052856;0.43249794840812683;[];
8.34375;MPIB3;48.139771565371575;10.083335825541383;-0.3856351673603058;-0.4632597863674164;0.797870397567749;[];
8.375;MPIB2;27.045962908078682;18.03847670293888;0.6470351219177246;-0.33372852206230164;0.6855001449584961;[];
8.375;MPIB1;18.930081886496623;53.34637508823056;-0.4544577896595001;-0.30401602387428284;-0.8372496366500854;[];
8.375;MPIB4;54.1747135346443;43.14246921326736;0.811765730381012;-0.39231711626052856;0.43249794840812683;[];
8.375;MPIB3;48.139771565371575;10.083335825541383;-0.38356852531433105;-0.4632597863674164;0.7988660335540771;[];
8.4375;MPIB2;27.193925086614435;18.195250864534415;0.6470351219177246;-0.33372852206230164;0.6855001449584961;[];
8.4375;MPIB1;18.826449681017948;53.15811616920317;-0.45252761244773865;-0.31641149520874023;-0.8336936235427856;[];
8.4375;MPIB4;54.27401888662894;43.19945601020467;0.811765730381012;-0.39231711626052856;0.43249794840812683;[];
8.4375;MPIB3;48.139771565371575;10.083335825541383;-0.3793507516384125;-0.4632597863674164;0.8008774518966675;[];
8.5;MPIB2;27.341973739009084;18.35211664999531;0.6470351219177246;-0.33372852206230164;0.6855001449584961;[];
8.5;MPIB1;18.723561929056586;52.968956155422546;-0.44661813974380493;-0.32630735635757446;-0.833064615726471;[];
8.5;MPIB4;54.32823961511053;43.230570804946524;0.8128826022148132;-0.39231711626052856;0.4303951561450958;[];
8.5;MPIB3;48.139771565371575;10.083335825541383;-0.3793507516384125;-0.4632597863674164;0.8008774518966675;[];
8.53125;MPIB2;27.490069606136174;18.509032462092534;0.6464176774024963;-0.3362579047679901;0.6848459839820862;[];
8.53125;MPIB1;18.62428265125834;52.77766246056902;-0.41497132182121277;-0.3312872350215912;-0.8473415374755859;[];
8.53125;MPIB4;54.35784413630017;43.247559484848836;0.8137775659561157;-0.3899347484111786;0.4308690130710602;[];
8.53125;MPIB3;48.139771565371575;10.083335825541383;-0.37727633118629456;-0.4632597863674164;0.8018567562103271;[];
8.59375;MPIB2;27.570929958979708;18.59470850544912;0.6464176774024963;-0.3362579047679901;0.6848459839820862;[];
8.59375;MPIB1;18.538827293635222;52.58033172185276;-0.3047695457935333;-0.2939523458480835;-0.9058993458747864;[];
8.59375;MPIB4;54.35784413630017;43.247559484848836;0.8155837655067444;-0.3850736916065216;0.4318253695964813;[];
8.59375;MPIB3;48.139771565371575;10.083335825541383;-0.37727633118629456;-0.4632597863674164;0.8018567562103271;[];
8.625;MPIB2;27.615079716760388;18.641487630555332;0.6494168043136597;-0.33869463205337524;0.6807956099510193;[];
8.625;MPIB1;18.466320708277863;52.37805934078324;-0.25458768010139465;-0.2612568736076355;-0.9310647249221802;[];
8.625;MPIB4;54.35784413630017;43.247559484848836;0.8155837655067444;-0.3850736916065216;0.4318253695964813;[];
8.625;MPIB3;48.139771565371575;10.083335825541383;-0.37727633118629456;-0.4632597863674164;0.8018567562103271;[];
8.6875;MPIB2;27.639185487308588;18.667029035830012;0.6494168043136597;-0.33869463205337524;0.6807956099510193;[];
8.6875;MPIB1;18.401373896825362;52.17295626194547;-0.25112277269363403;-0.24102666974067688;-0.9374426603317261;[];
8.6875;MPIB4;54.387652559381195;43.26189990362721;0.8155837655067444;-0.3850736916065216;0.4318253695964813;[];
8.6875;MPIB3;48.139771565371575;10.083335825541383;-0.37727633118629456;-0.4632597863674164;0.8018567562103271;[];
8.75;MPIB2;27.639185487308588;18.667029035830012;0.6494168043136597;-0.33869463205337524;0.6807956099510193;[];
8.75;MPIB1;18.341299698507555;51.96611119483987;-0.24421380460262299;-0.23338942229747772;-0.9411936402320862;[];
8.75;MPIB4;54.387652559381195;43.26189990362721;0.8155837655067444;-0.3850736916065216;0.4318253695964813;[];
8.75;MPIB3;48.139771565371575;10.083335825541383;-0.37727633118629456;-0.4632597863674164;0.8018567562103271;[];
8.78125;MPIB2;27.639185487308588;18.667029035830012;0.6494168043136597;-0.33869463205337524;0.6807956099510193;[];
8.78125;MPIB1;18.28388594727039;51.75831500202952;-0.24421380460262299;-0.23338942229747772;-0.9411936402320862;[];
8.78125;MPIB4;54.387652559381195;43.26189990362721;0.8155837655067444;-0.3850736916065216;0.4318253695964813;[];
8.78125;MPIB3;48.139771565371575;10.083335825541383;-0.3876856863498688;-0.47249555587768555;0.7914340496063232;[];
8.84375;MPIB2;27.663457286963535;18.692746358182063;0.6494168043136597;-0.33869463205337524;0.6807956099510193;[];
8.84375;MPIB1;18.22792480030796;51.54999949452409;-0.24421380460262299;-0.23338942229747772;-0.9411936402320862;[];
8.84375;MPIB4;54.387652559381195;43.26189990362721;0.8155837655067444;-0.3850736916065216;0.4318253695964813;[];
8.84375;MPIB3;48.22685954677445;10.128276684620744;-0.4041411578655243;-0.47249555587768555;0.7831590175628662;[];
8.875;MPIB2;27.663457286963535;18.692746358182063;0.6494168043136597;-0.33869463205337524;0.6807956099510193;[];
8.875;MPIB1;18.173749399460803;51.34114841037234;-0.23436492681503296;-0.23338942229747772;-0.9436942934989929;[];
8.875;MPIB4;54.387652559381195;43.26189990362721;0.8155837655067444;-0.3850736916065216;0.4318253695964813;[];
8.875;MPIB3;48.27440959014348;10.152814396528186;-0.41582512855529785;-0.47477537393569946;0.7756272554397583;[];
8.9375;MPIB2;27.663457286963535;18.692746358182063;0.6494168043136597;-0.33869463205337524;0.6807956099510193;[];
8.9375;MPIB1;18.12155335995817;51.1317610885383;-0.22411252558231354;-0.23851358890533447;-0.9449023604393005;[];
8.9375;MPIB4;54.387652559381195;43.26189990362721;0.8155837655067444;-0.3850736916065216;0.4318253695964813;[];
8.9375;MPIB3;48.27440959014348;10.152814396528186;-0.4440790116786957;-0.4816797375679016;0.7554451823234558;[];
9.0;MPIB2;27.663457286963535;18.692746358182063;0.6494168043136597;-0.33869463205337524;0.6807956099510193;[];
9.0;MPIB1;18.07168325250916;50.92179420804854;-0.21049286425113678;-0.2612568736076355;-0.9420133829116821;[];
9.0;MPIB4;54.387652559381195;43.26189990362721;0.8155837655067444;-0.3850736916065216;0.4318253695964813;[];
9.0;MPIB3;48.314547348860515;10.173527075008167;-0.4661788046360016;-0.48629406094551086;0.7389951944351196;[];
9.03125;MPIB2;27.663457286963535;18.692746358182063;0.6494168043136597;-0.33869463205337524;0.6807956099510193;[];
9.03125;MPIB1;18.02408372825903;50.711292780199585;-0.19945253431797028;-0.28146493434906006;-0.938586413860321;[];
9.03125;MPIB4;54.387652559381195;43.26189990362721;0.8155837655067444;-0.3850736916065216;0.4318253695964813;[];
9.03125;MPIB3;48.314547348860515;10.173527075008167;-0.4763312339782715;-0.4908948540687561;0.7294167280197144;[];
9.09375;MPIB2;27.663457286963535;18.692746358182063;0.6494168043136597;-0.33869463205337524;0.6807956099510193;[];
9.09375;MPIB1;17.977723942579473;50.50049948945863;-0.19850771129131317;-0.29651716351509094;-0.9341402053833008;[];
9.09375;MPIB4;54.387652559381195;43.26189990362721;0.8155837655067444;-0.3850736916065216;0.4318253695964813;[];
9.09375;MPIB3;48.314547348860515;10.173527075008167;-0.48516008257865906;-0.49314841628074646;0.7220402359962463;[];
9.125;MPIB2;27.663457286963535;18.692746358182063;0.6606534719467163;-0.3362579047679901;0.6711236834526062;[];
9.125;MPIB1;17.932298458759192;50.289492504475845;-0.19568154215812683;-0.3014575242996216;-0.933154284954071;[];
9.125;MPIB4;54.387652559381195;43.26189990362721;0.8155837655067444;-0.3850736916065216;0.4318253695964813;[];
9.125;MPIB3;48.314547348860515;10.173527075008167;-0.49489298462867737;-0.4977288246154785;0.7122247815132141;[];
9.1875;MPIB2;27.663457286963535;18.692746358182063;0.6794108748435974;-0.3238593637943268;0.6583746671676636;[];
9.1875;MPIB1;17.887383103813363;50.07836884242346;-0.1951889544725418;-0.30894404649734497;-0.9308052659034729;[];
9.1875;MPIB4;54.387652559381195;43.26189990362721;0.8155837655067444;-0.3850736916065216;0.4318253695964813;[];
9.1875;MPIB3;48.314547348860515;10.173527075008167;-0.5052763223648071;-0.49997231364250183;0.7033067941665649;[];
9.25;MPIB2;27.663457286963535;18.692746358182063;0.6919628381729126;-0.3214091956615448;0.6463940143585205;[];
9.25;MPIB1;17.84274627926527;49.86718147468366;-0.1950179934501648;-0.3114960789680481;-0.9299899339675903;[];
9.25;MPIB4;54.387652559381195;43.26189990362721;0.8155837655067444;-0.3850736916065216;0.4318253695964813;[];
9.25;MPIB3;48.314547348860515;10.173527075008167;-0.5100246071815491;-0.5022124648094177;0.6982651948928833;[];
9.28125;MPIB2;27.663457286963535;18.692746358182063;0.6965351700782776;-0.31641149520874023;0.6439447999000549;[];
9.28125;MPIB1;17.79850988067244;49.65590757935226;-0.19210749864578247;-0.3189568817615509;-0.9280642867088318;[];
9.28125;MPIB4;54.387652559381195;43.26189990362721;0.8155837655067444;-0.3850736916065216;0.4318253695964813;[];
9.28125;MPIB3;48.314547348860515;10.173527075008167;-0.5092559456825256;-0.5044492483139038;0.6972128748893738;[];
9.34375;MPIB2;27.663457286963535;18.692746358182063;0.6999210715293884;-0.31641149520874023;0.640263020992279;[];
9.34375;MPIB1;17.754740597127466;49.444535336418056;-0.18937130272388458;-0.3238593637943268;-0.9269276857376099;[];
9.34375;MPIB4;54.387652559381195;43.26189990362721;0.8155837655067444;-0.3850736916065216;0.4318253695964813;[];
9.34375;MPIB3;48.314547348860515;10.173527075008167;-0.5092559456825256;-0.5044492483139038;0.6972128748893738;[];
9.375;MPIB2;27.663457286963535;18.692746358182063;0.6999210715293884;-0.31641149520874023;0.640263020992279;[];
9.375;MPIB1;17.730842565536022;49.32912607837088;-0.18937130272388458;-0.3238593637943268;-0.9269276857376099;[];
9.375;MPIB4;54.387652559381195;43.26189990362721;0.8155837655067444;-0.3850736916065216;0.4318253695964813;[];
9.375;MPIB3;48.314547348860515;10.173527075008167;-0.5092559456825256;-0.5044492483139038;0.6972128748893738;[];
9.4375;MPIB2;27.663457286963535;18.692746358182063;0.6999210715293884;-0.31641149520874023;0.640263020992279;[];
9.4375;MPIB1;17.71779423877149;49.266112616157955;-0.18937130272388458;-0.3238593637943268;-0.9269276857376099;[];
9.4375;MPIB4;54.387652559381195;43.26189990362721;0.8155837655067444;-0.3850736916065216;0.4318253695964813;[];
9.4375;MPIB3;48.314547348860515;10.173527075008167;-0.5092559456825256;-0.5044492483139038;0.6972128748893738;[];
9.5;MPIB2;27.663457286963535;18.692746358182063;0.6982613205909729;-0.31641149520874023;0.6420726776123047;[];
9.5;MPIB1;17.710669851530497;49.23170726179342;-0.18937130272388458;-0.3238593637943268;-0.9269276857376099;[];
9.5;MPIB4;54.387652559381195;43.26189990362721;0.8155837655067444;-0.3850736916065216;0.4318253695964813;[];
9.5;MPIB3;48.314547348860515;10.173527075008167;-0.5092559456825256;-0.5044492483139038;0.6972128748893738;[];
9.53125;MPIB2;27.663457286963535;18.692746358182063;0.6965351700782776;-0.31641149520874023;0.6439447999000549;[];
9.53125;MPIB1;17.710669851530497;49.23170726179342;-0.18937130272388458;-0.3238593637943268;-0.9269276857376099;[];
9.53125;MPIB4;54.387652559381195;43.26189990362721;0.8155837655067444;-0.3850736916065216;0.4318253695964813;[];
9.53125;MPIB3;48.314547348860515;10.173527075008167;-0.48778295516967773;-0.513526976108551;0.7058847546577454;[];
9.59375;MPIB2;27.663457286963535;18.692746358182063;0.693788468837738;-0.31395483016967773;0.6480993628501892;[];
9.59375;MPIB1;17.710669851530497;49.23170726179342;-0.18937130272388458;-0.3238593637943268;-0.9269276857376099;[];
9.59375;MPIB4;54.387652559381195;43.26189990362721;0.8155837655067444;-0.3850736916065216;0.4318253695964813;[];
9.59375;MPIB3;48.314547348860515;10.173527075008167;-0.04500386491417885;-0.5728257298469543;0.8183857202529907;[];
9.625;MPIB2;27.663457286963535;18.692746358182063;0.6920461058616638;-0.31395483016967773;0.6499595046043396;[];
9.625;MPIB1;17.70677993564516;49.19706493967706;-0.18937130272388458;-0.3238593637943268;-0.9269276857376099;[];
9.625;MPIB4;54.387652559381195;43.26189990362721;0.8155837655067444;-0.3850736916065216;0.4318253695964813;[];
9.625;MPIB3;48.314547348860515;10.173527075008167;0.41386541724205017;-0.6190788745880127;0.6673555970191956;[];
9.6875;MPIB2;27.663457286963535;18.692746358182063;0.6943801641464233;-0.3114960789680481;0.6486520767211914;[];
9.6875;MPIB1;17.70677993564516;49.19706493967706;-0.18937130272388458;-0.3238593637943268;-0.9269276857376099;[];
9.6875;MPIB4;54.387652559381195;43.26189990362721;0.8155837655067444;-0.3850736916065216;0.4318253695964813;[];
9.6875;MPIB3;48.314547348860515;10.173527075008167;0.5642401576042175;-0.6211097240447998;0.5438405275344849;[];
9.75;MPIB2;27.663457286963535;18.692746358182063;0.6966671347618103;-0.30894404649734497;0.6474195718765259;[];
9.75;MPIB1;17.70677993564516;49.19706493967706;-0.18937130272388458;-0.3238593637943268;-0.9269276857376099;[];
9.75;MPIB4;54.387652559381195;43.26189990362721;0.814213216304779;-0.3826834261417389;0.4365116357803345;[];
9.75;MPIB3;48.314547348860515;10.173527075008167;0.5986912846565247;-0.6231363415718079;0.5031663775444031;[];
9.78125;MPIB2;27.663457286963535;18.692746358182063;0.6972507834434509;-0.3064810633659363;0.6479619741439819;[];
9.78125;MPIB1;17.70677993564516;49.19706493967706;-0.18937130272388458;-0.3238593637943268;-0.9269276857376099;[];
9.78125;MPIB4;54.387652559381195;43.26189990362721;0.814213216304779;-0.3826834261417389;0.4365116357803345;[];
9.78125;MPIB3;48.314547348860515;10.173527075008167;0.6114086508750916;-0.6107624769210815;0.5030466914176941;[];
9.84375;MPIB2;27.663457286963535;18.692746358182063;0.7006954550743103;-0.29147714376449585;0.6511631608009338;[];
9.84375;MPIB1;17.70677993564516;49.19706493967706;-0.18937130272388458;-0.3238593637943268;-0.9269276857376099;[];
9.84375;MPIB4;54.387652559381195;43.26189990362721;0.814213216304779;-0.3826834261417389;0.4365116357803345;[];
9.84375;MPIB3;48.314547348860515;10.173527075008167;0.6350054740905762;-0.5813601613044739;0.5086233615875244;[];
9.875;MPIB2;27.663457286963535;18.692746358182063;0.7027917504310608;-0.2739124894142151;0.6565097570419312;[];
9.875;MPIB1;17.70677993564516;49.19706493967706;-0.18937130272388458;-0.3238593637943268;-0.9269276857376099;[];
9.875;MPIB4;54.387652559381195;43.26189990362721;0.814213216304779;-0.3826834261417389;0.4365116357803345;[];
9.875;MPIB3;48.314547348860515;10.173527075008167;0.6654601097106934;-0.5224658846855164;0.5330167412757874;[];
9.9375;MPIB2;27.663457286963535;18.692746358182063;0.703589677810669;-0.2612568736076355;0.6608009934425354;[];
9.9375;MPIB1;17.70677993564516;49.19706493967706;-0.18937130272388458;-0.3238593637943268;-0.9269276857376099;[];
9.9375;MPIB4;54.387652559381195;43.26189990362721;0.814213216304779;-0.3826834261417389;0.4365116357803345;[];
9.9375;MPIB3;48.314547348860515;10.173527075008167;0.6844368577003479;-0.47021257877349854;0.5571057200431824;[];
10.0;MPIB2;27.663457286963535;18.692746358182063;0.7038244009017944;-0.2511554956436157;0.6644588112831116;[];
10.0;MPIB1;17.70677993564516;49.19706493967706;-0.18937130272388458;-0.3238593637943268;-0.9269276857376099;[];
10.0;MPIB4;54.387652559381195;43.26189990362721;0.814213216304779;-0.3826834261417389;0.4365116357803345;[];
10.0;MPIB3;48.32651305971808;10.17752111254947;0.6882110834121704;-0.460964173078537;0.5601778030395508;[];
10.03125;MPIB2;27.663457286963535;18.692746358182063;0.7042949795722961;-0.24864903092384338;0.6649030447006226;[];
10.03125;MPIB1;17.70677993564516;49.19706493967706;-0.18937130272388458;-0.3238593637943268;-0.9269276857376099;[];
10.03125;MPIB4;54.387652559381195;43.26189990362721;0.814213216304779;-0.3826834261417389;0.4365116357803345;[];
10.03125;MPIB3;48.40299593685336;10.23878667427914;0.6925936937332153;-0.460964173078537;0.5547500848770142;[];
10.09375;MPIB2;27.663457286963535;18.692746358182063;0.7042949795722961;-0.24864903092384338;0.6649030447006226;[];
10.09375;MPIB1;17.70677993564516;49.19706493967706;-0.18937130272388458;-0.3238593637943268;-0.9269276857376099;[];
10.09375;MPIB4;54.387652559381195;43.26189990362721;0.814213216304779;-0.3826834261417389;0.4365116357803345;[];
10.09375;MPIB3;48.52203087625435;10.332500731176992;0.698824405670166;-0.4632597863674164;0.5449368357658386;[];
10.125;MPIB2;27.663457286963535;18.692746358182063;0.7042949795722961;-0.24864903092384338;0.6649030447006226;[];
10.125;MPIB1;17.70677993564516;49.19706493967706;-0.18174706399440765;-0.32884371280670166;-0.9266985654830933;[];
10.125;MPIB4;54.387652559381195;43.26189990362721;0.814213216304779;-0.3826834261417389;0.4365116357803345;[];
10.125;MPIB3;48.664770672387704;10.443322255705198;0.7001751065254211;-0.47021257877349854;0.5371921062469482;[];
10.1875;MPIB2;27.663457286963535;18.692746358182063;0.7042949795722961;-0.24864903092384338;0.6649030447006226;[];
10.1875;MPIB1;17.70677993564516;49.19706493967706;-0.1714174449443817;-0.33869463205337524;-0.9251167178153992;[];
10.1875;MPIB4;54.387652559381195;43.26189990362721;0.8264297842979431;-0.3826834261417389;0.41291582584381104;[];
10.1875;MPIB3;48.82060750411529;10.563282994945155;0.6996182799339294;-0.47477537393569946;0.5338936448097229;[];
10.25;MPIB2;27.663457286963535;18.692746358182063;0.7047608494758606;-0.24614089727401733;0.6653428077697754;[];
10.25;MPIB1;17.70677993564516;49.19706493967706;-0.10194715112447739;-0.3681102991104126;-0.9241406321525574;[];
10.25;MPIB4;54.387652559381195;43.26189990362721;0.8402007222175598;-0.3874613642692566;0.37929922342300415;[];
10.25;MPIB3;48.98375464877381;10.688024388407882;0.6980535387992859;-0.4816797375679016;0.5297403931617737;[];
10.28125;MPIB2;27.663457286963535;18.692746358182063;0.705238938331604;-0.24353814125061035;0.6657941937446594;[];
10.28125;MPIB1;17.608943128274973;49.188354195816856;0.05287770554423332;-0.3995363116264343;-0.9151527285575867;[];
10.28125;MPIB4;54.387652559381195;43.26189990362721;0.843156635761261;-0.3874613642692566;0.37268221378326416;[];
10.28125;MPIB3;49.07283300010408;10.756133197149552;0.6898425817489624;-0.49997231364250183;0.5235092043876648;[];
10.34375;MPIB2;27.663457286963535;18.692746358182063;0.705238938331604;-0.24353814125061035;0.6657941937446594;[];
10.34375;MPIB1;17.46017395229262;49.162633090018744;0.20923258364200592;-0.4233904778957367;-0.8814128637313843;[];
10.34375;MPIB4;54.387652559381195;43.26189990362721;0.843156635761261;-0.3874613642692566;0.37268221378326416;[];
10.34375;MPIB3;49.12146978557962;10.793320611041906;0.6736964583396912;-0.533538818359375;0.5112561583518982;[];
10.375;MPIB2;27.663457286963535;18.692746358182063;0.705238938331604;-0.24353814125061035;0.6657941937446594;[];
10.375;MPIB1;17.285431627185062;49.11927954423797;0.2709384262561798;-0.4233904778957367;-0.8644416332244873;[];
10.375;MPIB4;54.387652559381195;43.26189990362721;0.843156635761261;-0.3874613642692566;0.37268221378326416;[];
10.375;MPIB3;49.148025473533835;10.813624941385541;0.6588414907455444;-0.5620104074478149;0.499983012676239;[];
10.4375;MPIB2;27.663457286963535;18.692746358182063;0.705238938331604;-0.24353814125061035;0.6657941937446594;[];
10.4375;MPIB1;17.096663812252928;49.06580598938942;0.2754928767681122;-0.4233904778957367;-0.8630009293556213;[];
10.4375;MPIB4;54.387652559381195;43.26189990362721;0.843156635761261;-0.3874613642692566;0.37268221378326416;[];
10.4375;MPIB3;49.148025473533835;10.813624941385541;0.6491031646728516;-0.5749456286430359;0.49800845980644226;[];
10.5;MPIB2;27.663457286963535;18.692746358182063;0.705238938331604;-0.24353814125061035;0.6657941937446594;[];
10.5;MPIB1;16.900315542673525;49.00656534063603;0.2777259051799774;-0.4233904778957367;-0.8622848987579346;[];
10.5;MPIB4;54.387652559381195;43.26189990362721;0.843156635761261;-0.3874613642692566;0.37268221378326416;[];
10.5;MPIB3;49.148025473533835;10.813624941385541;0.6442123651504517;-0.5813601613044739;0.49691060185432434;[];
10.53125;MPIB2;27.663457286963535;18.692746358182063;0.705238938331604;-0.24353814125061035;0.6657941937446594;[];
10.53125;MPIB1;16.699909332187076;48.94392555785231;0.2800396680831909;-0.4233904778957367;-0.8615362048149109;[];
10.53125;MPIB4;54.387652559381195;43.26189990362721;0.843156635761261;-0.3874613642692566;0.37268221378326416;[];
10.53125;MPIB3;49.174764064463034;10.834069118320002;0.6442123651504517;-0.5813601613044739;0.49691060185432434;[];
10.59375;MPIB2;27.663457286963535;18.692746358182063;0.705238938331604;-0.24353814125061035;0.6657941937446594;[];
10.59375;MPIB1;16.497690398205577;48.878217235878026;0.29124900698661804;-0.4233904778957367;-0.8578117489814758;[];
10.59375;MPIB4;54.387652559381195;43.26189990362721;0.843156635761261;-0.3874613642692566;0.37268221378326416;[];
10.59375;MPIB3;49.174764064463034;10.834069118320002;0.6416845917701721;-0.5834643840789795;0.49771401286125183;[];
10.625;MPIB2;27.663457286963535;18.692746358182063;0.705238938331604;-0.24353814125061035;0.6657941937446594;[];
10.625;MPIB1;16.298500001461207;48.80083971463202;0.38220924139022827;-0.4304995536804199;-0.8176256418228149;[];
10.625;MPIB4;54.387652559381195;43.26189990362721;0.8431628346443176;-0.3899347484111786;0.3700789213180542;[];
10.625;MPIB3;49.174764064463034;10.834069118320002;0.6416845917701721;-0.5834643840789795;0.49771401286125183;[];
10.6875;MPIB2;27.663457286963535;18.692746358182063;0.705238938331604;-0.24353814125061035;0.6657941937446594;[];
10.6875;MPIB1;16.109716232633787;48.702024201057014;0.5203229188919067;-0.43283456563949585;-0.7361001372337341;[];
10.6875;MPIB4;54.387652559381195;43.26189990362721;0.8431628346443176;-0.3899347484111786;0.3700789213180542;[];
10.6875;MPIB3;49.11490934840049;10.91166113358642;0.6430184245109558;-0.5834643840789795;0.49598968029022217;[];
10.75;MPIB2;27.663457286963535;18.692746358182063;0.705238938331604;-0.24353814125061035;0.6657941937446594;[];
10.75;MPIB1;15.943193224680613;48.57338177452169;0.6870120763778687;-0.43283456563949585;-0.5836041569709778;[];
10.75;MPIB4;54.387652559381195;43.26189990362721;0.8431628346443176;-0.3899347484111786;0.3700789213180542;[];
10.75;MPIB3;49.024220572522154;11.033008530887486;0.6545363664627075;-0.5834643840789795;0.48068755865097046;[];
10.78125;MPIB2;27.663457286963535;18.692746358182063;0.6999829411506653;-0.24353814125061035;0.6713179349899292;[];
10.78125;MPIB1;15.79613473445454;48.42281464872565;0.7388831377029419;-0.43283456563949585;-0.5163633823394775;[];
10.78125;MPIB4;54.387652559381195;43.26189990362721;0.8431628346443176;-0.3899347484111786;0.3700789213180542;[];
10.78125;MPIB3;48.918567577818294;11.179587183489218;0.6656457185745239;-0.5834643840789795;0.4651819169521332;[];
10.84375;MPIB2;27.663457286963535;18.692746358182063;0.6929293870925903;-0.24353814125061035;0.6785960793495178;[];
10.84375;MPIB1;15.715840789464778;48.340604988492146;0.7442875504493713;-0.43283456563949585;-0.5085424184799194;[];
10.84375;MPIB4;54.387652559381195;43.26189990362721;0.8431628346443176;-0.3899347484111786;0.3700789213180542;[];
10.84375;MPIB3;48.86088103600946;11.259619137105688;0.6772211194038391;-0.5898310542106628;0.43974944949150085;[];
10.875;MPIB2;27.663457286963535;18.692746358182063;0.6929293870925903;-0.24353814125061035;0.6785960793495178;[];
10.875;MPIB1;15.672000290408164;48.29571850879097;0.7586044669151306;-0.43283456563949585;-0.48692774772644043;[];
10.875;MPIB4;54.387652559381195;43.26189990362721;0.8431628346443176;-0.3899347484111786;0.3700789213180542;[];
10.875;MPIB3;48.82938418052345;11.303316588855864;0.6875313520431519;-0.5983143448829651;0.4113740026950836;[];
10.9375;MPIB2;27.73310496420629;18.761683130826583;0.6893414855003357;-0.24353814125061035;0.6822404861450195;[];
10.9375;MPIB1;15.648063375142897;48.271210488027464;0.7771537899971008;-0.43283456563949585;-0.4567399322986603;[];
10.9375;MPIB4;54.387652559381195;43.26189990362721;0.8441179990768433;-0.3899347484111786;0.36789506673812866;[];
10.9375;MPIB3;48.82938418052345;11.303316588855864;0.6997212171554565;-0.6190788745880127;0.35642436146736145;[];
11.0;MPIB2;27.8407802776406;18.86825938570695;0.6893414855003357;-0.24353814125061035;0.6822404861450195;[];
11.0;MPIB1;15.648063375142897;48.271210488027464;0.8136473894119263;-0.4351666569709778;-0.3853994607925415;[];
11.0;MPIB4;54.387652559381195;43.26189990362721;0.8441179990768433;-0.3899347484111786;0.36789506673812866;[];
11.0;MPIB3;48.80279717667918;11.34020231283489;0.7190378904342651;-0.6474190354347229;0.25246477127075195;[];
11.03125;MPIB2;27.96921868284719;18.995386800275128;0.6893414855003357;-0.24353814125061035;0.6822404861450195;[];
11.03125;MPIB1;15.648063375142897;48.271210488027464;0.858425498008728;-0.4351666569709778;-0.2714046835899353;[];
11.03125;MPIB4;54.387652559381195;43.26189990362721;0.8469841480255127;-0.3899347484111786;0.36124759912490845;[];
11.03125;MPIB3;48.80279717667918;11.34020231283489;0.7410262227058411;-0.6474190354347229;0.1778595745563507;[];
11.09375;MPIB2;28.10899373747822;19.133735149336218;0.6893414855003357;-0.24353814125061035;0.6822404861450195;[];
11.09375;MPIB1;15.623961593766012;48.246533667648634;0.8760055899620056;-0.4351666569709778;-0.20777155458927155;[];
11.09375;MPIB4;54.387652559381195;43.26189990362721;0.8479508757591248;-0.3899347484111786;0.35897260904312134;[];
11.09375;MPIB3;48.80279717667918;11.34020231283489;0.7693297863006592;-0.6313498020172119;0.09713499993085861;[];
11.125;MPIB2;28.25495860341396;19.278210129342057;0.6893414855003357;-0.24353814125061035;0.6822404861450195;[];
11.125;MPIB1;15.623961593766012;48.246533667648634;0.87654048204422;-0.4351666569709778;-0.20550324022769928;[];
11.125;MPIB4;54.387652559381195;43.26189990362721;0.8516558408737183;-0.3899347484111786;0.3500918745994568;[];
11.125;MPIB3;48.80279717667918;11.34020231283489;0.7796497344970703;-0.6231363415718079;0.06126951426267624;[];
11.1875;MPIB2;28.40430310671463;19.42603025023226;0.6893414855003357;-0.24353814125061035;0.6822404861450195;[];
11.1875;MPIB1;15.623961593766012;48.246533667648634;0.87654048204422;-0.4351666569709778;-0.20550324022769928;[];
11.1875;MPIB4;54.387652559381195;43.26189990362721;0.8516558408737183;-0.3899347484111786;0.3500918745994568;[];
11.1875;MPIB3;48.80279717667918;11.34020231283489;0.7852471470832825;-0.6169684529304504;0.051417410373687744;[];
11.25;MPIB2;28.555492892230877;19.575676818257477;0.6893414855003357;-0.24353814125061035;0.6822404861450195;[];
11.25;MPIB1;15.623961593766012;48.246533667648634;0.87654048204422;-0.4351666569709778;-0.20550324022769928;[];
11.25;MPIB4;54.387652559381195;43.26189990362721;0.9334644675254822;-0.3583739101886749;0.012171980924904346;[];
11.25;MPIB3;48.80279717667918;11.34020231283489;0.7869691252708435;-0.61492919921875;0.04948463290929794;[];
11.28125;MPIB2;28.707690201953863;19.72632062653426;0.6893414855003357;-0.24353814125061035;0.6822404861450195;[];
11.28125;MPIB1;15.719374436695375;48.22416431082269;0.87654048204422;-0.4351666569709778;-0.20550324022769928;[];
11.28125;MPIB4;54.387652559381195;43.26189990362721;0.5793731212615967;-0.34365129470825195;-0.7389767169952393;[];
11.28125;MPIB3;48.80279717667918;11.34020231283489;0.7869691252708435;-0.61492919921875;0.04948463290929794;[];
11.34375;MPIB2;28.860437619957622;19.87750892805164;0.6893414855003357;-0.24353814125061035;0.6822404861450195;[];
11.34375;MPIB1;15.866999321853314;48.19008470830619;0.8764698505401611;-0.4375820457935333;-0.20061694085597992;[];
11.34375;MPIB4;54.387652559381195;43.26189990362721;0.4026983082294464;-0.3534461557865143;-0.8442637324333191;[];
11.34375;MPIB3;48.80279717667918;11.34020231283489;0.7873337864875793;-0.61492919921875;0.04329628869891167;[];
11.375;MPIB2;29.01348539711757;20.02899452291291;0.6893414855003357;-0.24353814125061035;0.6822404861450195;[];
11.375;MPIB1;16.043131985379205;48.149611310899985;0.8764698505401611;-0.4375820457935333;-0.20061694085597992;[];
11.375;MPIB4;54.387652559381195;43.26189990362721;0.3350977897644043;-0.3705158829689026;-0.8662019371986389;[];
11.375;MPIB3;48.79588531854438;11.44918210133531;0.7883926033973694;-0.61492919921875;0.01436296384781599;[];
11.4375;MPIB2;29.166697170395846;20.180642439958802;0.6893414855003357;-0.24353814125061035;0.6822404861450195;[];
11.4375;MPIB1;16.2348861793879;48.10589426221699;0.8747643828392029;-0.44223135709762573;-0.19784493744373322;[];
11.4375;MPIB4;54.387652559381195;43.26189990362721;0.3188493251800537;-0.3729189932346344;-0.8712903261184692;[];
11.4375;MPIB3;48.798957186870894;11.600632968988464;0.7881335020065308;-0.61492919921875;-0.024716736748814583;[];
11.5;MPIB2;29.31999848556513;20.3323789849278;0.6893414855003357;-0.24353814125061035;0.6822404861450195;[];
11.5;MPIB1;16.435169730030793;48.06040617973113;0.8690224885940552;-0.4539734125137329;-0.1965463012456894;[];
11.5;MPIB4;54.387652559381195;43.26189990362721;0.3188493251800537;-0.3729189932346344;-0.8712903261184692;[];
11.5;MPIB3;48.798957186870894;11.683325152332003;0.787090003490448;-0.61492919921875;-0.0474473237991333;[];
11.53125;MPIB2;29.473348690612582;20.484163920748415;0.6893414855003357;-0.24353814125061035;0.6822404861450195;[];
11.53125;MPIB1;16.544524561383696;48.03556968380903;0.8571346402168274;-0.4771362841129303;-0.19385762512683868;[];
11.53125;MPIB4;54.387652559381195;43.26189990362721;0.3211037516593933;-0.3729189932346344;-0.8704618811607361;[];
11.53125;MPIB3;48.798957186870894;11.728475089681865;0.7855767607688904;-0.61492919921875;-0.06802978366613388;[];
11.59375;MPIB2;29.626725589536616;20.63597527797708;0.6893414855003357;-0.24353814125061035;0.6822404861450195;[];
11.59375;MPIB1;16.604232306237577;48.02200895546045;0.8450498580932617;-0.5067653059959412;-0.1702817678451538;[];
11.59375;MPIB4;54.429153332662054;43.17312105766135;0.3944624960422516;-0.36320239305496216;-0.8440110087394714;[];
11.59375;MPIB3;48.798957186870894;11.728475089681865;0.7835253477096558;-0.61492919921875;-0.08856562525033951;[];
11.625;MPIB2;29.780117063318958;20.78780106129625;0.6893414855003357;-0.24353814125061035;0.6822404861450195;[];
11.625;MPIB1;16.636832738714475;48.0146047969221;0.8505541086196899;-0.5044492483139038;-0.14834125339984894;[];
11.625;MPIB4;54.50346229816819;43.0413632080151;0.4909507632255554;-0.36320239305496216;-0.7917777299880981;[];
11.625;MPIB3;48.798957186870894;11.766586880188072;0.7800552248954773;-0.61492919921875;-0.11517692357301712;[];
11.6875;MPIB2;29.933516494974857;20.93963472126171;0.6893414855003357;-0.24353814125061035;0.6822404861450195;[];
11.6875;MPIB1;16.636832738714475;48.0146047969221;0.8842540383338928;-0.45157986879348755;-0.11871492862701416;[];
11.6875;MPIB4;54.59762638725624;42.88737488585585;0.5094128847122192;-0.36320239305496216;-0.7800266146659851;[];
11.6875;MPIB3;48.798957186870894;11.766586880188072;0.7745434045791626;-0.61492919921875;-0.14774860441684723;[];
11.75;MPIB2;30.086920271630227;21.09147268187658;0.6893414855003357;-0.24353814125061035;0.6822404861450195;[];
11.75;MPIB1;16.7616728670705;47.99905092671429;0.9194391369819641;-0.3778064548969269;-0.10875128209590912;[];
11.75;MPIB4;54.71051797482846;42.72697913719509;0.5843951106071472;-0.36320239305496216;-0.7255482077598572;[];
11.75;MPIB3;48.798957186870894;11.766586880188072;0.7704095244407654;-0.61492919921875;-0.16796860098838806;[];
11.78125;MPIB2;30.24032642065558;21.243312990646274;0.6893414855003357;-0.24353814125061035;0.6822404861450195;[];
11.78125;MPIB1;16.917408326957002;47.98100272469151;0.9366768002510071;-0.3312872350215912;-0.1132495105266571;[];
11.78125;MPIB4;54.839061914778085;42.56779507110227;0.6372700333595276;-0.3583739101886749;-0.6821345686912537;[];
11.78125;MPIB3;48.798957186870894;11.766586880188072;0.7621743679046631;-0.61492919921875;-0.20206385850906372;[];
11.84375;MPIB2;30.3937338649951;21.39515458150865;0.6893414855003357;-0.24353814125061035;0.6822404861450195;[];
11.84375;MPIB1;17.099667977965964;47.958872460778565;0.940273642539978;-0.3189568817615509;-0.11871824413537979;[];
11.84375;MPIB4;54.909246914142614;42.48088056092024;0.6390337944030762;-0.3583739101886749;-0.6804824471473694;[];
11.84375;MPIB3;48.798957186870894;11.766586880188072;0.7571954727172852;-0.61492919921875;-0.21998228132724762;[];
11.875;MPIB2;30.54714201657623;21.54699687239372;0.6893414855003357;-0.24353814125061035;0.6822404861450195;[];
11.875;MPIB1;17.296409839009925;47.934513390814686;0.940273642539978;-0.3189568817615509;-0.11871824413537979;[];
11.875;MPIB4;54.947567928246826;42.433425232848776;0.6390337944030762;-0.3583739101886749;-0.6804824471473694;[];
11.875;MPIB3;48.82850897789808;11.871386773315123;0.7517953515052795;-0.61492919921875;-0.23777838051319122;[];
11.9375;MPIB2;30.700550554311327;21.69883954549124;0.6893414855003357;-0.24353814125061035;0.6822404861450195;[];
11.9375;MPIB1;17.50105898765139;47.90893739260568;0.940273642539978;-0.3189568817615509;-0.11871824413537979;[];
11.9375;MPIB4;54.9684912043781;42.40751462071219;0.6390337944030762;-0.3583739101886749;-0.6804824471473694;[];
11.9375;MPIB3;48.87492970737162;12.015606960959389;0.7499022483825684;-0.61492919921875;-0.24368150532245636;[];
12.0;MPIB2;30.78431162564376;21.781745654632232;0.6893414855003357;-0.24353814125061035;0.6822404861450195;[];
12.0;MPIB1;17.71005696472332;47.882948675882346;0.9389259219169617;-0.3238593637943268;-0.11607964336872101;[];
12.0;MPIB4;54.9684912043781;42.40751462071219;0.6390337944030762;-0.3583739101886749;-0.6804824471473694;[];
12.0;MPIB3;48.90027542860821;12.094351192559515;0.7475051879882812;-0.6128858327865601;-0.25588539242744446;[];
12.03125;MPIB2;30.83004517590334;21.827012395481063;0.6893414855003357;-0.24353814125061035;0.6822404861450195;[];
12.03125;MPIB1;17.921491450829308;47.85724763572691;0.9369667768478394;-0.3312872350215912;-0.11082445830106735;[];
12.03125;MPIB4;54.9684912043781;42.40751462071219;0.6407933235168457;-0.3583739101886749;-0.678825855255127;[];
12.03125;MPIB3;48.914114194010835;12.13734554800709;0.7435092329978943;-0.6107624769210815;-0.2720877528190613;[];
12.09375;MPIB2;30.855015697245463;21.851728038855327;0.6893414855003357;-0.24353814125061035;0.6822404861450195;[];
12.09375;MPIB1;18.13425627102231;47.83170366699579;0.9369667768478394;-0.3312872350215912;-0.11082445830106735;[];
12.09375;MPIB4;54.989558590104934;42.38142554857657;0.6590169668197632;-0.3558664619922638;-0.6625015139579773;[];
12.09375;MPIB3;48.914114194010835;12.13734554800709;0.7405201196670532;-0.6045950651168823;-0.2931906580924988;[];
12.125;MPIB2;30.855015697245463;21.851728038855327;0.6893414855003357;-0.24353814125061035;0.6822404861450195;[];
12.125;MPIB1;18.347747453711236;47.806245459272304;0.9369667768478394;-0.3312872350215912;-0.11082445830106735;[];
12.125;MPIB4;54.989558590104934;42.38142554857657;0.6944628953933716;-0.3558664619922638;-0.6252467036247253;[];
12.125;MPIB3;48.92579571914348;12.173637777054267;0.7401866912841797;-0.5983143448829651;-0.30660751461982727;[];
12.1875;MPIB2;30.855015697245463;21.851728038855327;0.6893414855003357;-0.24353814125061035;0.6822404861450195;[];
12.1875;MPIB1;18.561635230369006;47.78083407706444;0.9352185130119324;-0.3362579047679901;-0.11061766743659973;[];
12.1875;MPIB4;54.989558590104934;42.38142554857657;0.7009595036506653;-0.3558664619922638;-0.6179547309875488;[];
12.1875;MPIB3;48.92579571914348;12.173637777054267;0.7325240969657898;-0.5961612462997437;-0.32842394709587097;[];
12.25;MPIB2;30.880158203687387;21.87661391185091;0.6893414855003357;-0.24353814125061035;0.6822404861450195;[];
12.25;MPIB1;18.758692998932815;47.82659097233639;0.9226232767105103;-0.36078935861587524;-0.13613510131835938;[];
12.25;MPIB4;54.989558590104934;42.38142554857657;0.7025569677352905;-0.3558664619922638;-0.6161379814147949;[];
12.25;MPIB3;48.92579571914348;12.173637777054267;0.7209216952323914;-0.5961612462997437;-0.35316160321235657;[];
12.28125;MPIB2;30.880158203687387;21.87661391185091;0.6893414855003357;-0.24353814125061035;0.6822404861450195;[];
12.28125;MPIB1;18.95085386149185;47.9049443283956;0.8951396346092224;-0.39707398414611816;-0.20245319604873657;[];
12.28125;MPIB4;54.989558590104934;42.38142554857657;0.7025569677352905;-0.3558664619922638;-0.6161379814147949;[];
12.28125;MPIB3;48.92579571914348;12.173637777054267;0.7114304900169373;-0.5961612462997437;-0.3719084560871124;[];
12.34375;MPIB2;30.880158203687387;21.87661391185091;0.6893414855003357;-0.24353814125061035;0.6822404861450195;[];
12.34375;MPIB1;19.144266798484068;47.994297459276424;0.8651915788650513;-0.4233904778957367;-0.2685339152812958;[];
12.34375;MPIB4;54.989558590104934;42.38142554857657;0.7025569677352905;-0.3558664619922638;-0.6161379814147949;[];
12.34375;MPIB3;48.97187654685649;12.270947280142678;0.7084841728210449;-0.5961612462997437;-0.37749022245407104;[];
12.375;MPIB2;30.880158203687387;21.87661391185091;0.6893414855003357;-0.24353814125061035;0.6822404861450195;[];
12.375;MPIB1;19.342051420492794;48.081848080627935;0.8238781690597534;-0.45627835392951965;-0.33609068393707275;[];
12.375;MPIB4;54.989558590104934;42.38142554857657;0.7025569677352905;-0.3558664619922638;-0.6161379814147949;[];
12.375;MPIB3;48.99703668171014;12.318170938333367;0.7084841728210449;-0.5961612462997437;-0.37749022245407104;[];
12.4375;MPIB2;30.880158203687387;21.87661391185091;0.6893414855003357;-0.24353814125061035;0.6822404861450195;[];
12.4375;MPIB1;19.545618190024015;48.159064283980996;0.7642290592193604;-0.5022124648094177;-0.40454086661338806;[];
12.4375;MPIB4;54.989558590104934;42.38142554857657;0.7025569677352905;-0.3558664619922638;-0.6161379814147949;[];
12.4375;MPIB3;48.99703668171014;12.318170938333367;0.7251086831092834;-0.5898310542106628;-0.3552127182483673;[];
12.5;MPIB2;30.880158203687387;21.87661391185091;0.6893414855003357;-0.24353814125061035;0.6822404861450195;[];
12.5;MPIB1;19.69999998807907;48.286983886241785;0.7496888637542725;-0.5157464742660522;-0.4145931005477905;[];
12.5;MPIB4;54.989558590104934;42.38142554857657;0.7025569677352905;-0.3558664619922638;-0.6161379814147949;[];
12.5;MPIB3;49.018274757440395;12.358033190055977;0.7751705050468445;-0.5792520046234131;-0.25189244747161865;[];
12.53125;MPIB2;30.880158203687387;21.87661391185091;0.6893414855003357;-0.24353814125061035;0.6822404861450195;[];
12.53125;MPIB1;19.69999998807907;48.44025586597223;0.7211428284645081;-0.5313476920127869;-0.44445058703422546;[];
12.53125;MPIB4;54.989558590104934;42.38142554857657;0.7025569677352905;-0.3558664619922638;-0.6161379814147949;[];
12.53125;MPIB3;49.018274757440395;12.358033190055977;0.842484712600708;-0.5358073711395264;0.05516528710722923;[];
12.59375;MPIB2;30.880158203687387;21.87661391185091;0.6893414855003357;-0.24353814125061035;0.6822404861450195;[];
12.59375;MPIB1;19.755286645144224;48.60485828216068;0.691277801990509;-0.5467707514762878;-0.4723229706287384;[];
12.59375;MPIB4;54.989558590104934;42.38142554857657;0.7025569677352905;-0.3558664619922638;-0.6161379814147949;[];
12.59375;MPIB3;49.018274757440395;12.358033190055977;0.7832124829292297;-0.49314841628074646;0.37855055928230286;[];
12.625;MPIB2;30.880158203687387;21.87661391185091;0.6893414855003357;-0.24353814125061035;0.6822404861450195;[];
12.625;MPIB1;19.84202520100473;48.774767859456375;0.6825647950172424;-0.5490164160728455;-0.48228442668914795;[];
12.625;MPIB4;54.989558590104934;42.38142554857657;0.7025569677352905;-0.3558664619922638;-0.6161379814147949;[];
12.625;MPIB3;49.018274757440395;12.358033190055977;0.7099786996841431;-0.4794096350669861;0.5157673358917236;[];
12.6875;MPIB2;30.880158203687387;21.87661391185091;0.6893414855003357;-0.24353814125061035;0.6822404861450195;[];
12.6875;MPIB1;19.95609022879603;48.93933221211094;0.614380419254303;-0.5446015000343323;-0.5708399415016174;[];
12.6875;MPIB4;54.989558590104934;42.38142554857657;0.7025569677352905;-0.3558664619922638;-0.6161379814147949;[];
12.6875;MPIB3;49.08344481156337;12.446552143470086;0.5429894328117371;-0.4908948540687561;0.681250810623169;[];
12.75;MPIB2;30.880158203687387;21.87661391185091;0.6893414855003357;-0.24353814125061035;0.6822404861450195;[];
12.75;MPIB1;20.091535604956334;49.09438216217697;0.5616917014122009;-0.5358073711395264;-0.6303381323814392;[];
12.75;MPIB4;54.989558590104934;42.38142554857657;0.7025569677352905;-0.3558664619922638;-0.6161379814147949;[];
12.75;MPIB3;49.1594379336334;12.576625256079467;0.371688574552536;-0.5202569365501404;0.7688270807266235;[];
12.78125;MPIB2;30.880158203687387;21.87661391185091;0.6893414855003357;-0.24353814125061035;0.6822404861450195;[];
12.78125;MPIB1;20.165488788929792;49.179039444746195;0.473434716463089;-0.5179625153541565;-0.7123829126358032;[];
12.78125;MPIB4;54.989558590104934;42.38142554857657;0.7025569677352905;-0.3558664619922638;-0.6161379814147949;[];
12.78125;MPIB3;49.24008473875165;12.737479724895735;0.3412630558013916;-0.5202569365501404;0.7828071713447571;[];
12.84375;MPIB2;30.880158203687387;21.87661391185091;0.6893414855003357;-0.24353814125061035;0.6822404861450195;[];
12.84375;MPIB1;20.205867232069295;49.22526232639791;0.36651283502578735;-0.5089951753616333;-0.7787863612174988;[];
12.84375;MPIB4;54.989558590104934;42.38142554857657;0.7025569677352905;-0.3558664619922638;-0.6161379814147949;[];
12.84375;MPIB3;49.32327245510942;12.91514081615307;0.3412630558013916;-0.5202569365501404;0.7828071713447571;[];
12.875;MPIB2;30.880158203687387;21.87661391185091;0.6893414855003357;-0.24353814125061035;0.6822404861450195;[];
12.875;MPIB1;20.227913864584252;49.25050002271118;0.32356762886047363;-0.4771362841129303;-0.8170462250709534;[];
12.875;MPIB4;54.989558590104934;42.38142554857657;0.7025569677352905;-0.3558664619922638;-0.6161379814147949;[];
12.875;MPIB3;49.407847509165094;13.10197832432911;0.3412630558013916;-0.5202569365501404;0.7828071713447571;[];
12.9375;MPIB2;30.880158203687387;21.87661391185091;0.6893414855003357;-0.24353814125061035;0.6822404861450195;[];
12.9375;MPIB1;20.227913864584252;49.25050002271118;0.25219810009002686;-0.42807504534721375;-0.8677982091903687;[];
12.9375;MPIB4;54.989558590104934;42.38142554857657;0.7025569677352905;-0.3558664619922638;-0.6161379814147949;[];
12.9375;MPIB3;49.49318004969177;13.29382615672472;0.3412630558013916;-0.5202569365501404;0.7828071713447571;[];
13.0;MPIB2;30.880158203687387;21.87661391185091;0.6893414855003357;-0.24353814125061035;0.6822404861450195;[];
13.0;MPIB1;20.227913864584252;49.25050002271118;0.09684224426746368;-0.3778064548969269;-0.9207696318626404;[];
13.0;MPIB4;54.989558590104934;42.38142554857657;0.7025569677352905;-0.3558664619922638;-0.6161379814147949;[];
13.0;MPIB3;49.58173146303534;13.487133863546347;0.3566901683807373;-0.5533362030982971;0.752663791179657;[];
13.03125;MPIB2;30.880158203687387;21.87661391185091;0.6893414855003357;-0.24353814125061035;0.6822404861450195;[];
13.03125;MPIB1;20.250112343840442;49.27591154429862;0.06791551411151886;-0.37540847063064575;-0.9243318438529968;[];
13.03125;MPIB4;54.989558590104934;42.38142554857657;0.7025569677352905;-0.3558664619922638;-0.6161379814147949;[];
13.03125;MPIB3;49.67818823144603;13.678054708433137;0.4001930058002472;-0.5792520046234131;0.7100859880447388;[];
13.09375;MPIB2;30.880158203687387;21.87661391185091;0.6893414855003357;-0.24353814125061035;0.6822404861450195;[];
13.09375;MPIB1;20.250112343840442;49.27591154429862;0.06791551411151886;-0.37540847063064575;-0.9243318438529968;[];
13.09375;MPIB4;54.989558590104934;42.38142554857657;0.7025569677352905;-0.3558664619922638;-0.6161379814147949;[];
13.09375;MPIB3;49.73085363311543;13.699999988079071;0.4529575705528259;-0.6003865003585815;0.658994197845459;[];
13.125;MPIB2;30.880158203687387;21.87661391185091;0.6893414855003357;-0.24353814125061035;0.6822404861450195;[];
13.125;MPIB1;20.250112343840442;49.27591154429862;0.06552256643772125;-0.37540847063064575;-0.9245045185089111;[];
13.125;MPIB4;54.989558590104934;42.38142554857657;0.7025569677352905;-0.3558664619922638;-0.6161379814147949;[];
13.125;MPIB3;49.73085363311543;13.699999988079071;0.46712443232536316;-0.6107624769210815;0.639274001121521;[];
13.1875;MPIB2;30.880158203687387;21.87661391185091;0.6893414855003357;-0.24353814125061035;0.6822404861450195;[];
13.1875;MPIB1;20.250112343840442;49.27591154429862;0.05346287786960602;-0.37540847063064575;-0.9252802133560181;[];
13.1875;MPIB4;54.989558590104934;42.38142554857657;0.7025569677352905;-0.3558664619922638;-0.6161379814147949;[];
13.1875;MPIB3;49.77530934829838;13.699999988079071;0.4789389371871948;-0.6272518038749695;0.6140676140785217;[];
13.25;MPIB2;30.880158203687387;21.87661391185091;0.6911705136299133;-0.24353814125061035;0.680387556552887;[];
13.25;MPIB1;20.250112343840442;49.27591154429862;0.04618706926703453;-0.37540847063064575;-0.9256719350814819;[];
13.25;MPIB4;54.989558590104934;42.38142554857657;0.7025569677352905;-0.3558664619922638;-0.6161379814147949;[];
13.25;MPIB3;49.77530934829838;13.699999988079071;0.4875141680240631;-0.6292657256126404;0.6051948666572571;[];
13.28125;MPIB2;30.880158203687387;21.87661391185091;0.690701961517334;-0.24614089727401733;0.679926335811615;[];
13.28125;MPIB1;20.250112343840442;49.27591154429862;0.04370196908712387;-0.37540847063064575;-0.9257926344871521;[];
13.28125;MPIB4;54.989558590104934;42.38142554857657;0.7025569677352905;-0.3558664619922638;-0.6161379814147949;[];
13.28125;MPIB3;49.77530934829838;13.699999988079071;0.4896301031112671;-0.6313498020172119;0.6013035774230957;[];
13.34375;MPIB2;30.880158203687387;21.87661391185091;0.6924596428871155;-0.24614089727401733;0.6781360507011414;[];
13.34375;MPIB1;20.250112343840442;49.27591154429862;0.04130532592535019;-0.37540847063064575;-0.9259026050567627;[];
13.34375;MPIB4;54.989558590104934;42.38142554857657;0.7025569677352905;-0.3558664619922638;-0.6161379814147949;[];
13.34375;MPIB3;49.77530934829838;13.699999988079071;0.4943421483039856;-0.6313498020172119;0.597435712814331;[];
13.375;MPIB2;30.880158203687387;21.87661391185091;0.69684237241745;-0.2511554956436157;0.6717775464057922;[];
13.375;MPIB1;20.250112343840442;49.27591154429862;0.03895058110356331;-0.3729189932346344;-0.927010178565979;[];
13.375;MPIB4;54.989558590104934;42.38142554857657;0.7025569677352905;-0.3558664619922638;-0.6161379814147949;[];
13.375;MPIB3;49.77530934829838;13.699999988079071;0.4995574653148651;-0.6272518038749695;0.5974143147468567;[];
13.4375;MPIB2;30.880158203687387;21.87661391185091;0.69684237241745;-0.2511554956436157;0.6717775464057922;[];
13.4375;MPIB1;20.250112343840442;49.27591154429862;0.03899098560214043;-0.3705158829689026;-0.9279718399047852;[];
13.4375;MPIB4;54.989558590104934;42.38142554857657;0.7025569677352905;-0.3558664619922638;-0.6161379814147949;[];
13.4375;MPIB3;49.77530934829838;13.699999988079071;0.5011593699455261;-0.6272518038749695;0.5960711240768433;[];
13.5;MPIB2;30.880158203687387;21.87661391185091;0.69684237241745;-0.2511554956436157;0.6717775464057922;[];
13.5;MPIB1;20.250112343840442;49.27591154429862;0.036626387387514114;-0.3681102991104126;-0.9290251135826111;[];
13.5;MPIB4;54.989558590104934;42.38142554857657;0.7025569677352905;-0.3558664619922638;-0.6161379814147949;[];
13.5;MPIB3;49.77530934829838;13.699999988079071;0.5011593699455261;-0.6272518038749695;0.5960711240768433;[];
13.53125;MPIB2;30.880158203687387;21.87661391185091;0.69684237241745;-0.2511554956436157;0.6717775464057922;[];
13.53125;MPIB1;20.250112343840442;49.27591154429862;0.03666519373655319;-0.3656129837036133;-0.9300094246864319;[];
13.53125;MPIB4;54.989558590104934;42.38142554857657;0.7025569677352905;-0.3558664619922638;-0.6161379814147949;[];
13.53125;MPIB3;49.77530934829838;13.699999988079071;0.502700686454773;-0.6272518038749695;0.5947718024253845;[];
13.59375;MPIB2;30.880158203687387;21.87661391185091;0.69684237241745;-0.2511554956436157;0.6717775464057922;[];
13.59375;MPIB1;20.250112343840442;49.27591154429862;0.034272972494363785;-0.3582844138145447;-0.9329488277435303;[];
13.59375;MPIB4;54.989558590104934;42.38142554857657;0.7025569677352905;-0.3558664619922638;-0.6161379814147949;[];
13.59375;MPIB3;49.77530934829838;13.699999988079071;0.502700686454773;-0.6272518038749695;0.5947718024253845;[];
13.625;MPIB2;30.880158203687387;21.87661391185091;0.69684237241745;-0.2511554956436157;0.6717775464057922;[];
13.625;MPIB1;20.250112343840442;49.27591154429862;0.029500605538487434;-0.3534461557865143;-0.9349557161331177;[];
13.625;MPIB4;54.989558590104934;42.38142554857657;0.7025569677352905;-0.3558664619922638;-0.6161379814147949;[];
13.625;MPIB3;49.77530934829838;13.699999988079071;0.502700686454773;-0.6272518038749695;0.5947718024253845;[];
13.6875;MPIB2;30.880158203687387;21.87661391185091;0.69684237241745;-0.2511554956436157;0.6717775464057922;[];
13.6875;MPIB1;20.250112343840442;49.27591154429862;0.024665839970111847;-0.34365129470825195;-0.9387404322624207;[];
13.6875;MPIB4;54.989558590104934;42.38142554857657;0.7025569677352905;-0.3558664619922638;-0.6161379814147949;[];
13.6875;MPIB3;49.77530934829838;13.699999988079071;0.502700686454773;-0.6272518038749695;0.5947718024253845;[];
13.75;MPIB2;30.880158203687387;21.87661391185091;0.69684237241745;-0.2511554956436157;0.6717775464057922;[];
13.75;MPIB1;20.250112343840442;49.27591154429862;0.024689989164471626;-0.3411290943622589;-0.9396594166755676;[];
13.75;MPIB4;54.989558590104934;42.38142554857657;0.7025569677352905;-0.3558664619922638;-0.6161379814147949;[];
13.75;MPIB3;49.77530934829838;13.699999988079071;0.502700686454773;-0.6272518038749695;0.5947718024253845;[];
13.78125;MPIB2;30.880158203687387;21.87661391185091;0.69684237241745;-0.2511554956436157;0.6717775464057922;[];
13.78125;MPIB1;20.250112343840442;49.27591154429862;0.024689989164471626;-0.3411290943622589;-0.9396594166755676;[];
13.78125;MPIB4;54.989558590104934;42.38142554857657;0.7041497230529785;-0.3558664619922638;-0.6143171191215515;[];
13.78125;MPIB3;49.77530934829838;13.699999988079071;0.502700686454773;-0.6272518038749695;0.5947718024253845;[];
13.84375;MPIB2;30.880158203687387;21.87661391185091;0.69684237241745;-0.2511554956436157;0.6717775464057922;[];
13.84375;MPIB1;20.250112343840442;49.27591154429862;0.024689989164471626;-0.3411290943622589;-0.9396594166755676;[];
13.84375;MPIB4;54.989558590104934;42.38142554857657;0.7041497230529785;-0.3558664619922638;-0.6143171191215515;[];
13.84375;MPIB3;49.77530934829838;13.699999988079071;0.502700686454773;-0.6272518038749695;0.5947718024253845;[];
13.875;MPIB2;30.880158203687387;21.87661391185091;0.69684237241745;-0.2511554956436157;0.6717775464057922;[];
13.875;MPIB1;20.250112343840442;49.27591154429862;0.024689989164471626;-0.3411290943622589;-0.9396594166755676;[];
13.875;MPIB4;54.989558590104934;42.38142554857657;0.7041497230529785;-0.3558664619922638;-0.6143171191215515;[];
13.875;MPIB3;49.77530934829838;13.699999988079071;0.502700686454773;-0.6272518038749695;0.5947718024253845;[];
13.9375;MPIB2;30.880158203687387;21.87661391185091;0.69684237241745;-0.2511554956436157;0.6717775464057922;[];
13.9375;MPIB1;20.250112343840442;49.27591154429862;0.024689989164471626;-0.3411290943622589;-0.9396594166755676;[];
13.9375;MPIB4;54.989558590104934;42.38142554857657;0.7041497230529785;-0.3558664619922638;-0.6143171191215515;[];
13.9375;MPIB3;49.77530934829838;13.699999988079071;0.502700686454773;-0.6272518038749695;0.5947718024253845;[];
14.0;MPIB2;30.880158203687387;21.87661391185091;0.69684237241745;-0.2511554956436157;0.6717775464057922;[];
14.0;MPIB1;20.250112343840442;49.27591154429862;0.024689989164471626;-0.3411290943622589;-0.9396594166755676;[];
14.0;MPIB4;54.989558590104934;42.38142554857657;0.7041497230529785;-0.3558664619922638;-0.6143171191215515;[];
14.0;MPIB3;49.77530934829838;13.699999988079071;0.502700686454773;-0.6272518038749695;0.5947718024253845;[];
14.03125;MPIB2;30.880158203687387;21.87661391185091;0.69684237241745;-0.2511554956436157;0.6717775464057922;[];
14.03125;MPIB1;20.250112343840442;49.27591154429862;0.024736059829592705;-0.3362579047679901;-0.9414128065109253;[];
14.03125;MPIB4;54.989558590104934;42.38142554857657;0.705796480178833;-0.3558664619922638;-0.6124245524406433;[];
14.03125;MPIB3;49.77530934829838;13.699999988079071;0.502700686454773;-0.6272518038749695;0.5947718024253845;[];
14.09375;MPIB2;30.95070540442677;21.944629874690037;0.69684237241745;-0.2511554956436157;0.6717775464057922;[];
14.09375;MPIB1;20.250112343840442;49.27591154429862;0.024736059829592705;-0.3362579047679901;-0.9414128065109253;[];
14.09375;MPIB4;54.989558590104934;42.38142554857657;0.705796480178833;-0.3558664619922638;-0.6124245524406433;[];
14.09375;MPIB3;49.77530934829838;13.699999988079071;0.502700686454773;-0.6272518038749695;0.5947718024253845;[];
14.125;MPIB2;31.059771381243916;22.049782557552845;0.69684237241745;-0.2511554956436157;0.6717775464057922;[];
14.125;MPIB1;20.250112343840442;49.27591154429862;0.024736059829592705;-0.3362579047679901;-0.9414128065109253;[];
14.125;MPIB4;54.989558590104934;42.38142554857657;0.705796480178833;-0.3558664619922638;-0.6124245524406433;[];
14.125;MPIB3;49.77530934829838;13.699999988079071;0.505829930305481;-0.6272518038749695;0.5921127796173096;[];
14.1875;MPIB2;31.189868612242353;22.175211891903785;0.69684237241745;-0.2511554956436157;0.6717775464057922;[];
14.1875;MPIB1;20.250112343840442;49.27591154429862;0.024782299995422363;-0.3312872350215912;-0.9431726932525635;[];
14.1875;MPIB4;54.989558590104934;42.38142554857657;0.7073795795440674;-0.3558664619922638;-0.6105952858924866;[];
14.1875;MPIB3;49.78856231136456;13.699999988079071;0.5051988363265991;-0.6313498020172119;0.5882837176322937;[];
14.25;MPIB2;31.331448909357565;22.311712279253157;0.69684237241745;-0.2511554956436157;0.6717775464057922;[];
14.25;MPIB1;20.250112343840442;49.27591154429862;0.024827852845191956;-0.32630735635757446;-0.9449063539505005;[];
14.25;MPIB4;54.989558590104934;42.38142554857657;0.7089579701423645;-0.3558664619922638;-0.6087620258331299;[];
14.25;MPIB3;49.78856231136456;13.699999988079071;0.5012970566749573;-0.6414074897766113;0.5806921720504761;[];
14.28125;MPIB2;31.479298961300785;22.454257462241827;0.69684237241745;-0.2511554956436157;0.6717775464057922;[];
14.28125;MPIB1;20.25268645075164;49.17794536504695;0.024916088208556175;-0.31641149520874023;-0.948264479637146;[];
14.28125;MPIB4;54.989558590104934;42.38142554857657;0.7121585011482239;-0.3558664619922638;-0.6050148606300354;[];
14.28125;MPIB3;49.78856231136456;13.699999988079071;0.5012970566749573;-0.6414074897766113;0.5806921720504761;[];
14.34375;MPIB2;31.630572299777718;22.600103104032883;0.69684237241745;-0.2511554956436157;0.6717775464057922;[];
14.34375;MPIB1;20.32486608860097;49.05524530308577;0.02013009414076805;-0.2839479446411133;-0.9586011171340942;[];
14.34375;MPIB4;54.989558590104934;42.38142554857657;0.7121585011482239;-0.3558664619922638;-0.6050148606300354;[];
14.34375;MPIB3;49.78856231136456;13.699999988079071;0.5012970566749573;-0.6414074897766113;0.5806921720504761;[];
14.375;MPIB2;31.783714752919167;22.74775079653935;0.69684237241745;-0.2511554956436157;0.6717775464057922;[];
14.375;MPIB1;20.436455813293605;48.91904053959661;0.02037537656724453;-0.24102666974067688;-0.9702814817428589;[];
14.375;MPIB4;54.989558590104934;42.38142554857657;0.7121585011482239;-0.3558664619922638;-0.6050148606300354;[];
14.375;MPIB3;49.71438040448561;13.699999988079071;0.5012970566749573;-0.6414074897766113;0.5806921720504761;[];
14.4375;MPIB2;31.93787774278597;22.89638240885074;0.69684237241745;-0.2511554956436157;0.6717775464057922;[];
14.4375;MPIB1;20.569563447902055;48.77546220821668;0.020401785150170326;-0.2359057515859604;-0.9715390801429749;[];
14.4375;MPIB4;54.989558590104934;42.38142554857657;0.7284650802612305;-0.3534461557865143;-0.586744487285614;[];
14.4375;MPIB3;49.599695171746134;13.764032259583473;0.5002102851867676;-0.6433912515640259;0.579433262348175;[];
14.5;MPIB2;32.09259794576955;23.045551241438005;0.69684237241745;-0.2511554956436157;0.6717775464057922;[];
14.5;MPIB1;20.71441986268917;48.6278579083008;0.020401785150170326;-0.2359057515859604;-0.9715390801429749;[];
14.5;MPIB4;54.989558590104934;42.38142554857657;0.7888609170913696;-0.34365129470825195;-0.5093754529953003;[];
14.5;MPIB3;49.46256457550999;13.862641213693053;0.4982839822769165;-0.6414074897766113;0.5832796692848206;[];
14.53125;MPIB2;32.247622387150216;23.195013396329955;0.69684237241745;-0.2511554956436157;0.6717775464057922;[];
14.53125;MPIB1;20.865331837752024;48.47768266931109;0.015331472270190716;-0.24614089727401733;-0.9690892100334167;[];
14.53125;MPIB4;55.07960209762132;42.342745259635905;0.874532163143158;-0.3064810633659363;-0.37569117546081543;[];
14.53125;MPIB3;49.31317880938127;13.980129038697868;0.5004741549491882;-0.6373530626296997;0.5858433842658997;[];
14.59375;MPIB2;32.40281294271499;23.344635705218877;0.69684237241745;-0.2511554956436157;0.6717775464057922;[];
14.59375;MPIB1;21.018447232213134;48.32498309284938;9.254163160221651E-5;-0.2612568736076355;-0.9652442336082458;[];
14.59375;MPIB4;55.22123178812285;42.289159672326264;0.9087395071983337;-0.2688373327255249;-0.3190825581550598;[];
14.59375;MPIB3;49.231614171600995;14.044277398601508;0.5063013434410095;-0.6292657256126404;0.5895674824714661;[];
14.625;MPIB2;32.558094196634826;23.494345458200314;0.69684237241745;-0.2511554956436157;0.6717775464057922;[];
14.625;MPIB1;21.170703127226943;48.16890076101694;-0.027585623785853386;-0.27142199873924255;-0.9620389938354492;[];
14.625;MPIB4;55.3929537885615;42.23355588246605;0.9371179342269897;-0.2308715432882309;-0.26156851649284363;[];
14.625;MPIB3;49.18707987420021;14.079302407177153;0.5202875137329102;-0.6231363415718079;0.5838737487792969;[];
14.6875;MPIB2;32.71342497186228;23.644102955661793;0.6973082423210144;-0.24864903092384338;0.6722266674041748;[];
14.6875;MPIB1;21.317584921423645;48.006634841551715;-0.09020587056875229;-0.28146493434906006;-0.9552950263023376;[];
14.6875;MPIB4;55.58176334824407;42.17932947427724;0.9475882649421692;-0.21301664412021637;-0.2379436194896698;[];
14.6875;MPIB3;49.16276414499498;14.098426064080712;0.5352835655212402;-0.61492919921875;0.5789996385574341;[];
14.75;MPIB2;32.86878278572682;23.79388652161242;0.6973082423210144;-0.24864903092384338;0.6722266674041748;[];
14.75;MPIB1;21.45247550810791;47.834319905611295;-0.19693221151828766;-0.28146493434906006;-0.9391183853149414;[];
14.75;MPIB4;55.77996418364751;42.12610124091046;0.9497979879379272;-0.20532892644405365;-0.2358863800764084;[];
14.75;MPIB3;49.16276414499498;14.098426064080712;0.5540286898612976;-0.6107624769210815;0.5656223893165588;[];
14.78125;MPIB2;33.02379569336121;23.94405540457697;0.6937538981437683;-0.24864903092384338;0.6758942604064941;[];
14.78125;MPIB1;21.57748669706382;47.65443353358711;-0.2336856871843338;-0.28146493434906006;-0.9306539297103882;[];
14.78125;MPIB4;55.98329265619009;42.0734180110598;0.9503108263015747;-0.20279480516910553;-0.2360137403011322;[];
14.78125;MPIB3;49.16276414499498;14.098426064080712;0.5932501554489136;-0.6211097240447998;0.5120387673377991;[];
14.84375;MPIB2;33.17826525455601;24.094797163753356;0.6902453899383545;-0.24864903092384338;0.6794769167900085;[];
14.84375;MPIB1;21.69300926021583;47.46809134000017;-0.2772202789783478;-0.28146493434906006;-0.9186264872550964;[];
14.84375;MPIB4;56.1892949413766;42.0205311581947;0.949052631855011;-0.20279480516910553;-0.24102160334587097;[];
14.84375;MPIB3;49.13828094058749;14.117681435656777;0.6682685017585754;-0.6272518038749695;0.3998483419418335;[];
14.875;MPIB2;33.33243814856036;24.245851713377732;0.6902453899383545;-0.24864903092384338;0.6794769167900085;[];
14.875;MPIB1;21.80078861449715;47.27689712531114;-0.3031369149684906;-0.2865208685398102;-0.9088240265846252;[];
14.875;MPIB4;56.39656456073021;41.966787141493825;0.9471277594566345;-0.20279480516910553;-0.24847540259361267;[];
14.875;MPIB3;49.13828094058749;14.117681435656777;0.6824610829353333;-0.6272518038749695;0.3751111626625061;[];
14.9375;MPIB2;33.48644906225991;24.39707704660654;0.6902453899383545;-0.24864903092384338;0.6794769167900085;[];
14.9375;MPIB1;21.900554312725262;47.081259800699996;-0.3404040038585663;-0.29147714376449585;-0.8939310312271118;[];
14.9375;MPIB4;56.60446145122819;41.912329817819256;0.9464811682701111;-0.20279480516910553;-0.25092634558677673;[];
14.9375;MPIB3;49.05240344011304;14.07047682569646;0.6824610829353333;-0.6272518038749695;0.3751111626625061;[];
15.0;MPIB2;33.64037153470275;24.54839562769419;0.6902453899383545;-0.24864903092384338;0.6794769167900085;[];
15.0;MPIB1;21.98419244426543;46.878789631125244;-0.4478616416454315;-0.30401602387428284;-0.8407964706420898;[];
15.0;MPIB4;56.812700831810616;41.85748302849183;0.9464811682701111;-0.20279480516910553;-0.25092634558677673;[];
15.0;MPIB3;48.91963681893321;13.997498495704122;0.6810356974601746;-0.6292657256126404;0.37432771921157837;[];
15.03125;MPIB2;33.9480935359651;24.851162415228345;0.6902453899383545;-0.24864903092384338;0.6794769167900085;[];
15.03125;MPIB1;22.04550799437061;46.669472991818935;-0.5589691996574402;-0.30894404649734497;-0.7694482207298279;[];
15.03125;MPIB4;56.98847905241814;41.8111859687952;0.9464811682701111;-0.20279480516910553;-0.25092634558677673;[];
15.03125;MPIB3;48.76114680612318;13.910670183551076;0.680517315864563;-0.6313498020172119;0.3717522919178009;[];
15.09375;MPIB2;33.9480935359651;24.851162415228345;0.6902453899383545;-0.24864903092384338;0.6794769167900085;[];
15.09375;MPIB1;22.089188651750078;46.455707908306124;-0.5993378758430481;-0.31395483016967773;-0.7363215088844299;[];
15.09375;MPIB4;56.98847905241814;41.8111859687952;0.9464811682701111;-0.20279480516910553;-0.25092634558677673;[];
15.09375;MPIB3;48.67461124907754;13.86326191960893;0.680517315864563;-0.6313498020172119;0.3717522919178009;[];
15.125;MPIB2;34.03209445421422;24.933825346867735;0.6902453899383545;-0.24864903092384338;0.6794769167900085;[];
15.125;MPIB1;22.114620144842434;46.2390046969883;-0.6600612998008728;-0.31641149520874023;-0.6812820434570312;[];
15.125;MPIB4;57.022374466414476;41.802258480510204;0.9464811682701111;-0.20279480516910553;-0.25092634558677673;[];
15.125;MPIB3;48.62736282944252;13.837377004489923;0.677639365196228;-0.6353562474250793;0.3701801002025604;[];
15.1875;MPIB2;34.07795896090552;24.978959312785264;0.6902453899383545;-0.24864903092384338;0.6794769167900085;[];
15.1875;MPIB1;22.12092939528634;46.02097216432435;-0.7164307236671448;-0.32884371280670166;-0.6152473092079163;[];
15.1875;MPIB4;57.022374466414476;41.802258480510204;0.9448593258857727;-0.2308715432882309;-0.23206467926502228;[];
15.1875;MPIB3;48.62736282944252;13.837377004489923;0.677639365196228;-0.6353562474250793;0.3701801002025604;[];
15.25;MPIB2;34.10300098446767;25.00360246103861;0.6902453899383545;-0.24864903092384338;0.6794769167900085;[];
15.25;MPIB1;22.112885227630954;45.8025885863251;-0.7400553822517395;-0.32884371280670166;-0.586617648601532;[];
15.25;MPIB4;57.022374466414476;41.802258480510204;0.9422592520713806;-0.2663431465625763;-0.20278790593147278;[];
15.25;MPIB3;48.58747967618524;13.815527130045098;0.6722964644432068;-0.6373530626296997;0.37643638253211975;[];
15.28125;MPIB2;34.10300098446767;25.00360246103861;0.6902453899383545;-0.24864903092384338;0.6794769167900085;[];
15.28125;MPIB1;22.09131191253698;45.58483817642724;-0.7711539268493652;-0.33372852206230164;-0.5421130061149597;[];
15.28125;MPIB4;57.05650333593553;41.79738407134042;0.9398836493492126;-0.2839479446411133;-0.18948867917060852;[];
15.28125;MPIB3;48.58747967618524;13.815527130045098;0.6677194237709045;-0.6353562474250793;0.38778749108314514;[];
15.34375;MPIB2;34.10300098446767;25.00360246103861;0.6902453899383545;-0.24864903092384338;0.6794769167900085;[];
15.34375;MPIB1;22.05517907147282;45.36895732870124;-0.8057399392127991;-0.34365129470825195;-0.4823121428489685;[];
15.34375;MPIB4;57.05650333593553;41.79738407134042;0.9386498928070068;-0.29147714376449585;-0.18409445881843567;[];
15.34375;MPIB3;48.58747967618524;13.815527130045098;0.6420672535896301;-0.6353562474250793;0.42892658710479736;[];
15.375;MPIB2;34.12821548560298;25.02841533960128;0.6902453899383545;-0.24864903092384338;0.6794769167900085;[];
15.375;MPIB1;22.001833786527868;45.156906175628166;-0.848595917224884;-0.34365129470825195;-0.40215274691581726;[];
15.375;MPIB4;57.05650333593553;41.79738407134042;0.9376010298728943;-0.29651716351509094;-0.18136951327323914;[];
15.375;MPIB3;48.49396518803951;13.865540748721173;0.38615068793296814;-0.7162662744522095;0.5811665058135986;[];
15.4375;MPIB2;34.12821548560298;25.02841533960128;0.6902453899383545;-0.24864903092384338;0.6794769167900085;[];
15.4375;MPIB1;21.93276242255763;44.949450675405984;-0.872316300868988;-0.3485085368156433;-0.34284618496894836;[];
15.4375;MPIB4;57.05650333593553;41.79738407134042;0.9368441104888916;-0.29898834228515625;-0.1812230795621872;[];
15.4375;MPIB3;48.35573327556972;13.923964969652559;0.1778329461812973;-0.7964750528335571;0.5778500437736511;[];
15.5;MPIB2;34.12821548560298;25.02841533960128;0.6902453899383545;-0.24864903092384338;0.6794769167900085;[];
15.5;MPIB1;21.844381191504112;44.7499667056895;-0.8980435729026794;-0.3729189932346344;-0.23320132493972778;[];
15.5;MPIB4;57.05650333593553;41.79738407134042;0.9368441104888916;-0.29898834228515625;-0.1812230795621872;[];
15.5;MPIB3;48.30000001192093;13.972711426148976;0.09963186085224152;-0.8150929808616638;0.5706192851066589;[];
15.53125;MPIB2;34.12821548560298;25.02841533960128;0.6902453899383545;-0.24864903092384338;0.6794769167900085;[];
15.53125;MPIB1;21.796125033743806;44.641048445573176;-0.9043602347373962;-0.4019079804420471;-0.14328992366790771;[];
15.53125;MPIB4;57.05650333593553;41.79738407134042;0.9360808730125427;-0.3014575242996216;-0.18107543885707855;[];
15.53125;MPIB3;48.30000001192093;14.006245814574356;0.042444828897714615;-0.7996523976325989;0.5988842844963074;[];
15.59375;MPIB2;34.12821548560298;25.02841533960128;0.6902453899383545;-0.24864903092384338;0.6794769167900085;[];
15.59375;MPIB1;21.769777168546284;44.58157906864213;-0.9034448862075806;-0.41625523567199707;-0.10220733284950256;[];
15.59375;MPIB4;57.05650333593553;41.79738407134042;0.9360808730125427;-0.3014575242996216;-0.18107543885707855;[];
15.59375;MPIB3;48.30000001192093;14.006245814574356;-0.08621843159198761;-0.7253699898719788;0.682868242263794;[];
15.625;MPIB2;34.12821548560298;25.02841533960128;0.6902453899383545;-0.24864903092384338;0.6794769167900085;[];
15.625;MPIB1;21.75539123247745;44.54910878506627;-0.8993755578994751;-0.4304995536804199;-0.0756257176399231;[];
15.625;MPIB4;57.05650333593553;41.79738407134042;0.9360808730125427;-0.3014575242996216;-0.18107543885707855;[];
15.625;MPIB3;48.30000001192093;14.006245814574356;-0.10478906333446503;-0.6826353669166565;0.7231407165527344;[];
15.6875;MPIB2;34.12821548560298;25.02841533960128;0.6902453899383545;-0.24864903092384338;0.6794769167900085;[];
15.6875;MPIB1;21.75539123247745;44.54910878506627;-0.8997617959976196;-0.4304995536804199;-0.07088223099708557;[];
15.6875;MPIB4;57.05650333593553;41.79738407134042;0.9360808730125427;-0.3014575242996216;-0.18107543885707855;[];
15.6875;MPIB3;48.30000001192093;14.040011171951534;-0.11124099791049957;-0.6474190354347229;0.7539094090461731;[];
15.75;MPIB2;34.12821548560298;25.02841533960128;0.6902453899383545;-0.24864903092384338;0.6794769167900085;[];
15.75;MPIB1;21.75539123247745;44.54910878506627;-0.9001167416572571;-0.4304995536804199;-0.06622306257486343;[];
15.75;MPIB4;57.05650333593553;41.79738407134042;0.9360808730125427;-0.3014575242996216;-0.18107543885707855;[];
15.75;MPIB3;48.30000001192093;14.040011171951534;-0.11377031356096268;-0.6433912515640259;0.756973922252655;[];
15.78125;MPIB2;34.12821548560298;25.02841533960128;0.6866528987884521;-0.24864903092384338;0.6831070780754089;[];
15.78125;MPIB1;21.74324783175814;44.516414861587776;-0.9024596810340881;-0.42807504534721375;-0.04737110063433647;[];
15.78125;MPIB4;57.05650333593553;41.79738407134042;0.9360808730125427;-0.3014575242996216;-0.18107543885707855;[];
15.78125;MPIB3;48.30000001192093;14.040011171951534;-0.2197396159172058;-0.6845247149467468;0.6950141191482544;[];
15.84375;MPIB2;34.12821548560298;25.02841533960128;0.6848822832107544;-0.24864903092384338;0.6848822832107544;[];
15.84375;MPIB1;21.74324783175814;44.516414861587776;-0.9067273139953613;-0.42095696926116943;-0.023824680596590042;[];
15.84375;MPIB4;57.05650333593553;41.79738407134042;0.9360808730125427;-0.3014575242996216;-0.18107543885707855;[];
15.84375;MPIB3;48.30000001192093;14.040011171951534;-0.3593308627605438;-0.760393500328064;0.5409144163131714;[];
15.875;MPIB2;34.12821548560298;25.02841533960128;0.6848822832107544;-0.24864903092384338;0.6848822832107544;[];
15.875;MPIB1;21.74324783175814;44.516414861587776;-0.910067081451416;-0.41381287574768066;-0.02155517227947712;[];
15.875;MPIB4;57.05650333593553;41.79738407134042;0.9360808730125427;-0.3014575242996216;-0.18107543885707855;[];
15.875;MPIB3;48.30000001192093;14.040011171951534;-0.4482939839363098;-0.7705107927322388;0.45304685831069946;[];
15.9375;MPIB2;34.12821548560298;25.02841533960128;0.6848822832107544;-0.24864903092384338;0.6848822832107544;[];
15.9375;MPIB1;21.74324783175814;44.516414861587776;-0.9121971130371094;-0.4090942442417145;-0.02160562202334404;[];
15.9375;MPIB4;57.05650333593553;41.79738407134042;0.9360808730125427;-0.3014575242996216;-0.18107543885707855;[];
15.9375;MPIB3;48.30000001192093;14.040011171951534;-0.5434136390686035;-0.7705107927322388;0.3330473005771637;[];
16.0;MPIB2;34.12821548560298;25.02841533960128;0.6848822832107544;-0.24864903092384338;0.6848822832107544;[];
16.0;MPIB1;21.74324783175814;44.516414861587776;-0.916523814201355;-0.3995363116264343;-0.016873065382242203;[];
16.0;MPIB4;57.05650333593553;41.79738407134042;0.9360808730125427;-0.3014575242996216;-0.18107543885707855;[];
16.0;MPIB3;48.30000001192093;14.040011171951534;-0.5723434090614319;-0.7705107927322388;0.28043168783187866;[];
16.03125;MPIB2;34.12821548560298;25.02841533960128;0.6848822832107544;-0.24864903092384338;0.6848822832107544;[];
16.03125;MPIB1;21.74324783175814;44.516414861587776;-0.92276930809021;-0.3850736916065216;-0.012121004052460194;[];
16.03125;MPIB4;57.05650333593553;41.79738407134042;0.9360808730125427;-0.3014575242996216;-0.18107543885707855;[];
16.03125;MPIB3;48.30000001192093;14.040011171951534;-0.5723434090614319;-0.7705107927322388;0.28043168783187866;[];
16.09375;MPIB2;34.12821548560298;25.02841533960128;0.6812613606452942;-0.24864903092384338;0.6884841918945312;[];
16.09375;MPIB1;21.74324783175814;44.516414861587776;-0.923828125;-0.38259485363960266;-0.009743161499500275;[];
16.09375;MPIB4;57.05650333593553;41.79738407134042;0.9360808730125427;-0.3014575242996216;-0.18107543885707855;[];
16.09375;MPIB3;48.30000001192093;14.040011171951534;-0.5723434090614319;-0.7705107927322388;0.28043168783187866;[];
16.125;MPIB2;34.12821548560298;25.02841533960128;0.6794769167900085;-0.24864903092384338;0.6902453899383545;[];
16.125;MPIB1;21.74324783175814;44.516414861587776;-0.9248377680778503;-0.38020193576812744;-0.007359575480222702;[];
16.125;MPIB4;57.05650333593553;41.79738407134042;0.9360808730125427;-0.3014575242996216;-0.18107543885707855;[];
16.125;MPIB3;48.30000001192093;14.040011171951534;-0.5723434090614319;-0.7705107927322388;0.28043168783187866;[];
16.1875;MPIB2;34.12821548560298;25.02841533960128;0.6794769167900085;-0.24864903092384338;0.6902453899383545;[];
16.1875;MPIB1;21.74324783175814;44.516414861587776;-0.9248377680778503;-0.38020193576812744;-0.007359575480222702;[];
16.1875;MPIB4;57.05650333593553;41.79738407134042;0.9360808730125427;-0.3014575242996216;-0.18107543885707855;[];
16.1875;MPIB3;48.30000001192093;14.040011171951534;-0.5723434090614319;-0.7705107927322388;0.28043168783187866;[];
16.25;MPIB2;34.12821548560298;25.02841533960128;0.6794769167900085;-0.24864903092384338;0.6902453899383545;[];
16.25;MPIB1;21.74324783175814;44.516414861587776;-0.9248377680778503;-0.38020193576812744;-0.007359575480222702;[];
16.25;MPIB4;57.05650333593553;41.79738407134042;0.9360808730125427;-0.3014575242996216;-0.18107543885707855;[];
16.25;MPIB3;48.30000001192093;14.040011171951534;-0.5723434090614319;-0.7705107927322388;0.28043168783187866;[];
16.28125;MPIB2;34.12821548560298;25.02841533960128;0.6781360507011414;-0.24614089727401733;0.6924596428871155;[];
16.28125;MPIB1;21.74324783175814;44.516414861587776;-0.9258190393447876;-0.3778064548969269;-0.007367384620010853;[];
16.28125;MPIB4;57.05951572952904;41.79738407134042;0.9360808730125427;-0.3014575242996216;-0.18107543885707855;[];
16.28125;MPIB3;48.30000001192093;14.040011171951534;-0.5723434090614319;-0.7705107927322388;0.28043168783187866;[];
16.34375;MPIB2;34.12821548560298;25.02841533960128;0.6781360507011414;-0.24614089727401733;0.6924596428871155;[];
16.34375;MPIB1;21.74324783175814;44.516414861587776;-0.9278247952461243;-0.3729189932346344;-0.002490720245987177;[];
16.34375;MPIB4;57.05951572952904;41.79738407134042;0.9365466833114624;-0.3014575242996216;-0.17865166068077087;[];
16.34375;MPIB3;48.30000001192093;14.040011171951534;-0.5723434090614319;-0.7705107927322388;0.28043168783187866;[];
16.375;MPIB2;34.12821548560298;25.02841533960128;0.6781360507011414;-0.24614089727401733;0.6924596428871155;[];
16.375;MPIB1;21.74324783175814;44.516414861587776;-0.9315208792686462;-0.36320239305496216;0.016970479860901833;[];
16.375;MPIB4;57.05951572952904;41.79738407134042;0.9365466833114624;-0.3014575242996216;-0.17865166068077087;[];
16.375;MPIB3;48.30000001192093;14.040011171951534;-0.5723434090614319;-0.7705107927322388;0.28043168783187866;[];
16.4375;MPIB2;34.12821548560298;25.02841533960128;0.6781360507011414;-0.24614089727401733;0.6924596428871155;[];
16.4375;MPIB1;21.74324783175814;44.516414861587776;-0.9315208792686462;-0.36320239305496216;0.016970479860901833;[];
16.4375;MPIB4;57.05951572952904;41.79738407134042;0.9365466833114624;-0.3014575242996216;-0.17865166068077087;[];
16.4375;MPIB3;48.30000001192093;14.040011171951534;-0.5759842991828918;-0.7671388983726501;0.2822156250476837;[];
16.5;MPIB2;34.12821548560298;25.02841533960128;0.6781360507011414;-0.24614089727401733;0.6924596428871155;[];
16.5;MPIB1;21.74324783175814;44.516414861587776;-0.9315208792686462;-0.36320239305496216;0.016970479860901833;[];
16.5;MPIB4;57.05951572952904;41.79738407134042;0.9365466833114624;-0.3014575242996216;-0.17865166068077087;[];
16.5;MPIB3;48.30000001192093;14.040011171951534;-0.577358603477478;-0.7637456655502319;0.2885395586490631;[];
16.53125;MPIB2;34.12821548560298;25.02841533960128;0.6781360507011414;-0.24614089727401733;0.6924596428871155;[];
16.53125;MPIB1;21.74324783175814;44.516414861587776;-0.9315208792686462;-0.36320239305496216;0.016970479860901833;[];
16.53125;MPIB4;57.05951572952904;41.79738407134042;0.9365466833114624;-0.3014575242996216;-0.17865166068077087;[];
16.53125;MPIB3;48.30000001192093;14.040011171951534;-0.5760691165924072;-0.7620721459388733;0.29545852541923523;[];
16.59375;MPIB2;34.12821548560298;25.02841533960128;0.6781360507011414;-0.24614089727401733;0.6924596428871155;[];
16.59375;MPIB1;21.74324783175814;44.516414861587776;-0.9315208792686462;-0.36320239305496216;0.016970479860901833;[];
16.59375;MPIB4;57.05951572952904;41.79738407134042;0.9365466833114624;-0.3014575242996216;-0.17865166068077087;[];
16.59375;MPIB3;48.30000001192093;14.040011171951534;-0.5752739310264587;-0.7620721459388733;0.2970038950443268;[];
16.625;MPIB2;34.12821548560298;25.02841533960128;0.6781360507011414;-0.24614089727401733;0.6924596428871155;[];
16.625;MPIB1;21.74324783175814;44.516414861587776;-0.9315208792686462;-0.36320239305496216;0.016970479860901833;[];
16.625;MPIB4;57.05951572952904;41.79738407134042;0.9365466833114624;-0.3014575242996216;-0.17865166068077087;[];
16.625;MPIB3;48.30000001192093;14.040011171951534;-0.5729501247406006;-0.7620721459388733;0.3014623522758484;[];
16.6875;MPIB2;34.12821548560298;25.02841533960128;0.6781360507011414;-0.24614089727401733;0.6924596428871155;[];
16.6875;MPIB1;21.74324783175814;44.516414861587776;-0.9315208792686462;-0.36320239305496216;0.016970479860901833;[];
16.6875;MPIB4;57.05951572952904;41.79738407134042;0.9365466833114624;-0.3014575242996216;-0.17865166068077087;[];
16.6875;MPIB3;48.30000001192093;14.040011171951534;-0.5714733600616455;-0.760393500328064;0.30842384696006775;[];
16.75;MPIB2;34.12821548560298;25.02841533960128;0.6781360507011414;-0.24614089727401733;0.6924596428871155;[];
16.75;MPIB1;21.74324783175814;44.516414861587776;-0.9315208792686462;-0.36320239305496216;0.016970479860901833;[];
16.75;MPIB4;57.05951572952904;41.79738407134042;0.9365466833114624;-0.3014575242996216;-0.17865166068077087;[];
16.75;MPIB3;48.30000001192093;14.040011171951534;-0.5674033761024475;-0.760393500328064;0.31584876775741577;[];
16.78125;MPIB2;34.12821548560298;25.02841533960128;0.6781360507011414;-0.24614089727401733;0.6924596428871155;[];
16.78125;MPIB1;21.74324783175814;44.516414861587776;-0.9315208792686462;-0.36320239305496216;0.016970479860901833;[];
16.78125;MPIB4;57.05951572952904;41.79738407134042;0.9365466833114624;-0.3014575242996216;-0.17865166068077087;[];
16.78125;MPIB3;48.30000001192093;14.040011171951534;-0.5649842619895935;-0.7569583058357239;0.32819506525993347;[];
16.84375;MPIB2;34.12821548560298;25.02841533960128;0.6781360507011414;-0.24614089727401733;0.6924596428871155;[];
16.84375;MPIB1;21.74324783175814;44.516414861587776;-0.9315208792686462;-0.36320239305496216;0.016970479860901833;[];
16.84375;MPIB4;57.05951572952904;41.79738407134042;0.9365466833114624;-0.3014575242996216;-0.17865166068077087;[];
16.84375;MPIB3;48.30000001192093;14.040011171951534;-0.564071536064148;-0.7552642226219177;0.33362311124801636;[];
16.875;MPIB2;34.12821548560298;25.02841533960128;0.6781360507011414;-0.24614089727401733;0.6924596428871155;[];
16.875;MPIB1;21.74324783175814;44.516414861587776;-0.9315208792686462;-0.36320239305496216;0.016970479860901833;[];
16.875;MPIB4;57.05951572952904;41.79738407134042;0.9365466833114624;-0.3014575242996216;-0.17865166068077087;[];
16.875;MPIB3;48.30000001192093;14.040011171951534;-0.564914345741272;-0.7535020709037781;0.33617180585861206;[];
16.9375;MPIB2;34.12821548560298;25.02841533960128;0.6781360507011414;-0.24614089727401733;0.6924596428871155;[];
16.9375;MPIB1;21.74324783175814;44.516414861587776;-0.9315208792686462;-0.36320239305496216;0.016970479860901833;[];
16.9375;MPIB4;57.05951572952904;41.79738407134042;0.9365466833114624;-0.3014575242996216;-0.17865166068077087;[];
16.9375;MPIB3;48.30000001192093;14.040011171951534;-0.564914345741272;-0.7535020709037781;0.33617180585861206;[];
17.0;MPIB2;34.12821548560298;25.02841533960128;0.6781360507011414;-0.24614089727401733;0.6924596428871155;[];
17.0;MPIB1;21.74324783175814;44.516414861587776;-0.9315208792686462;-0.36320239305496216;0.016970479860901833;[];
17.0;MPIB4;57.05951572952904;41.79738407134042;0.9365466833114624;-0.3014575242996216;-0.17865166068077087;[];
17.0;MPIB3;48.30000001192093;14.040011171951534;-0.564914345741272;-0.7535020709037781;0.33617180585861206;[];
17.03125;MPIB2;34.12821548560298;25.02841533960128;0.6781360507011414;-0.24614089727401733;0.6924596428871155;[];
17.03125;MPIB1;21.74324783175814;44.516414861587776;-0.9315208792686462;-0.36320239305496216;0.016970479860901833;[];
17.03125;MPIB4;57.05951572952904;41.79738407134042;0.9365466833114624;-0.3014575242996216;-0.17865166068077087;[];
17.03125;MPIB3;48.30000001192093;14.040011171951534;-0.5631663203239441;-0.7535020709037781;0.339091956615448;[];
17.09375;MPIB2;34.12821548560298;25.02841533960128;0.6781360507011414;-0.24614089727401733;0.6924596428871155;[];
17.09375;MPIB1;21.74324783175814;44.516414861587776;-0.9315208792686462;-0.36320239305496216;0.016970479860901833;[];
17.09375;MPIB4;57.05951572952904;41.79738407134042;0.9365466833114624;-0.3014575242996216;-0.17865166068077087;[];
17.09375;MPIB3;48.30000001192093;14.040011171951534;-0.5631663203239441;-0.7535020709037781;0.339091956615448;[];
17.125;MPIB2;34.12821548560298;25.02841533960128;0.6781360507011414;-0.24614089727401733;0.6924596428871155;[];
17.125;MPIB1;21.74324783175814;44.516414861587776;-0.9315208792686462;-0.36320239305496216;0.016970479860901833;[];
17.125;MPIB4;57.05951572952904;41.79738407134042;0.9365466833114624;-0.3014575242996216;-0.17865166068077087;[];
17.125;MPIB3;48.30000001192093;14.040011171951534;-0.5604831576347351;-0.7535020709037781;0.34350883960723877;[];
17.1875;MPIB2;34.12821548560298;25.02841533960128;0.6781360507011414;-0.24614089727401733;0.6924596428871155;[];
17.1875;MPIB1;21.645264098938583;44.518199932688816;-0.935265839099884;-0.3534461557865143;0.017038706690073013;[];
17.1875;MPIB4;57.05951572952904;41.79738407134042;0.9365466833114624;-0.3014575242996216;-0.17865166068077087;[];
17.1875;MPIB3;48.30000001192093;14.040011171951534;-0.5612506866455078;-0.7517976760864258;0.34598103165626526;[];
17.25;MPIB2;34.12821548560298;25.02841533960128;0.6781360507011414;-0.24614089727401733;0.6924596428871155;[];
17.25;MPIB1;21.493781241785427;44.519985003789856;-0.9433416724205017;-0.3312872350215912;0.017185833305120468;[];
17.25;MPIB4;57.05951572952904;41.79738407134042;0.9370231628417969;-0.3014575242996216;-0.17613685131072998;[];
17.25;MPIB3;48.30000001192093;14.040011171951534;-0.5612506866455078;-0.7517976760864258;0.34598103165626526;[];
17.28125;MPIB2;34.12821548560298;25.02841533960128;0.6781360507011414;-0.24614089727401733;0.6924596428871155;[];
17.28125;MPIB1;21.313087859353345;44.521770074890895;-0.9450756311416626;-0.32630735635757446;0.017217421904206276;[];
17.28125;MPIB4;57.05951572952904;41.79738407134042;0.9374762177467346;-0.3014575242996216;-0.1737106442451477;[];
17.28125;MPIB3;48.30000001192093;14.040011171951534;-0.5612506866455078;-0.7517976760864258;0.34598103165626526;[];
17.34375;MPIB2;34.12821548560298;25.02841533960128;0.6781360507011414;-0.24614089727401733;0.6924596428871155;[];
17.34375;MPIB1;21.116445528266354;44.523555145991935;-0.9450756311416626;-0.32630735635757446;0.017217421904206276;[];
17.34375;MPIB4;57.05951572952904;41.79738407134042;0.9405014514923096;-0.3014575242996216;-0.1565152108669281;[];
17.34375;MPIB3;48.30000001192093;14.040011171951534;-0.5612506866455078;-0.7517976760864258;0.34598103165626526;[];
17.375;MPIB2;34.1967772928778;25.098432163310292;0.6781360507011414;-0.24614089727401733;0.6924596428871155;[];
17.375;MPIB1;20.91109507020235;44.525340217092975;-0.9450756311416626;-0.32630735635757446;0.017217421904206276;[];
17.375;MPIB4;57.05951572952904;41.79738407134042;0.941314160823822;-0.3014575242996216;-0.1515536606311798;[];
17.375;MPIB3;48.351649552583694;14.123295766070129;-0.5603199005126953;-0.7517976760864258;0.3474864363670349;[];
17.4375;MPIB2;34.30277385127282;25.20667817720485;0.6781360507011414;-0.24614089727401733;0.6924596428871155;[];
17.4375;MPIB1;20.700985682722262;44.52687164272365;-0.9398689270019531;-0.3411290943622589;0.014688931405544281;[];
17.4375;MPIB4;57.05951572952904;41.79738407134042;0.9417035579681396;-0.3014575242996216;-0.1491164267063141;[];
17.4375;MPIB3;48.430401403483984;14.252724946862998;-0.5681626796722412;-0.748373806476593;0.3421003520488739;[];
17.5;MPIB2;34.429209786153535;25.33579733136517;0.6781360507011414;-0.24614089727401733;0.6924596428871155;[];
17.5;MPIB1;20.488268911727232;44.52763268123098;-0.9353927969932556;-0.3534461557865143;0.0072641982696950436;[];
17.5;MPIB4;57.05951572952904;41.79738407134042;0.9417035579681396;-0.3014575242996216;-0.1491164267063141;[];
17.5;MPIB3;48.52151579464203;14.40876811248694;-0.5795140862464905;-0.7465905547142029;0.32660481333732605;[];
17.53125;MPIB2;34.56680562189172;25.476313221434367;0.6781360507011414;-0.24614089727401733;0.6924596428871155;[];
17.53125;MPIB1;20.300318529311653;44.45803563068338;-0.9306182265281677;-0.3656129837036133;0.014544355683028698;[];
17.53125;MPIB4;57.05951572952904;41.79738407134042;0.9417035579681396;-0.3014575242996216;-0.1491164267063141;[];
17.53125;MPIB3;48.57126425799265;14.493967690813776;-0.5950415134429932;-0.7465905547142029;0.29737672209739685;[];
17.59375;MPIB2;34.71049476420582;25.623051730032586;0.6781360507011414;-0.24614089727401733;0.6924596428871155;[];
17.59375;MPIB1;20.122001788440343;44.354689328618065;-0.9223870635032654;-0.38020193576812744;0.06768371164798737;[];
17.59375;MPIB4;57.05951572952904;41.79738407134042;0.9417035579681396;-0.3014575242996216;-0.1491164267063141;[];
17.59375;MPIB3;48.59842692213715;14.540486665983536;-0.6170183420181274;-0.744865894317627;0.2537081241607666;[];
17.625;MPIB2;34.85751085229681;25.77318778874229;0.6781360507011414;-0.24614089727401733;0.6924596428871155;[];
17.625;MPIB1;19.939520419438168;44.24577879424015;-0.8949638605117798;-0.39231711626052856;0.21226809918880463;[];
17.625;MPIB4;57.05951572952904;41.79738407134042;0.9420865774154663;-0.3014575242996216;-0.14667822420597076;[];
17.625;MPIB3;48.59842692213715;14.540486665983536;-0.664275050163269;-0.7325237393379211;0.14849911630153656;[];
17.6875;MPIB2;35.006343452992965;25.925178910028336;0.6781360507011414;-0.24614089727401733;0.6924596428871155;[];
17.6875;MPIB1;19.750550243108933;44.14137820423139;-0.8713452219963074;-0.39707398414611816;0.28813156485557556;[];
17.6875;MPIB4;57.05951572952904;41.79738407134042;0.9420865774154663;-0.3014575242996216;-0.14667822420597076;[];
17.6875;MPIB3;48.62135536514779;14.579754083399763;-0.6985512375831604;-0.7144574522972107;0.0384812206029892;[];
17.75;MPIB2;35.156167869686755;26.0781828955987;0.6781360507011414;-0.24614089727401733;0.6924596428871155;[];
17.75;MPIB1;19.557229340915796;44.04108338516883;-0.8659232258796692;-0.39707398414611816;0.3040383756160736;[];
17.75;MPIB4;57.05951572952904;41.79738407134042;0.9432113170623779;-0.3014575242996216;-0.13926729559898376;[];
17.75;MPIB3;48.62135536514779;14.579754083399763;-0.7214847803115845;-0.6921053528785706;-0.018818911164999008;[];
17.78125;MPIB2;35.30653381797815;26.231739905132542;0.6781360507011414;-0.24614089727401733;0.6924596428871155;[];
17.78125;MPIB1;19.361532942124995;43.94303031730331;-0.8659232258796692;-0.39707398414611816;0.3040383756160736;[];
17.78125;MPIB4;57.05951572952904;41.79738407134042;0.9406229257583618;-0.33372852206230164;0.06159130111336708;[];
17.78125;MPIB3;48.62135536514779;14.579754083399763;-0.7331269979476929;-0.6768693923950195;-0.06539961695671082;[];
17.84375;MPIB2;35.457195442556184;26.38559886578551;0.6781360507011414;-0.24614089727401733;0.6924596428871155;[];
17.84375;MPIB1;19.162216766287315;43.92195948312525;-0.8659232258796692;-0.39707398414611816;0.3040383756160736;[];
17.84375;MPIB4;57.05951572952904;41.79738407134042;0.5727971196174622;-0.43283456563949585;0.6960480809211731;[];
17.84375;MPIB3;48.62135536514779;14.579754083399763;-0.736132800579071;-0.6729784607887268;-0.07150524109601974;[];
17.875;MPIB2;35.60801850640546;26.53962269176867;0.6781360507011414;-0.24614089727401733;0.6924596428871155;[];
17.875;MPIB1;18.96092419195236;43.942920953422686;-0.8659232258796692;-0.39707398414611816;0.3040383756160736;[];
17.875;MPIB4;57.05951572952904;41.79738407134042;0.31707167625427246;-0.44223135709762573;0.8389403820037842;[];
17.875;MPIB3;48.62135536514779;14.579754083399763;-0.736132800579071;-0.6729784607887268;-0.07150524109601974;[];
17.9375;MPIB2;35.75892971610709;26.693736534232585;0.6781360507011414;-0.24614089727401733;0.6924596428871155;[];
17.9375;MPIB1;18.758552503912597;43.986832064629425;-0.8659232258796692;-0.39707398414611816;0.3040383756160736;[];
17.9375;MPIB4;57.09222112221755;41.88976250885949;0.2993883788585663;-0.44223135709762573;0.8454123139381409;[];
17.9375;MPIB3;48.61630190524261;14.689001231640844;-0.736132800579071;-0.6729784607887268;-0.07150524109601974;[];
18.0;MPIB2;35.90988905344969;26.847899525700683;0.6781360507011414;-0.24614089727401733;0.6924596428871155;[];
18.0;MPIB1;18.60476545911183;44.10095070806614;-0.8659232258796692;-0.39707398414611816;0.3040383756160736;[];
18.0;MPIB4;57.14230495040897;42.03274770892432;0.29687944054603577;-0.4304995536804199;0.8523251414299011;[];
18.0;MPIB3;48.600635128075965;14.839695131468062;-0.73707515001297;-0.6710615158081055;-0.07938024401664734;[];
18.03125;MPIB2;36.0608746684873;27.002089352528202;0.6781360507011414;-0.24614089727401733;0.6924596428871155;[];
18.03125;MPIB1;18.477263801655795;44.253286126571254;-0.863760769367218;-0.404276967048645;0.30067694187164307;[];
18.03125;MPIB4;57.201628842942455;42.20345040776607;0.2978228032588959;-0.4090942442417145;0.862480103969574;[];
18.03125;MPIB3;48.57397692144605;15.018287241023955;-0.7303455471992493;-0.6690688729286194;-0.13728417456150055;[];
18.09375;MPIB2;36.21187463114808;27.156293831463643;0.6781360507011414;-0.24614089727401733;0.6924596428871155;[];
18.09375;MPIB1;18.358324717221535;44.42345105003608;-0.875324010848999;-0.4186075031757355;0.24187344312667847;[];
18.09375;MPIB4;57.26599781119262;42.389286862697844;0.3021950423717499;-0.3778064548969269;0.8751419186592102;[];
18.09375;MPIB3;48.55942153893534;15.115798544167689;-0.7108676433563232;-0.6690688729286194;-0.2166072428226471;[];
18.125;MPIB2;36.36288242761199;27.31050631045096;0.6781360507011414;-0.24614089727401733;0.6924596428871155;[];
18.125;MPIB1;18.30000001192093;44.52940103976323;-0.8865597248077393;-0.446954607963562;0.11902447789907455;[];
18.125;MPIB4;57.33864624248599;42.58129016581651;0.3617965281009674;-0.32639798521995544;0.8732173442840576;[];
18.125;MPIB3;48.551474299161555;15.169039721868273;-0.7064347267150879;-0.6612658500671387;-0.2521553635597229;[];
18.1875;MPIB2;36.51389450133291;27.46472315746709;0.6781360507011414;-0.24614089727401733;0.6924596428871155;[];
18.1875;MPIB1;18.30000001192093;44.587249740873546;-0.8836474418640137;-0.46792641282081604;0.011522388085722923;[];
18.1875;MPIB4;57.4252944299285;42.772123410721946;0.45865967869758606;-0.29147714376449585;0.8394157886505127;[];
18.1875;MPIB3;48.551474299161555;15.169039721868273;-0.6867644786834717;-0.657373309135437;-0.3100321590900421;[];
18.25;MPIB2;36.66490891043645;27.618942389427247;0.6781360507011414;-0.24614089727401733;0.6924596428871155;[];
18.25;MPIB1;18.30000001192093;44.61883513534849;-0.8744950890541077;-0.48403051495552063;-0.02985905110836029;[];
18.25;MPIB4;57.52511346363872;42.95905867394649;0.5138164162635803;-0.2839479446411133;0.8095147013664246;[];
18.25;MPIB3;48.54713510574106;15.213981458887872;-0.6603295207023621;-0.657373309135437;-0.36294668912887573;[];
18.28125;MPIB2;36.81592459465904;27.773162923566986;0.6781360507011414;-0.24614089727401733;0.6924596428871155;[];
18.28125;MPIB1;18.30000001192093;44.61883513534849;-0.8617004752159119;-0.49997231364250183;-0.08612150698900223;[];
18.28125;MPIB4;57.64744097813559;43.131854885771304;0.6636655926704407;-0.2839479446411133;0.6920039057731628;[];
18.28125;MPIB3;48.54713510574106;15.213981458887872;-0.6404344439506531;-0.657373309135437;-0.3970000743865967;[];
18.34375;MPIB2;36.89837916782187;27.857367344987836;0.6781360507011414;-0.24614089727401733;0.6924596428871155;[];
18.34375;MPIB1;18.30000001192093;44.61883513534849;-0.8487537503242493;-0.5157464742660522;-0.1163521260023117;[];
18.34375;MPIB4;57.71423180880879;43.22620162838629;0.9079345464706421;-0.3214091956615448;0.26887303590774536;[];
18.34375;MPIB3;48.54713510574106;15.213981458887872;-0.6366503238677979;-0.6553480625152588;-0.4063255190849304;[];
18.375;MPIB2;36.943399369998005;27.903342964423814;0.6781360507011414;-0.24614089727401733;0.6924596428871155;[];
18.375;MPIB1;18.30000001192093;44.65063807502989;-0.8440991044044495;-0.5224658846855164;-0.12016941606998444;[];
18.375;MPIB4;57.75069960659221;43.27771495583747;0.9225524663925171;-0.33372852206230164;0.1935506910085678;[];
18.375;MPIB3;48.49376416431073;15.309571406007535;-0.6334362626075745;-0.6553480625152588;-0.4113180339336395;[];
18.4375;MPIB2;36.96798040324131;27.9284456555516;0.6781360507011414;-0.24614089727401733;0.6924596428871155;[];
18.4375;MPIB1;18.30000001192093;44.65063807502989;-0.8386468291282654;-0.5313476920127869;-0.11939321458339691;[];
18.4375;MPIB4;57.770611026494635;43.30584123589276;0.9225524663925171;-0.33372852206230164;0.1935506910085678;[];
18.4375;MPIB3;48.412336826907904;15.437334289578473;-0.628526508808136;-0.6690688729286194;-0.396492063999176;[];
18.5;MPIB2;36.96798040324131;27.9284456555516;0.6781360507011414;-0.24614089727401733;0.6924596428871155;[];
18.5;MPIB1;18.30000001192093;44.65063807502989;-0.8358609676361084;-0.5358073711395264;-0.11899659782648087;[];
18.5;MPIB4;57.770611026494635;43.30584123589276;0.9216721057891846;-0.3362579047679901;0.19336599111557007;[];
18.5;MPIB3;48.34575519808595;15.602563253127045;-0.6870033144950867;-0.7089348435401917;-0.15919162333011627;[];
18.53125;MPIB2;36.96798040324131;27.9284456555516;0.6781360507011414;-0.24614089727401733;0.6924596428871155;[];
18.53125;MPIB1;18.30000001192093;44.65063807502989;-0.8358609676361084;-0.5358073711395264;-0.11899659782648087;[];
18.53125;MPIB4;57.770611026494635;43.30584123589276;0.9211685061454773;-0.3362579047679901;0.19575117528438568;[];
18.53125;MPIB3;48.26707127007444;15.783377054639828;-0.6628591418266296;-0.7089348435401917;0.24069339036941528;[];
18.59375;MPIB2;36.99273073897527;27.95372124210192;0.6781360507011414;-0.24614089727401733;0.6924596428871155;[];
18.59375;MPIB1;18.30000001192093;44.65063807502989;-0.8358609676361084;-0.5358073711395264;-0.11899659782648087;[];
18.59375;MPIB4;57.79065958680735;43.33416123641612;0.9198044538497925;-0.33869463205337524;0.19795119762420654;[];
18.59375;MPIB3;48.140959230062435;15.933966357307156;-0.6305330991744995;-0.6690688729286194;0.39329320192337036;[];
18.625;MPIB2;36.99273073897527;27.95372124210192;0.6781360507011414;-0.24614089727401733;0.6924596428871155;[];
18.625;MPIB1;18.30000001192093;44.65063807502989;-0.8445290923118591;-0.5246713161468506;-0.10679412633180618;[];
18.625;MPIB4;57.79065958680735;43.33416123641612;0.9173608422279358;-0.3411290943622589;0.20498424768447876;[];
18.625;MPIB3;47.99420115423163;16.075647767689617;-0.619038999080658;-0.6272518038749695;0.4724957346916199;[];
18.6875;MPIB2;36.99273073897527;27.95372124210192;0.6781360507011414;-0.24614089727401733;0.6924596428871155;[];
18.6875;MPIB1;18.30000001192093;44.65063807502989;-0.8550115823745728;-0.5089951753616333;-0.09897030144929886;[];
18.6875;MPIB4;57.79065958680735;43.33416123641612;0.9122622609138489;-0.34608107805252075;0.2189592868089676;[];
18.6875;MPIB3;47.840562600357316;16.217816914888544;-0.6091337203979492;-0.5834643840789795;0.5370609760284424;[];
18.75;MPIB2;36.99273073897527;27.95372124210192;0.6781360507011414;-0.24614089727401733;0.6924596428871155;[];
18.75;MPIB1;18.30000001192093;44.65063807502989;-0.8651260733604431;-0.49314841628074646;-0.09098991751670837;[];
18.75;MPIB4;57.79065958680735;43.33416123641612;0.8980966806411743;-0.3558664619922638;0.2582976520061493;[];
18.75;MPIB3;47.68648185227585;16.36382832473177;-0.596581757068634;-0.5533362030982971;0.5812236666679382;[];
18.78125;MPIB2;36.99273073897527;27.95372124210192;0.6781360507011414;-0.24614089727401733;0.6924596428871155;[];
18.78125;MPIB1;18.30000001192093;44.65063807502989;-0.867933988571167;-0.48855432868003845;-0.08901426941156387;[];
18.78125;MPIB4;57.79065958680735;43.33416123641612;0.8680446147918701;-0.3656129837036133;0.3357981741428375;[];
18.78125;MPIB3;47.53234350175467;16.512125796987164;-0.5950193405151367;-0.5533362030982971;0.5828230977058411;[];
18.84375;MPIB2;36.99273073897527;27.95372124210192;0.6781360507011414;-0.24614089727401733;0.6924596428871155;[];
18.84375;MPIB1;18.30000001192093;44.65063807502989;-0.8694171905517578;-0.48629406094551086;-0.0868927389383316;[];
18.84375;MPIB4;57.79065958680735;43.33416123641612;0.8581514954566956;-0.3729189932346344;0.35276204347610474;[];
18.84375;MPIB3;47.38017475488277;16.663656465498974;-0.5729181170463562;-0.5642287731170654;0.5944084525108337;[];
18.875;MPIB2;36.99273073897527;27.95372124210192;0.6781360507011414;-0.24614089727401733;0.6924596428871155;[];
18.875;MPIB1;18.30000001192093;44.65063807502989;-0.8696473240852356;-0.48629406094551086;-0.08455851674079895;[];
18.875;MPIB4;57.79065958680735;43.33416123641612;0.8506799936294556;-0.3778064548969269;0.36542943120002747;[];
18.875;MPIB3;47.297090609440374;16.69999998807907;-0.44739800691604614;-0.680671215057373;0.5800225138664246;[];
18.9375;MPIB2;36.99273073897527;27.95372124210192;0.6781360507011414;-0.24614089727401733;0.6924596428871155;[];
18.9375;MPIB1;18.30000001192093;44.65063807502989;-0.8696473240852356;-0.48629406094551086;-0.08455851674079895;[];
18.9375;MPIB4;57.79065958680735;43.33416123641612;0.8449804782867432;-0.3826834261417389;0.3734883964061737;[];
18.9375;MPIB3;47.25172666075969;16.69999998807907;-0.37155812978744507;-0.7360382676124573;0.5657708644866943;[];
19.0;MPIB2;36.99273073897527;27.95372124210192;0.6781360507011414;-0.24614089727401733;0.6924596428871155;[];
19.0;MPIB1;18.30000001192093;44.65063807502989;-0.8696473240852356;-0.48629406094551086;-0.08455851674079895;[];
19.0;MPIB4;57.79065958680735;43.33416123641612;0.8429993391036987;-0.3826834261417389;0.37793877720832825;[];
19.0;MPIB3;47.25172666075969;16.69999998807907;-0.29992321133613586;-0.7620721459388733;0.5737573504447937;[];
19.03125;MPIB2;36.99273073897527;27.95372124210192;0.6781360507011414;-0.24614089727401733;0.6924596428871155;[];
19.03125;MPIB1;18.30000001192093;44.65063807502989;-0.8696473240852356;-0.48629406094551086;-0.08455851674079895;[];
19.03125;MPIB4;57.79065958680735;43.33416123641612;0.8410313725471497;-0.3826834261417389;0.3822980523109436;[];
19.03125;MPIB3;47.21343421983647;16.69999998807907;-0.2133924663066864;-0.7687968611717224;0.602760910987854;[];
19.09375;MPIB2;36.99273073897527;27.95372124210192;0.6781360507011414;-0.24614089727401733;0.6924596428871155;[];
19.09375;MPIB1;18.30000001192093;44.65063807502989;-0.8698633313179016;-0.48629406094551086;-0.08230706304311752;[];
19.09375;MPIB4;57.79065958680735;43.33416123641612;0.8379999399185181;-0.3826834261417389;0.3888980746269226;[];
19.09375;MPIB3;47.21343421983647;16.69999998807907;-0.15929614007472992;-0.7620721459388733;0.6275158524513245;[];
19.125;MPIB2;36.99273073897527;27.95372124210192;0.6781360507011414;-0.24614089727401733;0.6924596428871155;[];
19.125;MPIB1;18.30000001192093;44.65063807502989;-0.8698633313179016;-0.48629406094551086;-0.08230706304311752;[];
19.125;MPIB4;57.79065958680735;43.33416123641612;0.8328197598457336;-0.3826834261417389;0.3998711109161377;[];
19.125;MPIB3;47.21343421983647;16.69999998807907;-0.1345619112253189;-0.7552642226219177;0.6413845419883728;[];
19.1875;MPIB2;36.99273073897527;27.95372124210192;0.6781360507011414;-0.24614089727401733;0.6924596428871155;[];
19.1875;MPIB1;18.30000001192093;44.65063807502989;-0.8698633313179016;-0.48629406094551086;-0.08230706304311752;[];
19.1875;MPIB4;57.79065958680735;43.33416123641612;0.8264297842979431;-0.3826834261417389;0.41291582584381104;[];
19.1875;MPIB3;47.21343421983647;16.69999998807907;-0.11300669610500336;-0.7535020709037781;0.6475871801376343;[];
19.25;MPIB2;36.99273073897527;27.95372124210192;0.6781360507011414;-0.24614089727401733;0.6924596428871155;[];
19.25;MPIB1;18.30000001192093;44.65063807502989;-0.8698633313179016;-0.48629406094551086;-0.08230706304311752;[];
19.25;MPIB4;57.79065958680735;43.33416123641612;0.8220696449279785;-0.3826834261417389;0.42152950167655945;[];
19.25;MPIB3;47.21343421983647;16.69999998807907;-0.10281094163656235;-0.7535020709037781;0.6492838859558105;[];
19.28125;MPIB2;36.99273073897527;27.95372124210192;0.6781360507011414;-0.24614089727401733;0.6924596428871155;[];
19.28125;MPIB1;18.30000001192093;44.65063807502989;-0.8698633313179016;-0.48629406094551086;-0.08230706304311752;[];
19.28125;MPIB4;57.79065958680735;43.33416123641612;0.8209757208824158;-0.3826834261417389;0.42365607619285583;[];
19.28125;MPIB3;47.21343421983647;16.69999998807907;-0.10106759518384933;-0.7535020709037781;0.6495575308799744;[];
19.34375;MPIB2;36.99273073897527;27.95372124210192;0.6781360507011414;-0.24614089727401733;0.6924596428871155;[];
19.34375;MPIB1;18.30000001192093;44.65063807502989;-0.8698633313179016;-0.48629406094551086;-0.08230706304311752;[];
19.34375;MPIB4;57.79065958680735;43.33416123641612;0.8198354840278625;-0.3826834261417389;0.4258584678173065;[];
19.34375;MPIB3;47.21343421983647;16.69999998807907;-0.09770337492227554;-0.7535020709037781;0.6500720977783203;[];
19.375;MPIB2;36.99273073897527;27.95372124210192;0.6781360507011414;-0.24614089727401733;0.6924596428871155;[];
19.375;MPIB1;18.30000001192093;44.65063807502989;-0.8698633313179016;-0.48629406094551086;-0.08230706304311752;[];
19.375;MPIB4;57.79065958680735;43.33416123641612;0.8198354840278625;-0.3826834261417389;0.4258584678173065;[];
19.375;MPIB3;47.21343421983647;16.69999998807907;-0.0959579274058342;-0.7535020709037781;0.6503320336341858;[];
19.4375;MPIB2;36.99273073897527;27.95372124210192;0.6781360507011414;-0.24614089727401733;0.6924596428871155;[];
19.4375;MPIB1;18.30000001192093;44.65063807502989;-0.8698633313179016;-0.48629406094551086;-0.08230706304311752;[];
19.4375;MPIB4;57.79065958680735;43.33416123641612;0.8198354840278625;-0.3826834261417389;0.4258584678173065;[];
19.4375;MPIB3;47.21343421983647;16.69999998807907;-0.09090474992990494;-0.7535020709037781;0.6510576009750366;[];
19.5;MPIB2;36.99273073897527;27.95372124210192;0.6781360507011414;-0.24614089727401733;0.6924596428871155;[];
19.5;MPIB1;18.30000001192093;44.65063807502989;-0.8698633313179016;-0.48629406094551086;-0.08230706304311752;[];
19.5;MPIB4;57.79065958680735;43.33416123641612;0.8198354840278625;-0.3826834261417389;0.4258584678173065;[];
19.5;MPIB3;47.21343421983647;16.69999998807907;-0.08578360825777054;-0.7535020709037781;0.6517521739006042;[];
19.53125;MPIB2;36.99273073897527;27.95372124210192;0.6781360507011414;-0.24614089727401733;0.6924596428871155;[];
19.53125;MPIB1;18.30000001192093;44.65063807502989;-0.8726152181625366;-0.4816797375679016;-0.08028893917798996;[];
19.53125;MPIB4;57.79065958680735;43.33416123641612;0.8198354840278625;-0.3826834261417389;0.4258584678173065;[];
19.53125;MPIB3;47.21343421983647;16.69999998807907;-0.08403369784355164;-0.7535020709037781;0.6519801020622253;[];
19.59375;MPIB2;36.99273073897527;27.95372124210192;0.6781360507011414;-0.24614089727401733;0.6924596428871155;[];
19.59375;MPIB1;18.30000001192093;44.65063807502989;-0.8738541603088379;-0.4794096350669861;-0.0804029330611229;[];
19.59375;MPIB4;57.79065958680735;43.33416123641612;0.8198354840278625;-0.3826834261417389;0.4258584678173065;[];
19.59375;MPIB3;47.21343421983647;16.69999998807907;-0.08234570175409317;-0.7535020709037781;0.652195394039154;[];
19.625;MPIB2;36.99273073897527;27.95372124210192;0.6781360507011414;-0.24614089727401733;0.6924596428871155;[];
19.625;MPIB1;18.30000001192093;44.65063807502989;-0.8738541603088379;-0.4794096350669861;-0.0804029330611229;[];
19.625;MPIB4;57.79065958680735;43.33416123641612;0.8198354840278625;-0.3826834261417389;0.4258584678173065;[];
19.625;MPIB3;47.21343421983647;16.69999998807907;-0.08065716177225113;-0.7535020709037781;0.6524063944816589;[];
19.6875;MPIB2;36.99273073897527;27.95372124210192;0.6781360507011414;-0.24614089727401733;0.6924596428871155;[];
19.6875;MPIB1;18.30000001192093;44.65063807502989;-0.8754996657371521;-0.4771362841129303;-0.07590091228485107;[];
19.6875;MPIB4;57.79065958680735;43.33416123641612;0.8198354840278625;-0.3826834261417389;0.4258584678173065;[];
19.6875;MPIB3;47.21343421983647;16.69999998807907;-0.07890550792217255;-0.7535020709037781;0.6526205539703369;[];
19.75;MPIB2;36.99273073897527;27.95372124210192;0.6781360507011414;-0.24614089727401733;0.6924596428871155;[];
19.75;MPIB1;18.30000001192093;44.65063807502989;-0.9099999070167542;-0.4090942442417145;-0.06686247140169144;[];
19.75;MPIB4;57.79065958680735;43.33416123641612;0.8198354840278625;-0.3826834261417389;0.4258584678173065;[];
19.75;MPIB3;47.21343421983647;16.69999998807907;-0.07721587270498276;-0.7535020709037781;0.6528226137161255;[];
19.78125;MPIB2;36.99273073897527;27.95372124210192;0.6781360507011414;-0.24614089727401733;0.6924596428871155;[];
19.78125;MPIB1;18.30000001192093;44.65063807502989;-0.9461605548858643;-0.3189568817615509;-0.054669346660375595;[];
19.78125;MPIB4;57.79065958680735;43.33416123641612;0.8198354840278625;-0.3826834261417389;0.4258584678173065;[];
19.78125;MPIB3;47.21343421983647;16.69999998807907;-0.07721587270498276;-0.7535020709037781;0.6528226137161255;[];
19.84375;MPIB2;36.99273073897527;27.95372124210192;0.6781360507011414;-0.24614089727401733;0.6924596428871155;[];
19.84375;MPIB1;18.30000001192093;44.65063807502989;-0.9505387544631958;-0.3064810633659363;-0.049894824624061584;[];
19.84375;MPIB4;57.79065958680735;43.33416123641612;0.8198354840278625;-0.3826834261417389;0.4258584678173065;[];
19.84375;MPIB3;47.21343421983647;16.69999998807907;-0.07721587270498276;-0.7535020709037781;0.6528226137161255;[];
19.875;MPIB2;36.99273073897527;27.95372124210192;0.6781360507011414;-0.24614089727401733;0.6924596428871155;[];
19.875;MPIB1;18.30000001192093;44.65063807502989;-0.9505387544631958;-0.3064810633659363;-0.049894824624061584;[];
19.875;MPIB4;57.79065958680735;43.33416123641612;0.8198354840278625;-0.3826834261417389;0.4258584678173065;[];
19.875;MPIB3;47.21343421983647;16.69999998807907;-0.07552573084831238;-0.7535020709037781;0.6530203223228455;[];
19.9375;MPIB2;36.99273073897527;27.95372124210192;0.6781360507011414;-0.24614089727401733;0.6924596428871155;[];
19.9375;MPIB1;18.30000001192093;44.65063807502989;-0.9505387544631958;-0.3064810633659363;-0.049894824624061584;[];
19.9375;MPIB4;57.79065958680735;43.33416123641612;0.8198354840278625;-0.3826834261417389;0.4258584678173065;[];
19.9375;MPIB3;47.21343421983647;16.69999998807907;-0.0722949281334877;-0.7517976760864258;0.6553462147712708;[];
20.0;MPIB2;36.99273073897527;27.95372124210192;0.6781360507011414;-0.24614089727401733;0.6924596428871155;[];
20.0;MPIB1;18.30000001192093;44.65063807502989;-0.9505387544631958;-0.3064810633659363;-0.049894824624061584;[];
20.0;MPIB4;57.79065958680735;43.33416123641612;0.8198354840278625;-0.3826834261417389;0.4258584678173065;[];
20.0;MPIB3;47.21343421983647;16.69999998807907;-0.0722949281334877;-0.7517976760864258;0.6553462147712708;[];
20.03125;MPIB2;36.99273073897527;27.95372124210192;0.6781360507011414;-0.24614089727401733;0.6924596428871155;[];
20.03125;MPIB1;18.30000001192093;44.65063807502989;-0.9505387544631958;-0.3064810633659363;-0.049894824624061584;[];
20.03125;MPIB4;57.79065958680735;43.33416123641612;0.8198354840278625;-0.3826834261417389;0.4258584678173065;[];
20.03125;MPIB3;47.20201862786621;16.69999998807907;-0.07250809669494629;-0.7500882148742676;0.6572785377502441;[];
20.09375;MPIB2;36.99273073897527;27.95372124210192;0.6781360507011414;-0.24614089727401733;0.6924596428871155;[];
20.09375;MPIB1;18.305137066636235;44.552772821342984;-0.9489111304283142;-0.3114960789680481;-0.04980938881635666;[];
20.09375;MPIB4;57.79065958680735;43.33416123641612;0.8198354840278625;-0.3826834261417389;0.4258584678173065;[];
20.09375;MPIB3;47.20201862786621;16.69999998807907;-0.07080642879009247;-0.7500882148742676;0.6574640274047852;[];
20.125;MPIB2;36.99273073897527;27.95372124210192;0.6781360507011414;-0.24614089727401733;0.6924596428871155;[];
20.125;MPIB1;18.30899767181836;44.40141446706485;-0.9486708641052246;-0.31395483016967773;-0.03740090876817703;[];
20.125;MPIB4;57.79065958680735;43.33416123641612;0.8198354840278625;-0.3826834261417389;0.4258584678173065;[];
20.125;MPIB3;47.20201862786621;16.69999998807907;-0.07080642879009247;-0.7500882148742676;0.6574640274047852;[];
20.1875;MPIB2;36.99273073897527;27.95372124210192;0.6781360507011414;-0.24614089727401733;0.6924596428871155;[];
20.1875;MPIB1;18.309777501039207;44.220775905485056;-0.9493777751922607;-0.31395483016967773;-0.007554857525974512;[];
20.1875;MPIB4;57.79065958680735;43.33416123641612;0.8198354840278625;-0.3826834261417389;0.4258584678173065;[];
20.1875;MPIB3;47.20201862786621;16.69999998807907;-0.07080642879009247;-0.7500882148742676;0.6574640274047852;[];
20.25;MPIB2;36.99273073897527;27.95372124210192;0.6781360507011414;-0.24614089727401733;0.6924596428871155;[];
20.25;MPIB1;18.303121127188206;44.024373568256294;-0.9480231404304504;-0.3114960789680481;0.06454085558652878;[];
20.25;MPIB4;57.79065958680735;43.33416123641612;0.8198354840278625;-0.3826834261417389;0.4258584678173065;[];
20.25;MPIB3;47.20201862786621;16.69999998807907;-0.07080642879009247;-0.7500882148742676;0.6574640274047852;[];
20.28125;MPIB2;36.99273073897527;27.95372124210192;0.6781360507011414;-0.24614089727401733;0.6924596428871155;[];
20.28125;MPIB1;18.283149215955973;43.82050929570599;-0.9385272860527039;-0.3064810633659363;0.15868201851844788;[];
20.28125;MPIB4;57.79065958680735;43.33416123641612;0.8198354840278625;-0.3826834261417389;0.4258584678173065;[];
20.28125;MPIB3;47.20201862786621;16.69999998807907;-0.07080642879009247;-0.7500882148742676;0.6574640274047852;[];
20.34375;MPIB2;37.06129254625009;28.02373806581093;0.6781360507011414;-0.24614089727401733;0.6924596428871155;[];
20.34375;MPIB1;18.18852681753492;43.654506272226826;-0.9315850734710693;-0.3064810633659363;0.1953524798154831;[];
20.34375;MPIB4;57.79065958680735;43.33416123641612;0.8198354840278625;-0.3826834261417389;0.4258584678173065;[];
20.34375;MPIB3;47.20201862786621;16.69999998807907;-0.07080642879009247;-0.7500882148742676;0.6574640274047852;[];
20.375;MPIB2;37.16728910464509;28.13198407970549;0.6781360507011414;-0.24614089727401733;0.6924596428871155;[];
20.375;MPIB1;18.051467005095105;43.51183473946713;-0.9249823689460754;-0.3064810633659363;0.22454626858234406;[];
20.375;MPIB4;57.79065958680735;43.33416123641612;0.8198354840278625;-0.3826834261417389;0.4258584678173065;[];
20.375;MPIB3;47.20201862786621;16.69999998807907;-0.07080642879009247;-0.7500882148742676;0.6574640274047852;[];
20.4375;MPIB2;37.293725039525825;28.26110323386581;0.6781360507011414;-0.24614089727401733;0.6924596428871155;[];
20.4375;MPIB1;17.889388372052508;43.38506392305146;-0.9161401987075806;-0.3064810633659363;0.2582644820213318;[];
20.4375;MPIB4;57.79065958680735;43.33416123641612;0.8198354840278625;-0.3826834261417389;0.4258584678173065;[];
20.4375;MPIB3;47.20201862786621;16.69999998807907;-0.07080642879009247;-0.7500882148742676;0.6574640274047852;[];
20.5;MPIB2;37.43132087526401;28.401619123935006;0.6781360507011414;-0.24614089727401733;0.6924596428871155;[];
20.5;MPIB1;17.71252118270138;43.26904594038186;-0.9074630737304688;-0.31395483016967773;0.27908065915107727;[];
20.5;MPIB4;57.79065958680735;43.33416123641612;0.8198354840278625;-0.3826834261417389;0.4258584678173065;[];
20.5;MPIB3;47.20201862786621;16.69999998807907;-0.07080642879009247;-0.7500882148742676;0.6574640274047852;[];
20.53125;MPIB2;37.57501001757811;28.548357632533225;0.6781360507011414;-0.24614089727401733;0.6924596428871155;[];
20.53125;MPIB1;17.525470956161257;43.16311803471828;-0.8909437656402588;-0.3214091956615448;0.32071319222450256;[];
20.53125;MPIB4;57.79065958680735;43.33416123641612;0.8198354840278625;-0.3826834261417389;0.4258584678173065;[];
20.53125;MPIB3;47.20201862786621;16.69999998807907;-0.07080642879009247;-0.7500882148742676;0.6574640274047852;[];
20.59375;MPIB2;37.72183788165147;28.698677511967418;0.6762747764587402;-0.24614089727401733;0.6942775845527649;[];
20.59375;MPIB1;17.3288214211467;43.07263253755045;-0.8514804840087891;-0.3214091956615448;0.41426900029182434;[];
20.59375;MPIB4;57.79065958680735;43.33416123641612;0.8198354840278625;-0.3826834261417389;0.4258584678173065;[];
20.59375;MPIB3;47.20201862786621;16.69999998807907;-0.07080642879009247;-0.7500882148742676;0.6574640274047852;[];
20.625;MPIB2;37.87037948800446;28.850952820105164;0.6762747764587402;-0.24614089727401733;0.6942775845527649;[];
20.625;MPIB1;17.124216915773673;42.999869861560455;-0.8060094714164734;-0.32630735635757446;0.4937744140625;[];
20.625;MPIB4;57.79065958680735;43.33416123641612;0.8198354840278625;-0.3826834261417389;0.4258584678173065;[];
20.625;MPIB3;47.20201862786621;16.69999998807907;-0.07080642879009247;-0.7500882148742676;0.6574640274047852;[];
20.6875;MPIB2;38.01967483222087;29.004472564914323;0.6740294098854065;-0.24864903092384338;0.6955657601356506;[];
20.6875;MPIB1;16.913861000260454;42.943716325455654;-0.7662414908409119;-0.3362579047679901;0.547488808631897;[];
20.6875;MPIB4;57.79065958680735;43.33416123641612;0.8198354840278625;-0.3826834261417389;0.4258584678173065;[];
20.6875;MPIB3;47.20201862786621;16.69999998807907;-0.07080642879009247;-0.7500882148742676;0.6574640274047852;[];
20.75;MPIB2;38.16938171735853;29.158671772224977;0.6735790967941284;-0.2511554956436157;0.6951010823249817;[];
20.75;MPIB1;16.699502402291273;42.90311167226727;-0.7253755331039429;-0.3485085368156433;0.5935565829277039;[];
20.75;MPIB4;57.79065958680735;43.33416123641612;0.8198354840278625;-0.3826834261417389;0.4258584678173065;[];
20.75;MPIB3;47.20201862786621;16.69999998807907;-0.07080642879009247;-0.7500882148742676;0.6574640274047852;[];
20.78125;MPIB2;38.319313303865286;29.313241966104556;0.6735790967941284;-0.2511554956436157;0.6951010823249817;[];
20.78125;MPIB1;16.482600093180395;42.875699639544706;-0.6952052712440491;-0.3534461557865143;0.6258610486984253;[];
20.78125;MPIB4;57.79065958680735;43.33416123641612;0.8198354840278625;-0.3826834261417389;0.4258584678173065;[];
20.78125;MPIB3;47.20201862786621;16.69999998807907;-0.07080642879009247;-0.7500882148742676;0.6574640274047852;[];
20.84375;MPIB2;38.46954954286373;29.46783794619904;0.674903154373169;-0.25375300645828247;0.6928694844245911;[];
20.84375;MPIB1;16.264176997644768;42.85967807550915;-0.6670644879341125;-0.3582844138145447;0.6531409025192261;[];
20.84375;MPIB4;57.79065958680735;43.33416123641612;0.8198354840278625;-0.3826834261417389;0.4258584678173065;[];
20.84375;MPIB3;47.20201862786621;16.69999998807907;-0.06930698454380035;-0.748373806476593;0.6595740914344788;[];
20.875;MPIB2;38.62014034615959;29.622264184844028;0.6762986183166504;-0.25625601410865784;0.6905834078788757;[];
20.875;MPIB1;16.04495907699311;42.85379653516;-0.6383166909217834;-0.3681102991104126;0.6760036945343018;[];
20.875;MPIB4;57.79065958680735;43.33416123641612;0.8198354840278625;-0.3826834261417389;0.4258584678173065;[];
20.875;MPIB3;47.10445264910072;16.690787102095783;-0.06234731152653694;-0.748373806476593;0.6602683067321777;[];
20.9375;MPIB2;38.77092474158431;29.776597744646807;0.6762986183166504;-0.25625601410865784;0.6905834078788757;[];
20.9375;MPIB1;15.82581264406656;42.861025984293036;-0.585196316242218;-0.3681102991104126;0.722477912902832;[];
20.9375;MPIB4;57.79065958680735;43.33416123641612;0.8198354840278625;-0.3826834261417389;0.4258584678173065;[];
20.9375;MPIB3;46.95346329772019;16.678332042756153;-0.050246771425008774;-0.748373806476593;0.6612992882728577;[];
21.0;MPIB2;38.921995872531014;29.930702975646312;0.6776162385940552;-0.2587572932243347;0.6883552670478821;[];
21.0;MPIB1;15.607155571434873;42.87905806878129;-0.5571265816688538;-0.3729189932346344;0.7419399619102478;[];
21.0;MPIB4;57.79065958680735;43.33416123641612;0.8198354840278625;-0.3826834261417389;0.4258584678173065;[];
21.0;MPIB3;46.87102310229079;16.671531579566818;-0.020666835829615593;-0.7517976760864258;0.6589978337287903;[];
21.03125;MPIB2;39.07358423624703;30.0843266711953;0.6806960701942444;-0.2612568736076355;0.6843605041503906;[];
21.03125;MPIB1;15.389688414159878;42.9084032177914;-0.5133535861968994;-0.38259485363960266;0.768128514289856;[];
21.03125;MPIB4;57.79065958680735;43.33416123641612;0.8198354840278625;-0.3826834261417389;0.4258584678173065;[];
21.03125;MPIB3;46.82601075035814;16.667818526234157;6.321168621070683E-5;-0.7517976760864258;0.6593217849731445;[];
21.09375;MPIB2;39.225820467516755;30.23732206443472;0.6837954521179199;-0.26384714245796204;0.680264413356781;[];
21.09375;MPIB1;15.173713015364115;42.94776461100656;-0.48063531517982483;-0.39231711626052856;0.7842243313789368;[];
21.09375;MPIB4;57.79065958680735;43.33416123641612;0.8198354840278625;-0.3826834261417389;0.4258584678173065;[];
21.09375;MPIB3;46.82601075035814;16.667818526234157;0.03108861669898033;-0.7517976760864258;0.6585884094238281;[];
21.125;MPIB2;39.37841043451188;30.38997440457328;0.6837954521179199;-0.26384714245796204;0.680264413356781;[];
21.125;MPIB1;14.960520843308359;42.99964840217393;-0.418101042509079;-0.4114549458026886;0.8098298907279968;[];
21.125;MPIB4;57.79065958680735;43.33416123641612;0.8198354840278625;-0.3826834261417389;0.4258584678173065;[];
21.125;MPIB3;46.7880150979222;16.667818526234157;0.08954619616270065;-0.7517976760864258;0.6532125473022461;[];
21.1875;MPIB2;39.531557069963995;30.54207213152418;0.6863899827003479;-0.2688373327255249;0.6756816506385803;[];
21.1875;MPIB1;14.844117903845358;43.027976955441744;-0.342458575963974;-0.4351666569709778;0.8326325416564941;[];
21.1875;MPIB4;57.79065958680735;43.33416123641612;0.8198354840278625;-0.3826834261417389;0.4258584678173065;[];
21.1875;MPIB3;46.7880150979222;16.667818526234157;0.1950567215681076;-0.7671388983726501;0.6110290288925171;[];
21.25;MPIB2;39.68589818452536;30.692950595874265;0.6935940980911255;-0.276401162147522;0.6651906967163086;[];
21.25;MPIB1;14.780561891516413;43.04344434732255;-0.2742331624031067;-0.446954607963562;0.8514406085014343;[];
21.25;MPIB4;57.79065958680735;43.33416123641612;0.8198354840278625;-0.3826834261417389;0.4258584678173065;[];
21.25;MPIB3;46.7880150979222;16.667818526234157;0.29719278216362;-0.7671388983726501;0.5684012770652771;[];
21.28125;MPIB2;39.84247167094435;30.841476479165777;0.7068973183631897;-0.2865208685398102;0.6466445922851562;[];
21.28125;MPIB1;14.74586030475416;43.05188954427041;-0.2451009750366211;-0.446954607963562;0.8602792620658875;[];
21.28125;MPIB4;57.79065958680735;43.33416123641612;0.8198354840278625;-0.3826834261417389;0.4258584678173065;[];
21.28125;MPIB3;46.7880150979222;16.667818526234157;0.316362589597702;-0.7671388983726501;0.5579590201377869;[];
21.34375;MPIB2;40.000781862791825;30.988147347192637;0.7108469009399414;-0.29147714376449585;0.6400658488273621;[];
21.34375;MPIB1;14.74586030475416;43.05188954427041;-0.21886439621448517;-0.4399081766605377;0.8709210157394409;[];
21.34375;MPIB4;57.79065958680735;43.33416123641612;0.8198354840278625;-0.3826834261417389;0.4258584678173065;[];
21.34375;MPIB3;46.7880150979222;16.667818526234157;0.316362589597702;-0.7671388983726501;0.5579590201377869;[];
21.375;MPIB2;40.160040295913404;31.133805376767356;0.7108469009399414;-0.29147714376449585;0.6400658488273621;[];
21.375;MPIB1;14.74586030475416;43.05188954427041;-0.192342609167099;-0.4304995536804199;0.8818162679672241;[];
21.375;MPIB4;57.79065958680735;43.33416123641612;0.8285955786705017;-0.3826834261417389;0.40855228900909424;[];
21.375;MPIB3;46.7880150979222;16.667818526234157;0.316362589597702;-0.7671388983726501;0.5579590201377869;[];
21.4375;MPIB2;40.4820366569582;31.42128169995135;0.7179660797119141;-0.29651716351509094;0.6297205090522766;[];
21.4375;MPIB1;14.710919709931886;43.05650062233951;-0.13713234663009644;-0.4233904778957367;0.8954672813415527;[];
21.4375;MPIB4;57.83629202367888;43.24743362469556;0.43009716272354126;-0.3826834261417389;-0.8175784945487976;[];
21.4375;MPIB3;46.7880150979222;16.667818526234157;0.316362589597702;-0.7671388983726501;0.5579590201377869;[];
21.5;MPIB2;40.4820366569582;31.42128169995135;0.7179660797119141;-0.29651716351509094;0.6297205090522766;[];
21.5;MPIB1;14.710919709931886;43.05650062233951;-0.13257430493831635;-0.42095696926116943;0.8972992897033691;[];
21.5;MPIB4;57.83629202367888;43.24743362469556;0.43009716272354126;-0.3826834261417389;-0.8175784945487976;[];
21.5;MPIB3;46.7880150979222;16.667818526234157;0.316362589597702;-0.7671388983726501;0.5579590201377869;[];
21.53125;MPIB2;40.64381535415576;31.564158535942937;0.7179660797119141;-0.29651716351509094;0.6297205090522766;[];
21.53125;MPIB1;14.710919709931886;43.05650062233951;-0.1304071992635727;-0.4186075031757355;0.898715078830719;[];
21.53125;MPIB4;57.90012920367076;43.110140994796296;0.36482107639312744;-0.3946968615055084;-0.843203067779541;[];
21.53125;MPIB3;46.7880150979222;16.667818526234157;0.316362589597702;-0.7671388983726501;0.5579590201377869;[];
21.59375;MPIB2;40.80581650312108;31.69999998807907;0.7179660797119141;-0.29651716351509094;0.6297205090522766;[];
21.59375;MPIB1;14.710919709931886;43.05650062233951;-0.12799414992332458;-0.4186075031757355;0.899061918258667;[];
21.59375;MPIB4;57.9664913045965;42.942382079817975;0.29361021518707275;-0.4067308008670807;-0.8650104999542236;[];
21.59375;MPIB3;46.7880150979222;16.667818526234157;0.3193003237247467;-0.7671388983726501;0.5562830567359924;[];
21.625;MPIB2;40.96811233676458;31.69999998807907;0.7190729975700378;-0.29898834228515625;0.6272841095924377;[];
21.625;MPIB1;14.710919709931886;43.05650062233951;-0.11151009052991867;-0.4186075031757355;0.9012548923492432;[];
21.625;MPIB4;58.027601893576275;42.75599572720921;0.23180566728115082;-0.4067308008670807;-0.8835868239402771;[];
21.625;MPIB3;46.7880150979222;16.667818526234157;0.3221760094165802;-0.7671388983726501;0.5546225309371948;[];
21.6875;MPIB2;41.05672587222662;31.69999998807907;0.6960569024085999;-0.3114960789680481;0.6468524932861328;[];
21.6875;MPIB1;14.710919709931886;43.05650062233951;-0.10233260691165924;-0.41381287574768066;0.9045522809028625;[];
21.6875;MPIB4;58.08559060947687;42.55937235564568;0.2294328212738037;-0.4067308008670807;-0.8842061758041382;[];
21.6875;MPIB3;46.69233737507989;16.717700047846563;0.3265262544155121;-0.7671388983726501;0.5520726442337036;[];
21.75;MPIB2;41.10510886820872;31.69999998807907;0.6276905536651611;-0.33869463205337524;0.7008776068687439;[];
21.75;MPIB1;14.710919709931886;43.05650062233951;-0.09084685146808624;-0.4067308008670807;0.9089805483818054;[];
21.75;MPIB4;58.141874782478226;42.35715957108363;0.2294328212738037;-0.4067308008670807;-0.8842061758041382;[];
21.75;MPIB3;46.5628589936548;16.796353144713095;0.33658045530319214;-0.7671388983726501;0.5460010766983032;[];
21.78125;MPIB2;41.10510886820872;31.69999998807907;0.6019103527069092;-0.3534461557865143;0.716042160987854;[];
21.78125;MPIB1;14.710919709931886;43.05650062233951;-0.08172403275966644;-0.3946968615055084;0.915131688117981;[];
21.78125;MPIB4;58.19623567507392;42.151642839022486;0.2209441065788269;-0.3995363116264343;-0.8896328210830688;[];
21.78125;MPIB3;46.49216378918527;16.839297740590354;0.3549651801586151;-0.7671388983726501;0.5342314839363098;[];
21.84375;MPIB2;41.14594973566426;31.69999998807907;0.5839146375656128;-0.38020193576812744;0.7172327041625977;[];
21.84375;MPIB1;14.710919709931886;43.05650062233951;-0.07715850323438644;-0.38984647393226624;0.9176041483879089;[];
21.84375;MPIB4;58.247800975402015;41.94390541809281;0.20577068626880646;-0.3874613642692566;-0.8985700607299805;[];
21.84375;MPIB3;46.45356420306143;16.862745492662867;0.36723533272743225;-0.7654758095741272;0.5282901525497437;[];
21.875;MPIB2;41.14594973566426;31.69999998807907;0.5333433151245117;-0.446954607963562;0.7181224226951599;[];
21.875;MPIB1;14.710919709931886;43.05650062233951;-0.07247645407915115;-0.3850736916065216;0.9199984669685364;[];
21.875;MPIB4;58.297839882174685;41.73495550090007;0.2059939205646515;-0.3850736916065216;-0.899544894695282;[];
21.875;MPIB3;46.45356420306143;16.862745492662867;0.37256208062171936;-0.7637456655502319;0.5270630717277527;[];
21.9375;MPIB2;41.14594973566426;31.69999998807907;0.504342257976532;-0.46792641282081604;0.7256751656532288;[];
21.9375;MPIB1;14.710919709931886;43.05650062233951;-0.07247645407915115;-0.3850736916065216;0.9199984669685364;[];
21.9375;MPIB4;58.348042425840504;41.52557746419805;0.21608321368694305;-0.3778064548969269;-0.9002588391304016;[];
21.9375;MPIB3;46.42098166969981;16.88253811846218;0.3803606927394867;-0.760393500328064;0.526339054107666;[];
22.0;MPIB2;41.14594973566426;31.69999998807907;0.4991297423839569;-0.47249555587768555;0.726317822933197;[];
22.0;MPIB1;14.710919709931886;43.05650062233951;-0.07247645407915115;-0.3850736916065216;0.9199984669685364;[];
22.0;MPIB4;58.40106525666056;41.31666311561591;0.24462343752384186;-0.35102346539497375;-0.9037900567054749;[];
22.0;MPIB3;46.42098166969981;16.88253811846218;0.4058763086795807;-0.7569583058357239;0.5120387673377991;[];
22.03125;MPIB2;41.14594973566426;31.69999998807907;0.47570452094078064;-0.49314841628074646;0.7283045649528503;[];
22.03125;MPIB1;14.710919709931886;43.05650062233951;-0.06784405559301376;-0.3778064548969269;0.9233593344688416;[];
22.03125;MPIB4;58.460301175349514;41.109392919470594;0.2922839820384979;-0.3238593637943268;-0.8997644186019897;[];
22.03125;MPIB3;46.42098166969981;16.88253811846218;0.43084174394607544;-0.7569583058357239;0.4912175238132477;[];
22.09375;MPIB2;41.14594973566426;31.69999998807907;0.45999929308891296;-0.5067653059959412;0.7290444374084473;[];
22.09375;MPIB1;14.710919709931886;43.05650062233951;-0.06833973526954651;-0.36078935861587524;0.930105447769165;[];
22.09375;MPIB4;58.52633063603935;40.904195081746394;0.32626521587371826;-0.31395483016967773;-0.8915550708770752;[];
22.09375;MPIB3;46.42098166969981;16.88253811846218;0.44105979800224304;-0.7569583058357239;0.48206380009651184;[];
22.125;MPIB2;41.14594973566426;31.69999998807907;0.45734187960624695;-0.5089951753616333;0.7291627526283264;[];
22.125;MPIB1;14.710919709931886;43.05650062233951;-0.06626124680042267;-0.3485085368156433;0.9349270462989807;[];
22.125;MPIB4;58.562382725763655;40.79215704933546;0.34103208780288696;-0.3064810633659363;-0.8886238932609558;[];
22.125;MPIB3;46.42098166969981;16.88253811846218;0.4447900950908661;-0.7569583058357239;0.4786241054534912;[];
22.1875;MPIB2;41.14594973566426;31.69999998807907;0.4554528594017029;-0.5089951753616333;0.7303441762924194;[];
22.1875;MPIB1;14.710919709931886;43.05650062233951;-0.06632481515407562;-0.34608107805252075;0.9358240365982056;[];
22.1875;MPIB4;58.58206716903942;40.73098427653372;0.34341639280319214;-0.3064810633659363;-0.8877049684524536;[];
22.1875;MPIB3;46.42098166969981;16.88253811846218;0.44730767607688904;-0.7569583058357239;0.4762720763683319;[];
22.25;MPIB2;41.14594973566426;31.69999998807907;0.4535607695579529;-0.5089951753616333;0.7315207123756409;[];
22.25;MPIB1;14.710919709931886;43.05650062233951;-0.06632481515407562;-0.34608107805252075;0.9358240365982056;[];
22.25;MPIB4;58.592814876316424;40.69758393870444;0.3460003137588501;-0.30401602387428284;-0.8875492215156555;[];
22.25;MPIB3;46.42098166969981;16.88253811846218;0.44730767607688904;-0.7569583058357239;0.4762720763683319;[];
22.28125;MPIB2;41.14594973566426;31.69999998807907;0.45159539580345154;-0.5089951753616333;0.7327356338500977;[];
22.28125;MPIB1;14.710919709931886;43.05650062233951;-0.06632481515407562;-0.34608107805252075;0.9358240365982056;[];
22.28125;MPIB4;58.592814876316424;40.69758393870444;0.3460003137588501;-0.30401602387428284;-0.8875492215156555;[];
22.28125;MPIB3;46.42098166969981;16.88253811846218;0.44730767607688904;-0.7569583058357239;0.4762720763683319;[];
22.34375;MPIB2;41.14594973566426;31.69999998807907;0.4496971368789673;-0.5089951753616333;0.7339021563529968;[];
22.34375;MPIB1;14.710919709931886;43.05650062233951;-0.06205163896083832;-0.3214091956615448;0.9448742866516113;[];
22.34375;MPIB4;58.592814876316424;40.69758393870444;0.3460003137588501;-0.30401602387428284;-0.8875492215156555;[];
22.34375;MPIB3;46.42098166969981;16.88253811846218;0.44853904843330383;-0.7569583058357239;0.47511258721351624;[];
22.375;MPIB2;41.14594973566426;31.69999998807907;0.4496971368789673;-0.5089951753616333;0.7339021563529968;[];
22.375;MPIB1;14.710919709931886;43.05650062233951;-0.062427010387182236;-0.30401602387428284;0.9505901336669922;[];
22.375;MPIB4;58.601887189417994;40.66395355520024;0.3460003137588501;-0.30401602387428284;-0.8875492215156555;[];
22.375;MPIB3;46.42098166969981;16.88253811846218;0.4498128592967987;-0.7569583058357239;0.4739067852497101;[];
22.4375;MPIB2;41.14594973566426;31.69999998807907;0.4458915889263153;-0.5089951753616333;0.7362204790115356;[];
22.4375;MPIB1;14.707835669192377;43.05650062233951;-0.06002337113022804;-0.29651716351509094;0.953110933303833;[];
22.4375;MPIB4;58.601887189417994;40.66395355520024;0.3460003137588501;-0.30401602387428284;-0.8875492215156555;[];
22.4375;MPIB3;46.42098166969981;16.88253811846218;0.4498128592967987;-0.7569583058357239;0.4739067852497101;[];
22.5;MPIB2;41.14594973566426;31.69999998807907;0.4458915889263153;-0.5089951753616333;0.7362204790115356;[];
22.5;MPIB1;14.707835669192377;43.05650062233951;-0.06002337113022804;-0.29651716351509094;0.953110933303833;[];
22.5;MPIB4;58.601887189417994;40.66395355520024;0.3460003137588501;-0.30401602387428284;-0.8875492215156555;[];
22.5;MPIB3;46.42098166969981;16.88253811846218;0.4498128592967987;-0.7569583058357239;0.4739067852497101;[];
22.53125;MPIB2;41.14594973566426;31.69999998807907;0.4458915889263153;-0.5089951753616333;0.7362204790115356;[];
22.53125;MPIB1;14.707835669192377;43.05650062233951;-0.06007320061326027;-0.2939523458480835;0.9539021253585815;[];
22.53125;MPIB4;58.601887189417994;40.66395355520024;0.3460003137588501;-0.30401602387428284;-0.8875492215156555;[];
22.53125;MPIB3;46.42098166969981;16.88253811846218;0.4498128592967987;-0.7569583058357239;0.4739067852497101;[];
22.59375;MPIB2;41.14594973566426;31.69999998807907;0.44391360878944397;-0.5089951753616333;0.7374148368835449;[];
22.59375;MPIB1;14.70167619784445;43.15430685252693;-0.06007320061326027;-0.2939523458480835;0.9539021253585815;[];
22.59375;MPIB4;58.601887189417994;40.66395355520024;0.3460003137588501;-0.30401602387428284;-0.8875492215156555;[];
22.59375;MPIB3;46.42098166969981;16.88253811846218;0.4498128592967987;-0.7569583058357239;0.4739067852497101;[];
22.625;MPIB2;41.14594973566426;31.69999998807907;0.43426111340522766;-0.5089951753616333;0.7431401014328003;[];
22.625;MPIB1;14.692153654749973;43.30551529059949;-0.06007320061326027;-0.2939523458480835;0.9539021253585815;[];
22.625;MPIB4;58.601887189417994;40.66395355520024;0.3460003137588501;-0.30401602387428284;-0.8875492215156555;[];
22.625;MPIB3;46.42098166969981;16.88253811846218;0.451038122177124;-0.7569583058357239;0.4727408289909363;[];
22.6875;MPIB2;41.14594973566426;31.69999998807907;0.4290598928928375;-0.5067653059959412;0.7476715445518494;[];
22.6875;MPIB1;14.684633841567575;43.486047619621814;-0.022703351452946663;-0.2839479446411133;0.9585436582565308;[];
22.6875;MPIB4;58.601887189417994;40.66395355520024;0.3460003137588501;-0.30401602387428284;-0.8875492215156555;[];
22.6875;MPIB3;46.42098166969981;16.88253811846218;0.451038122177124;-0.7569583058357239;0.4727408289909363;[];
22.75;MPIB2;41.14594973566426;31.69999998807907;0.4290598928928375;-0.5067653059959412;0.7476715445518494;[];
22.75;MPIB1;14.608348385243744;43.65382880459407;-0.020160699263215065;-0.2789800465106964;0.9600585103034973;[];
22.75;MPIB4;58.601887189417994;40.66395355520024;0.3460003137588501;-0.30401602387428284;-0.8875492215156555;[];
22.75;MPIB3;46.42098166969981;16.88253811846218;0.451038122177124;-0.7569583058357239;0.4727408289909363;[];
22.78125;MPIB2;41.14594973566426;31.69999998807907;0.4290598928928375;-0.5067653059959412;0.7476715445518494;[];
22.78125;MPIB1;14.564639029218483;43.84341573298275;-0.020160699263215065;-0.2789800465106964;0.9600585103034973;[];
22.78125;MPIB4;58.601887189417994;40.66395355520024;0.3460003137588501;-0.30401602387428284;-0.8875492215156555;[];
22.78125;MPIB3;46.42098166969981;16.88253811846218;0.451038122177124;-0.7569583058357239;0.4727408289909363;[];
22.84375;MPIB2;41.158125054535034;31.69999998807907;0.4290598928928375;-0.5067653059959412;0.7476715445518494;[];
22.84375;MPIB1;14.538716226022188;44.04490859865973;-0.020160699263215065;-0.2789800465106964;0.9600585103034973;[];
22.84375;MPIB4;58.601887189417994;40.66395355520024;0.3460003137588501;-0.30401602387428284;-0.8875492215156555;[];
22.84375;MPIB3;46.42098166969981;16.88253811846218;0.451038122177124;-0.7569583058357239;0.4727408289909363;[];
22.875;MPIB2;41.158125054535034;31.69999998807907;0.4290598928928375;-0.5067653059959412;0.7476715445518494;[];
22.875;MPIB1;14.522504881798454;44.25290210685117;-0.020160699263215065;-0.2789800465106964;0.9600585103034973;[];
22.875;MPIB4;58.601887189417994;40.66395355520024;0.3460003137588501;-0.30401602387428284;-0.8875492215156555;[];
22.875;MPIB3;46.42098166969981;16.88253811846218;0.451038122177124;-0.7569583058357239;0.4727408289909363;[];
22.9375;MPIB2;41.158125054535034;31.69999998807907;0.43099385499954224;-0.5067653059959412;0.7465583682060242;[];
22.9375;MPIB1;14.511595994789673;44.46444496626776;-0.020160699263215065;-0.2789800465106964;0.9600585103034973;[];
22.9375;MPIB4;58.601887189417994;40.66395355520024;0.3460003137588501;-0.30401602387428284;-0.8875492215156555;[];
22.9375;MPIB3;46.411268292927616;16.886354741723153;0.451038122177124;-0.7569583058357239;0.4727408289909363;[];
23.0;MPIB2;41.158125054535034;31.69999998807907;0.4322645962238312;-0.5089951753616333;0.7443031668663025;[];
23.0;MPIB1;14.503582249756505;44.67792577167842;-0.020160699263215065;-0.2789800465106964;0.9600585103034973;[];
23.0;MPIB4;58.601887189417994;40.66395355520024;0.3460003137588501;-0.30401602387428284;-0.8875492215156555;[];
23.0;MPIB3;46.411268292927616;16.886354741723153;0.451038122177124;-0.7569583058357239;0.4727408289909363;[];
23.03125;MPIB2;41.158125054535034;31.69999998807907;0.4309104382991791;-0.513526976108551;0.741971492767334;[];
23.03125;MPIB1;14.49714925242563;44.8924646957247;-0.020160699263215065;-0.2789800465106964;0.9600585103034973;[];
23.03125;MPIB4;58.601887189417994;40.66395355520024;0.34829673171043396;-0.30401602387428284;-0.8866503834724426;[];
23.03125;MPIB3;46.411268292927616;16.886354741723153;0.451038122177124;-0.7569583058357239;0.4727408289909363;[];
23.09375;MPIB2;41.158125054535034;31.69999998807907;0.43155333399772644;-0.5179625153541565;0.7385063171386719;[];
23.09375;MPIB1;14.491579343440549;45.10758135261315;-0.020160699263215065;-0.2789800465106964;0.9600585103034973;[];
23.09375;MPIB4;58.601887189417994;40.66395355520024;0.34829673171043396;-0.30401602387428284;-0.8866503834724426;[];
23.09375;MPIB3;46.411268292927616;16.886354741723153;0.451038122177124;-0.7569583058357239;0.4727408289909363;[];
23.125;MPIB2;41.158125054535034;31.69999998807907;0.4294852018356323;-0.5246713161468506;0.7349672317504883;[];
23.125;MPIB1;14.486480680746922;45.32301345167008;-0.020160699263215065;-0.2789800465106964;0.9600585103034973;[];
23.125;MPIB4;58.601887189417994;40.66395355520024;0.34829673171043396;-0.30401602387428284;-0.8866503834724426;[];
23.125;MPIB3;46.411268292927616;16.886354741723153;0.451038122177124;-0.7569583058357239;0.4727408289909363;[];
23.1875;MPIB2;41.158125054535034;31.69999998807907;0.4287729561328888;-0.526954710483551;0.7337483167648315;[];
23.1875;MPIB1;14.484423188712412;45.538617782171;-0.020160699263215065;-0.2789800465106964;0.9600585103034973;[];
23.1875;MPIB4;58.601887189417994;40.66395355520024;0.3506757915019989;-0.30401602387428284;-0.8857119679450989;[];
23.1875;MPIB3;46.411268292927616;16.886354741723153;0.451038122177124;-0.7569583058357239;0.4727408289909363;[];
23.25;MPIB2;41.158125054535034;31.69999998807907;0.4287729561328888;-0.526954710483551;0.7337483167648315;[];
23.25;MPIB1;14.482872974114457;45.754325486628744;-0.015131200663745403;-0.29147714376449585;0.9564301371574402;[];
23.25;MPIB4;58.601887189417994;40.66395355520024;0.35296744108200073;-0.30401602387428284;-0.8848010301589966;[];
23.25;MPIB3;46.411268292927616;16.886354741723153;0.451038122177124;-0.7569583058357239;0.4727408289909363;[];
23.28125;MPIB2;41.158125054535034;31.69999998807907;0.42997804284095764;-0.5291529893875122;0.7314573526382446;[];
23.28125;MPIB1;14.482872974114457;45.8721019069427;0.009704690426588058;-0.3485085368156433;0.9372219443321228;[];
23.28125;MPIB4;58.601887189417994;40.66395355520024;0.35496196150779724;-0.3064810633659363;-0.8831507563591003;[];
23.28125;MPIB3;46.411268292927616;16.886354741723153;0.451038122177124;-0.7569583058357239;0.4727408289909363;[];
23.34375;MPIB2;41.158125054535034;31.69999998807907;0.42997804284095764;-0.5291529893875122;0.7314573526382446;[];
23.34375;MPIB1;14.482872974114457;45.93640783990344;0.02117185853421688;-0.43283456563949585;0.9011831879615784;[];
23.34375;MPIB4;58.601887189417994;40.66395355520024;0.35496196150779724;-0.3064810633659363;-0.8831507563591003;[];
23.34375;MPIB3;46.411268292927616;16.886354741723153;0.451038122177124;-0.7569583058357239;0.4727408289909363;[];
23.375;MPIB2;41.158125054535034;31.69999998807907;0.4318700432777405;-0.5291529893875122;0.7303418517112732;[];
23.375;MPIB1;14.482872974114457;45.971518883378224;0.04031304642558098;-0.5157464742660522;0.8557427525520325;[];
23.375;MPIB4;58.601887189417994;40.66395355520024;0.35496196150779724;-0.3064810633659363;-0.8831507563591003;[];
23.375;MPIB3;46.411268292927616;16.886354741723153;0.451038122177124;-0.7569583058357239;0.4727408289909363;[];
23.4375;MPIB2;41.158125054535034;31.69999998807907;0.4311712682247162;-0.5313476920127869;0.7291601896286011;[];
23.4375;MPIB1;14.482872974114457;45.971518883378224;0.04350050166249275;-0.5533362030982971;0.831768274307251;[];
23.4375;MPIB4;58.601887189417994;40.66395355520024;0.35496196150779724;-0.3064810633659363;-0.8831507563591003;[];
23.4375;MPIB3;46.411268292927616;16.886354741723153;0.451038122177124;-0.7569583058357239;0.4727408289909363;[];
23.5;MPIB2;41.158125054535034;31.69999998807907;0.4311712682247162;-0.5313476920127869;0.7291601896286011;[];
23.5;MPIB1;14.482872974114457;45.971518883378224;0.04350050166249275;-0.5533362030982971;0.831768274307251;[];
23.5;MPIB4;58.601887189417994;40.66395355520024;0.35496196150779724;-0.3064810633659363;-0.8831507563591003;[];
23.5;MPIB3;46.411268292927616;16.886354741723153;0.451038122177124;-0.7569583058357239;0.4727408289909363;[];
23.53125;MPIB2;41.158125054535034;31.69999998807907;0.4311712682247162;-0.5313476920127869;0.7291601896286011;[];
23.53125;MPIB1;14.482872974114457;46.006871755056494;0.0412759929895401;-0.5554904937744141;0.8304444551467896;[];
23.53125;MPIB4;58.601887189417994;40.66395355520024;0.35496196150779724;-0.3064810633659363;-0.8831507563591003;[];
23.53125;MPIB3;46.411268292927616;16.886354741723153;0.451038122177124;-0.7569583058357239;0.4727408289909363;[];
23.59375;MPIB2;41.158125054535034;31.69999998807907;0.43242233991622925;-0.533538818359375;0.726815402507782;[];
23.59375;MPIB1;14.482872974114457;46.006871755056494;0.028311321511864662;-0.5511781573295593;0.8338542580604553;[];
23.59375;MPIB4;58.601887189417994;40.66395355520024;0.35496196150779724;-0.3064810633659363;-0.8831507563591003;[];
23.59375;MPIB3;46.411268292927616;16.886354741723153;0.451038122177124;-0.7569583058357239;0.4727408289909363;[];
23.625;MPIB2;41.158125054535034;31.69999998807907;0.4316883385181427;-0.5358073711395264;0.7255817651748657;[];
23.625;MPIB1;14.482872974114457;46.006871755056494;0.017703574150800705;-0.5313476920127869;0.8469178676605225;[];
23.625;MPIB4;58.601887189417994;40.66395355520024;0.35496196150779724;-0.3064810633659363;-0.8831507563591003;[];
23.625;MPIB3;46.411268292927616;16.886354741723153;0.451038122177124;-0.7569583058357239;0.4727408289909363;[];
23.6875;MPIB2;41.158125054535034;31.69999998807907;0.43097761273384094;-0.5379912257194519;0.7243871688842773;[];
23.6875;MPIB1;14.482872974114457;46.006871755056494;-8.327772957272828E-5;-0.49539870023727417;0.8686181902885437;[];
23.6875;MPIB4;58.601887189417994;40.66395355520024;0.35496196150779724;-0.3064810633659363;-0.8831507563591003;[];
23.6875;MPIB3;46.411268292927616;16.886354741723153;0.451038122177124;-0.7569583058357239;0.4727408289909363;[];
23.75;MPIB2;41.158125054535034;31.69999998807907;0.43325275182724;-0.5424286723136902;0.71970534324646;[];
23.75;MPIB1;14.482872974114457;46.006871755056494;-0.009371202439069748;-0.45858025550842285;0.8885596394538879;[];
23.75;MPIB4;58.601887189417994;40.66395355520024;0.3546648323535919;-0.30894404649734497;-0.8824114799499512;[];
23.75;MPIB3;46.411268292927616;16.886354741723153;0.451038122177124;-0.7569583058357239;0.4727408289909363;[];
23.78125;MPIB2;41.158125054535034;31.69999998807907;0.4344542622566223;-0.5446015000343323;0.717336118221283;[];
23.78125;MPIB1;14.482872974114457;46.006871755056494;-0.016654547303915024;-0.42573419213294983;0.9046542048454285;[];
23.78125;MPIB4;58.601887189417994;40.66395355520024;0.352070689201355;-0.3114960789680481;-0.8825531601905823;[];
23.78125;MPIB3;46.33983375039088;16.953438160092446;0.45136815309524536;-0.7517976760864258;0.4805954694747925;[];
23.84375;MPIB2;41.158125054535034;31.69999998807907;0.43665552139282227;-0.5490164160728455;0.712618350982666;[];
23.84375;MPIB1;14.482872974114457;46.006871755056494;-0.016735544428229332;-0.41625523567199707;0.9090538620948792;[];
23.84375;MPIB4;58.601887189417994;40.66395355520024;0.352070689201355;-0.3114960789680481;-0.8825531601905823;[];
23.84375;MPIB3;46.29037491079521;17.089512886636868;0.4414985179901123;-0.7125766277313232;0.5451768040657043;[];
23.875;MPIB2;41.158125054535034;31.69999998807907;0.43665552139282227;-0.5490164160728455;0.712618350982666;[];
23.875;MPIB1;14.482872974114457;46.006871755056494;-0.01679527573287487;-0.4090942442417145;0.9122983813285828;[];
23.875;MPIB4;58.601887189417994;40.66395355520024;0.34918639063835144;-0.31641149520874023;-0.8819501399993896;[];
23.875;MPIB3;46.248767764810054;17.262733110905486;0.42712047696113586;-0.6977584362030029;0.5749830603599548;[];
23.9375;MPIB2;41.158125054535034;31.69999998807907;0.43665552139282227;-0.5490164160728455;0.712618350982666;[];
23.9375;MPIB1;14.482872974114457;46.006871755056494;-0.016949698328971863;-0.38984647393226624;0.9206864833831787;[];
23.9375;MPIB4;58.601887189417994;40.66395355520024;0.34620243310928345;-0.3214091956615448;-0.881318986415863;[];
23.9375;MPIB3;46.2088540708512;17.455817129541344;0.41604113578796387;-0.6902346014976501;0.5919377207756042;[];
24.0;MPIB2;41.158125054535034;31.69999998807907;0.43775150179862976;-0.5511781573295593;0.7102732062339783;[];
24.0;MPIB1;14.482872974114457;46.006871755056494;-0.01704184152185917;-0.3778064548969269;0.925691545009613;[];
24.0;MPIB4;58.601887189417994;40.66395355520024;0.34361639618873596;-0.3238593637943268;-0.8814340829849243;[];
24.0;MPIB3;46.16832763037951;17.6594660581857;0.4067402482032776;-0.6902346014976501;0.5983667969703674;[];
24.03125;MPIB2;41.158125054535034;31.69999998807907;0.43890321254730225;-0.5533362030982971;0.707880437374115;[];
24.03125;MPIB1;14.482872974114457;46.006871755056494;-0.017131730914115906;-0.3656129837036133;0.9305742383003235;[];
24.03125;MPIB4;58.601887189417994;40.66395355520024;0.34361639618873596;-0.3238593637943268;-0.8814340829849243;[];
24.03125;MPIB3;46.124134689651555;17.868189123660073;0.3861430883407593;-0.6902346014976501;0.6118611097335815;[];
24.09375;MPIB2;41.158125054535034;31.69999998807907;0.4407341778278351;-0.5533362030982971;0.7067419290542603;[];
24.09375;MPIB1;14.482872974114457;46.006871755056494;-0.017149098217487335;-0.36320239305496216;0.9315176010131836;[];
24.09375;MPIB4;58.601887189417994;40.66395355520024;0.34329932928085327;-0.32639798521995544;-0.8806207180023193;[];
24.09375;MPIB3;46.07589687172526;18.079197955743524;0.373212069272995;-0.6902346014976501;0.61983323097229;[];
24.125;MPIB2;41.158125054535034;31.69999998807907;0.44470682740211487;-0.5577207207679749;0.7007814645767212;[];
24.125;MPIB1;14.482872974114457;46.006871755056494;-0.01960030384361744;-0.3582844138145447;0.9333723783493042;[];
24.125;MPIB4;58.601887189417994;40.66395355520024;0.34329932928085327;-0.32639798521995544;-0.8806207180023193;[];
24.125;MPIB3;46.099884659624195;18.278495149990334;0.373470664024353;-0.6864094734191895;0.6239117980003357;[];
24.1875;MPIB2;41.158125054535034;31.69999998807907;0.44761431217193604;-0.5598674416542053;0.6972094178199768;[];
24.1875;MPIB1;14.482872974114457;46.006871755056494;-0.01960030384361744;-0.3582844138145447;0.9333723783493042;[];
24.1875;MPIB4;58.601887189417994;40.66395355520024;0.34071245789527893;-0.32884371280670166;-0.8807154297828674;[];
24.1875;MPIB3;46.16175941341203;18.472305344458107;0.3708031475543976;-0.6671427488327026;0.6460109949111938;[];
24.25;MPIB2;41.158125054535034;31.69999998807907;0.45146068930625916;-0.5642287731170654;0.6911872625350952;[];
24.25;MPIB1;14.482872974114457;46.006871755056494;-0.01965814270079136;-0.35102346539497375;0.9361265897750854;[];
24.25;MPIB4;58.601887189417994;40.66395355520024;0.34071245789527893;-0.32884371280670166;-0.8807154297828674;[];
24.25;MPIB3;46.24475985096865;18.662865929528067;0.3861631155014038;-0.6394193172454834;0.6647756099700928;[];
24.28125;MPIB2;41.158125054535034;31.69999998807907;0.45324841141700745;-0.5642287731170654;0.6900162696838379;[];
24.28125;MPIB1;14.482872974114457;46.006871755056494;-0.019715487957000732;-0.34365129470825195;0.93885737657547;[];
24.28125;MPIB4;58.601887189417994;40.66395355520024;0.34071245789527893;-0.32884371280670166;-0.8807154297828674;[];
24.28125;MPIB3;46.348093762040435;18.845888607522568;0.4789845645427704;-0.5877386927604675;0.6519554257392883;[];
24.34375;MPIB2;41.158125054535034;31.69999998807907;0.4524449110031128;-0.5663641095161438;0.6887930035591125;[];
24.34375;MPIB1;14.482872974114457;46.006871755056494;-0.01977161318063736;-0.3362579047679901;0.9415301084518433;[];
24.34375;MPIB4;58.601887189417994;40.66395355520024;0.34071245789527893;-0.32884371280670166;-0.8807154297828674;[];
24.34375;MPIB3;46.404514084038965;18.94581900131473;0.5248143076896667;-0.5598674416542053;0.6411158442497253;[];
24.375;MPIB2;41.158125054535034;31.69999998807907;0.4524449110031128;-0.5663641095161438;0.6887930035591125;[];
24.375;MPIB1;14.482872974114457;46.006871755056494;-0.019790498539805412;-0.33372852206230164;0.9424294233322144;[];
24.375;MPIB4;58.601887189417994;40.66395355520024;0.34071245789527893;-0.32884371280670166;-0.8807154297828674;[];
24.375;MPIB3;46.43531958342828;19.000381002662778;0.5300625562667847;-0.5555702447891235;0.6406055092811584;[];
24.4375;MPIB2;41.21234417006052;31.781629867851734;0.4560048282146454;-0.5663641095161438;0.6864414215087891;[];
24.4375;MPIB1;14.482872974114457;46.006871755056494;-0.01982651650905609;-0.32884371280670166;0.9441446661949158;[];
24.4375;MPIB4;58.601887189417994;40.66395355520024;0.31285202503204346;-0.32884371280670166;-0.8909951448440552;[];
24.4375;MPIB3;46.452139388048636;19.03017185885909;0.5317190289497375;-0.5555702447891235;0.6392312049865723;[];
24.5;MPIB2;41.29616692610145;31.907829667157188;0.4560048282146454;-0.5663641095161438;0.6864414215087891;[];
24.5;MPIB1;14.482872974114457;46.006871755056494;-0.01982651650905609;-0.32884371280670166;0.9441446661949158;[];
24.5;MPIB4;58.601887189417994;40.66395355520024;0.20593702793121338;-0.32884371280670166;-0.9216049909591675;[];
24.5;MPIB3;46.452139388048636;19.03017185885909;0.533598780632019;-0.5663641095161438;0.6280242800712585;[];
24.53125;MPIB2;41.39637221822798;32.05821877788722;0.45784592628479004;-0.5663641095161438;0.6852148175239563;[];
24.53125;MPIB1;14.482872974114457;46.00999218552056;-0.019844984635710716;-0.32630735635757446;0.9450241327285767;[];
24.53125;MPIB4;58.601887189417994;40.66395355520024;0.049411553889513016;-0.32884371280670166;-0.9430544972419739;[];
24.53125;MPIB3;46.452139388048636;19.03017185885909;0.5326476097106934;-0.5684955716133118;0.6269047856330872;[];
24.59375;MPIB2;41.506161326712345;32.22138470748817;0.463218629360199;-0.5663641095161438;0.6815942525863647;[];
24.59375;MPIB1;14.482872974114457;46.00999218552056;-0.019844984635710716;-0.32630735635757446;0.9450241327285767;[];
24.59375;MPIB4;58.601887189417994;40.66395355520024;-0.05682395026087761;-0.32884371280670166;-0.9426416754722595;[];
24.59375;MPIB3;46.46633725647689;19.06016790033391;0.5297369360923767;-0.5749456286430359;0.6234790682792664;[];
24.625;MPIB2;41.622235404055374;32.3908016681475;0.47206616401672363;-0.5663641095161438;0.6754966378211975;[];
24.625;MPIB1;14.482872974114457;46.00999218552056;-0.01986265741288662;-0.3238593637943268;0.9458656311035156;[];
24.625;MPIB4;58.601887189417994;40.66395355520024;-0.1327686458826065;-0.33372852206230164;-0.9332402944564819;[];
24.625;MPIB3;46.46633725647689;19.06016790033391;0.5304041504859924;-0.5771399736404419;0.6208787560462952;[];
24.6875;MPIB2;41.74237089099816;32.563187890877316;0.4773620665073395;-0.5663641095161438;0.671764612197876;[];
24.6875;MPIB1;14.482872974114457;46.00999218552056;-0.019880196079611778;-0.3214091956615448;0.9467008709907532;[];
24.6875;MPIB4;58.601887189417994;40.66395355520024;-0.35086601972579956;-0.33869463205337524;-0.8729936480522156;[];
24.6875;MPIB3;46.46633725647689;19.06016790033391;0.5304041504859924;-0.5771399736404419;0.6208787560462952;[];
24.75;MPIB2;41.866388669293826;32.73598591539053;0.493134468793869;-0.5620104074478149;0.6639831066131592;[];
24.75;MPIB1;14.482872974114457;46.00999218552056;-0.019915511831641197;-0.31641149520874023;0.9483826160430908;[];
24.75;MPIB4;58.601887189417994;40.66395355520024;-0.45319506525993347;-0.33869463205337524;-0.8245235681533813;[];
24.75;MPIB3;46.46633725647689;19.06016790033391;0.5304041504859924;-0.5771399736404419;0.6208787560462952;[];
24.78125;MPIB2;41.99616390998969;32.906172049647125;0.5247527956962585;-0.5598674416542053;0.6411661505699158;[];
24.78125;MPIB1;14.482872974114457;46.00999218552056;-0.019915511831641197;-0.31641149520874023;0.9483826160430908;[];
24.78125;MPIB4;58.601887189417994;40.66395355520024;-0.4554068446159363;-0.33869463205337524;-0.8233040571212769;[];
24.78125;MPIB3;46.46633725647689;19.06016790033391;0.5304041504859924;-0.5771399736404419;0.6208787560462952;[];
24.84375;MPIB2;42.06702119963988;32.99909368974431;0.5482019782066345;-0.5663641095161438;0.6153184771537781;[];
24.84375;MPIB1;14.482872974114457;46.00999218552056;-0.019915511831641197;-0.31641149520874023;0.9483826160430908;[];
24.84375;MPIB4;58.601887189417994;40.66395355520024;-0.4725135862827301;-0.33869463205337524;-0.8136066794395447;[];
24.84375;MPIB3;46.46633725647689;19.06016790033391;0.5304041504859924;-0.5771399736404419;0.6208787560462952;[];
24.875;MPIB2;42.10570928428261;33.04982891113042;0.5056924223899841;-0.6087107062339783;0.6112723350524902;[];
24.875;MPIB1;14.482872974114457;46.00999218552056;-0.019915511831641197;-0.31641149520874023;0.9483826160430908;[];
24.875;MPIB4;58.601887189417994;40.66395355520024;-0.5296761393547058;-0.3238593637943268;-0.7839002013206482;[];
24.875;MPIB3;46.46633725647689;19.06016790033391;0.5304041504859924;-0.5771399736404419;0.6208787560462952;[];
24.9375;MPIB2;42.12683298095112;33.07753034522483;-0.029191065579652786;-0.7852694392204285;0.6183902621269226;[];
24.9375;MPIB1;14.482872974114457;46.00999218552056;-0.022519560530781746;-0.30894404649734497;0.950783908367157;[];
24.9375;MPIB4;58.601887189417994;40.66395355520024;-0.5699768662452698;-0.30401602387428284;-0.7633119821548462;[];
24.9375;MPIB3;46.46633725647689;19.06016790033391;0.5336114168167114;-0.5771399736404419;0.6181244850158691;[];
25.0;MPIB2;42.12683298095112;33.07753034522483;-0.3107171058654785;-0.8196222186088562;0.4812319874763489;[];
25.0;MPIB1;14.482872974114457;46.00999218552056;-0.0250641368329525;-0.29898834228515625;0.9538989067077637;[];
25.0;MPIB4;58.601887189417994;40.66395355520024;-0.5931591987609863;-0.29651716351509094;-0.7484553456306458;[];
25.0;MPIB3;46.46633725647689;19.06016790033391;0.5336114168167114;-0.5771399736404419;0.6181244850158691;[];
25.03125;MPIB2;42.12683298095112;33.07753034522483;-0.34174710512161255;-0.8105133771896362;0.47559013962745667;[];
25.03125;MPIB1;14.48004528157037;46.10795137612763;-0.027729159221053123;-0.276401162147522;0.9606156945228577;[];
25.03125;MPIB4;58.53766308781496;40.58993151542916;-0.6283559203147888;-0.2839479446411133;-0.7242169976234436;[];
25.03125;MPIB3;46.46633725647689;19.06016790033391;0.5336114168167114;-0.5771399736404419;0.6181244850158691;[];
25.09375;MPIB2;42.1481021676168;33.105422573649946;-0.3491780161857605;-0.8074701428413391;0.4753686785697937;[];
25.09375;MPIB1;14.476447563372517;46.25937103355045;-0.03546019643545151;-0.2587572932243347;0.9652664065361023;[];
25.09375;MPIB4;58.43589095347602;40.47772176434415;-0.6541358232498169;-0.276401162147522;-0.7040296196937561;[];
25.09375;MPIB3;46.46633725647689;19.06016790033391;0.5336114168167114;-0.5771399736404419;0.6181244850158691;[];
25.125;MPIB2;42.1481021676168;33.105422573649946;-0.3538331091403961;-0.7917553186416626;0.4978282153606415;[];
25.125;MPIB1;14.472849845174665;46.439980109245084;-0.03546019643545151;-0.2587572932243347;0.9652664065361023;[];
25.125;MPIB4;58.312680374898264;40.34554384801652;-0.6633263826370239;-0.276401162147522;-0.6953772902488708;[];
25.125;MPIB3;46.46633725647689;19.06016790033391;0.5336114168167114;-0.5771399736404419;0.6181244850158691;[];
25.1875;MPIB2;42.1481021676168;33.105422573649946;-0.31929340958595276;-0.7431362867355347;0.5879667401313782;[];
25.1875;MPIB1;14.469252126976812;46.636526609167305;-0.03546019643545151;-0.2587572932243347;0.9652664065361023;[];
25.1875;MPIB4;58.177027072598776;40.20317405288549;-0.670556902885437;-0.276401162147522;-0.6884074807167053;[];
25.1875;MPIB3;46.46633725647689;19.06016790033391;0.5336114168167114;-0.5771399736404419;0.6181244850158691;[];
25.25;MPIB2;42.1481021676168;33.105422573649946;-0.10045764595270157;-0.6190788745880127;0.7788172960281372;[];
25.25;MPIB1;14.46565440877896;46.84177494372855;-0.035484679043293;-0.25625601410865784;0.9659328460693359;[];
25.25;MPIB4;58.10296036094019;40.12544013571494;-0.6736544966697693;-0.2789800465106964;-0.6843307018280029;[];
25.25;MPIB3;46.46633725647689;19.06016790033391;0.5336114168167114;-0.5771399736404419;0.6181244850158691;[];
25.28125;MPIB2;42.1481021676168;33.105422573649946;-0.05664179474115372;-0.5983143448829651;0.7991994023323059;[];
25.28125;MPIB1;14.463080301867763;47.051806726667365;-0.02537117525935173;-0.2587572932243347;0.9655842781066895;[];
25.28125;MPIB4;58.06251993167734;40.08299741201;-0.6736544966697693;-0.2789800465106964;-0.6843307018280029;[];
25.28125;MPIB3;46.46633725647689;19.06016790033391;0.5336114168167114;-0.5771399736404419;0.6181244850158691;[];
25.34375;MPIB2;42.1481021676168;33.105422573649946;-0.04913615435361862;-0.5771399736404419;0.8151102662086487;[];
25.34375;MPIB1;14.46307090623634;47.264484083458456;-9.20647507882677E-5;-0.2789800465106964;0.9602701663970947;[];
25.34375;MPIB4;58.04043945473518;40.05982368217542;-0.6736544966697693;-0.2789800465106964;-0.6843307018280029;[];
25.34375;MPIB3;46.46633725647689;19.06016790033391;0.5336114168167114;-0.5771399736404419;0.6181244850158691;[];
25.375;MPIB2;42.1481021676168;33.105422573649946;-0.043806545436382294;-0.5467707514762878;0.836083173751831;[];
25.375;MPIB1;14.465363231258038;47.47857889303427;0.02242998778820038;-0.29651716351509094;0.9547356367111206;[];
25.375;MPIB4;58.04043945473518;40.05982368217542;-0.6749132871627808;-0.28146493434906006;-0.6820687651634216;[];
25.375;MPIB3;46.46633725647689;19.06016790033391;0.5336114168167114;-0.5771399736404419;0.6181244850158691;[];
25.4375;MPIB2;42.1481021676168;33.105422573649946;-0.03468092158436775;-0.47021257877349854;0.8818264007568359;[];
25.4375;MPIB1;14.469449145955537;47.69338905545578;0.03967461735010147;-0.31395483016967773;0.9485784769058228;[];
25.4375;MPIB4;58.04043945473518;40.05982368217542;-0.6710445284843445;-0.29147714376449585;-0.6816794276237488;[];
25.4375;MPIB3;46.46633725647689;19.06016790033391;0.5336114168167114;-0.5771399736404419;0.6181244850158691;[];
25.5;MPIB2;42.14476736248025;33.20336581256396;-0.030557727441191673;-0.4399081766605377;0.8974805474281311;[];
25.5;MPIB1;14.474304698643778;47.908554581681926;0.0469234324991703;-0.32630735635757446;0.9440670609474182;[];
25.5;MPIB4;58.018206897947266;40.036490342688154;-0.6668921709060669;-0.29404398798942566;-0.6846452355384827;[];
25.5;MPIB3;46.46633725647689;19.06016790033391;0.5336114168167114;-0.5771399736404419;0.6181244850158691;[];
25.53125;MPIB2;42.141432557343705;33.35478606613651;-0.030557727441191673;-0.4399081766605377;0.8974805474281311;[];
25.53125;MPIB1;14.480436038927678;48.12384238002622;0.05895489826798439;-0.33869463205337524;0.9390150308609009;[];
25.53125;MPIB4;58.018206897947266;40.036490342688154;-0.6551467180252075;-0.3064810633659363;-0.6905043125152588;[];
25.53125;MPIB3;46.46633725647689;19.06016790033391;0.5336114168167114;-0.5771399736404419;0.6181244850158691;[];
25.59375;MPIB2;42.13809775220716;33.53540477310412;-0.030596382915973663;-0.4375820457935333;0.898615837097168;[];
25.59375;MPIB1;14.491199205480598;48.33910785236256;0.07080120593309402;-0.3558664619922638;0.9318167567253113;[];
25.59375;MPIB4;58.018206897947266;40.036490342688154;-0.6458237171173096;-0.3238593637943268;-0.691352367401123;[];
25.59375;MPIB3;46.46633725647689;19.06016790033391;0.5336114168167114;-0.5771399736404419;0.6181244850158691;[];
25.625;MPIB2;42.13399306251222;33.73193658649774;-0.03770904242992401;-0.4351666569709778;0.8995181322097778;[];
25.625;MPIB1;14.506793772123956;48.554158858884534;0.09199411422014236;-0.37540847063064575;0.9222466945648193;[];
25.625;MPIB4;58.018206897947266;40.036490342688154;-0.6380351781845093;-0.3411290943622589;-0.6902756690979004;[];
25.625;MPIB3;46.46633725647689;19.06016790033391;0.5336114168167114;-0.5771399736404419;0.6181244850158691;[];
25.6875;MPIB2;42.13399306251222;33.839242969074576;-0.04958216845989227;-0.43283456563949585;0.9000672101974487;[];
25.6875;MPIB1;14.452569026796255;48.74944560837591;0.09913715720176697;-0.3778064548969269;0.9205253720283508;[];
25.6875;MPIB4;58.018206897947266;40.036490342688154;-0.6356239318847656;-0.34365129470825195;-0.6912482380867004;[];
25.6875;MPIB3;46.46633725647689;19.06016790033391;0.5336114168167114;-0.5771399736404419;0.6181244850158691;[];
25.75;MPIB2;42.13399306251222;33.89783226076682;-0.04958216845989227;-0.43283456563949585;0.9000672101974487;[];
25.75;MPIB1;14.36353980825163;48.93650030200669;0.1367059201002121;-0.39231711626052856;0.9095765948295593;[];
25.75;MPIB4;58.018206897947266;40.036490342688154;-0.633163332939148;-0.34608107805252075;-0.6922931671142578;[];
25.75;MPIB3;46.46633725647689;19.06016790033391;0.5336114168167114;-0.5771399736404419;0.6181244850158691;[];
25.78125;MPIB2;42.13399306251222;33.92982201774649;-0.04958216845989227;-0.43283456563949585;0.9000672101974487;[];
25.78125;MPIB1;14.259143180025717;49.12162303157055;0.17540326714515686;-0.4114549458026886;0.8943526744842529;[];
25.78125;MPIB4;58.018206897947266;40.036490342688154;-0.6051667928695679;-0.3312872350215912;-0.7238522171974182;[];
25.78125;MPIB3;46.46633725647689;19.06016790033391;0.5336114168167114;-0.5771399736404419;0.6181244850158691;[];
25.84375;MPIB2;42.13399306251222;33.92982201774649;-0.05424129590392113;-0.43283456563949585;0.8997984528541565;[];
25.84375;MPIB1;14.155335027246906;49.3110658170786;0.2646476924419403;-0.4351666569709778;0.8605326414108276;[];
25.84375;MPIB4;58.018206897947266;40.036490342688154;-0.5748376846313477;-0.32884371280670166;-0.7492421865463257;[];
25.84375;MPIB3;46.46633725647689;19.06016790033391;0.5336114168167114;-0.5771399736404419;0.6181244850158691;[];
25.875;MPIB2;42.13399306251222;33.92982201774649;-0.06380649656057358;-0.4304995536804199;0.9002912640571594;[];
25.875;MPIB1;14.007348173873993;49.450086669322474;0.3222965598106384;-0.460964173078537;0.8267759680747986;[];
25.875;MPIB4;58.018206897947266;40.036490342688154;-0.5748376846313477;-0.32884371280670166;-0.7492421865463257;[];
25.875;MPIB3;46.46633725647689;19.06016790033391;0.5336114168167114;-0.5771399736404419;0.6181244850158691;[];
25.9375;MPIB2;42.13399306251222;33.962032104989646;-0.08967083692550659;-0.4304995536804199;0.8980839252471924;[];
25.9375;MPIB1;13.836604261406592;49.56489668566138;0.3484504222869873;-0.4794096350669861;0.8053992986679077;[];
25.9375;MPIB4;58.018206897947266;40.036490342688154;-0.5748376846313477;-0.32884371280670166;-0.7492421865463257;[];
25.9375;MPIB3;46.46633725647689;19.06016790033391;0.5336114168167114;-0.5771399736404419;0.6181244850158691;[];
26.0;MPIB2;42.13399306251222;33.962032104989646;-0.10378002375364304;-0.4304995536804199;0.8965630531311035;[];
26.0;MPIB1;13.74337807437098;49.627582961863595;0.35841307044029236;-0.4816797375679016;0.7996522784233093;[];
26.0;MPIB4;58.018206897947266;40.036490342688154;-0.5748376846313477;-0.32884371280670166;-0.7492421865463257;[];
26.0;MPIB3;46.46633725647689;19.06016790033391;0.5336114168167114;-0.5771399736404419;0.6181244850158691;[];
26.03125;MPIB2;42.13399306251222;33.962032104989646;-0.11786354333162308;-0.4304995536804199;0.8948205709457397;[];
26.03125;MPIB1;13.692476570337135;49.66180967264552;0.3863990306854248;-0.48629406094551086;0.7836660146713257;[];
26.03125;MPIB4;58.018206897947266;40.036490342688154;-0.5748376846313477;-0.32884371280670166;-0.7492421865463257;[];
26.03125;MPIB3;46.46633725647689;19.06016790033391;0.5336114168167114;-0.5771399736404419;0.6181244850158691;[];
26.09375;MPIB2;42.13399306251222;33.962032104989646;-0.12952060997486115;-0.4304995536804199;0.8932076692581177;[];
26.09375;MPIB1;13.664684345906494;49.68049745890309;0.39658400416374207;-0.48629406094551086;0.7785613536834717;[];
26.09375;MPIB4;58.018206897947266;40.036490342688154;-0.5748376846313477;-0.32884371280670166;-0.7492421865463257;[];
26.09375;MPIB3;46.46633725647689;19.06016790033391;0.5336114168167114;-0.5771399736404419;0.6181244850158691;[];
26.125;MPIB2;42.13399306251222;33.962032104989646;-0.13422873616218567;-0.4304995536804199;0.892512321472168;[];
26.125;MPIB1;13.664684345906494;49.68049745890309;0.40936368703842163;-0.48403051495552063;0.7733399271965027;[];
26.125;MPIB4;58.018206897947266;40.036490342688154;-0.5748376846313477;-0.32884371280670166;-0.7492421865463257;[];
26.125;MPIB3;46.46633725647689;19.06016790033391;0.5336114168167114;-0.5771399736404419;0.6181244850158691;[];
26.1875;MPIB2;42.13399306251222;33.962032104989646;-0.1462191939353943;-0.42573419213294983;0.8929145932197571;[];
26.1875;MPIB1;13.664684345906494;49.68049745890309;0.42674505710601807;-0.4794096350669861;0.7667948603630066;[];
26.1875;MPIB4;58.018206897947266;40.036490342688154;-0.5748376846313477;-0.32884371280670166;-0.7492421865463257;[];
26.1875;MPIB3;46.46633725647689;19.06016790033391;0.5336114168167114;-0.5771399736404419;0.6181244850158691;[];
26.25;MPIB2;42.13399306251222;33.962032104989646;-0.15361253917217255;-0.42095696926116943;0.8939380645751953;[];
26.25;MPIB1;13.636700701824452;49.699313957763025;0.4584157168865204;-0.4794096350669861;0.7482919096946716;[];
26.25;MPIB4;58.018206897947266;40.036490342688154;-0.5748376846313477;-0.32884371280670166;-0.7492421865463257;[];
26.25;MPIB3;46.46633725647689;19.06016790033391;0.5336114168167114;-0.5771399736404419;0.6181244850158691;[];
26.28125;MPIB2;42.13399306251222;33.962032104989646;-0.16063553094863892;-0.42095696926116943;0.8927027583122253;[];
26.28125;MPIB1;13.636700701824452;49.699313957763025;0.4623551368713379;-0.4794096350669861;0.7458642721176147;[];
26.28125;MPIB4;58.018206897947266;40.036490342688154;-0.5748376846313477;-0.32884371280670166;-0.7492421865463257;[];
26.28125;MPIB3;46.46633725647689;19.06016790033391;0.5336114168167114;-0.5771399736404419;0.6181244850158691;[];
26.34375;MPIB2;42.13399306251222;33.962032104989646;-0.17443308234214783;-0.4233904778957367;0.8889544606208801;[];
26.34375;MPIB1;13.71986125867727;49.64747291855247;0.4649394750595093;-0.4771362841129303;0.7457157373428345;[];
26.34375;MPIB4;58.018206897947266;40.036490342688154;-0.5748376846313477;-0.32884371280670166;-0.7492421865463257;[];
26.34375;MPIB3;46.46633725647689;19.06016790033391;0.5336114168167114;-0.5771399736404419;0.6181244850158691;[];
26.375;MPIB2;42.13399306251222;33.962032104989646;-0.18141625821590424;-0.4233904778957367;0.8875556588172913;[];
26.375;MPIB1;13.85089884988031;49.57151910289653;0.4321253001689911;-0.45858025550842285;0.7764623165130615;[];
26.375;MPIB4;58.018206897947266;40.036490342688154;-0.5767752528190613;-0.32884371280670166;-0.7477517127990723;[];
26.375;MPIB3;46.46633725647689;19.06016790033391;0.5336114168167114;-0.5771399736404419;0.6181244850158691;[];
26.4375;MPIB2;42.13399306251222;33.962032104989646;-0.20229682326316833;-0.4233904778957367;0.8830305337905884;[];
26.4375;MPIB1;14.014029983495675;49.49518218288932;0.3187533915042877;-0.44455158710479736;0.8370745778083801;[];
26.4375;MPIB4;58.018206897947266;40.036490342688154;-0.578780472278595;-0.32884371280670166;-0.7462006211280823;[];
26.4375;MPIB3;46.46633725647689;19.06016790033391;0.5336114168167114;-0.5771399736404419;0.6181244850158691;[];
26.5;MPIB2;42.13399306251222;33.962032104989646;-0.22760751843452454;-0.4233904778957367;0.8768476247787476;[];
26.5;MPIB1;14.19728173392059;49.42642393577347;0.24884623289108276;-0.4351666569709778;0.8652343153953552;[];
26.5;MPIB4;58.018206897947266;40.036490342688154;-0.5807101130485535;-0.32884371280670166;-0.7446999549865723;[];
26.5;MPIB3;46.46633725647689;19.06016790033391;0.5336114168167114;-0.5771399736404419;0.6181244850158691;[];
26.53125;MPIB2;42.13399306251222;33.962032104989646;-0.23449386656284332;-0.4233904778957367;0.8750311136245728;[];
26.53125;MPIB1;14.393089947141107;49.36802465954321;0.19241894781589508;-0.42807504534721375;0.8829793334007263;[];
26.53125;MPIB4;58.018206897947266;40.036490342688154;-0.5826358795166016;-0.32884371280670166;-0.7431941628456116;[];
26.53125;MPIB3;46.46633725647689;19.06016790033391;0.5336114168167114;-0.5771399736404419;0.6181244850158691;[];
26.59375;MPIB2;42.13399306251222;33.962032104989646;-0.2413657307624817;-0.4233904778957367;0.8731606602668762;[];
26.59375;MPIB1;14.500001243977522;49.33613865101785;0.1426181197166443;-0.4090942442417145;0.9012382626533508;[];
26.59375;MPIB4;58.018206897947266;40.036490342688154;-0.5893685221672058;-0.33372852206230164;-0.7356694936752319;[];
26.59375;MPIB3;46.46633725647689;19.06016790033391;0.5336114168167114;-0.5771399736404419;0.6181244850158691;[];
26.625;MPIB2;42.13399306251222;33.962032104989646;-0.24792149662971497;-0.42573419213294983;0.8701789379119873;[];
26.625;MPIB1;14.55837481883043;49.318728888340814;0.10990583151578903;-0.4019079804420471;0.9090215563774109;[];
26.625;MPIB4;58.018206897947266;40.036490342688154;-0.5912708640098572;-0.33372852206230164;-0.7341414093971252;[];
26.625;MPIB3;46.46633725647689;19.06016790033391;0.5336114168167114;-0.5771399736404419;0.6181244850158691;[];
26.6875;MPIB2;42.13399306251222;33.962032104989646;-0.25475481152534485;-0.42573419213294983;0.8682030439376831;[];
26.6875;MPIB1;14.590246794402105;49.30922315681505;0.09570834785699844;-0.3995363116264343;0.9116690754890442;[];
26.6875;MPIB4;58.018206897947266;40.036490342688154;-0.5951338410377502;-0.33372852206230164;-0.7310134172439575;[];
26.6875;MPIB3;46.46633725647689;19.06016790033391;0.5336114168167114;-0.5771399736404419;0.6181244850158691;[];
26.75;MPIB2;42.13399306251222;33.962032104989646;-0.25859928131103516;-0.4304995536804199;0.864709198474884;[];
26.75;MPIB1;14.590246794402105;49.30922315681505;0.08381343632936478;-0.3995363116264343;0.912839412689209;[];
26.75;MPIB4;58.018206897947266;40.036490342688154;-0.601606547832489;-0.33869463205337524;-0.7233909368515015;[];
26.75;MPIB3;46.46633725647689;19.06016790033391;0.5336114168167114;-0.5771399736404419;0.6181244850158691;[];
26.78125;MPIB2;42.13399306251222;33.962032104989646;-0.2650606334209442;-0.43283456563949585;0.8615812659263611;[];
26.78125;MPIB1;14.590246794402105;49.30922315681505;0.05033307150006294;-0.3995363116264343;0.915296196937561;[];
26.78125;MPIB4;58.018206897947266;40.036490342688154;-0.6104158163070679;-0.3411290943622589;-0.7148160934448242;[];
26.78125;MPIB3;46.46633725647689;19.06016790033391;0.5336114168167114;-0.5771399736404419;0.6181244850158691;[];
26.84375;MPIB2;42.13399306251222;33.962032104989646;-0.2670392692089081;-0.4351666569709778;0.859793484210968;[];
26.84375;MPIB1;14.622338289014806;49.30403302679912;0.00949146505445242;-0.3995363116264343;0.9166299700737;[];
26.84375;MPIB4;58.018206897947266;40.036490342688154;-0.6209712028503418;-0.34365129470825195;-0.7044406533241272;[];
26.84375;MPIB3;46.46633725647689;19.06016790033391;0.47829318046569824;-0.5771399736404419;0.661857008934021;[];
26.875;MPIB2;42.13399306251222;33.962032104989646;-0.2730065584182739;-0.4399081766605377;0.8554954528808594;[];
26.875;MPIB1;14.622338289014806;49.30403302679912;0.004745796322822571;-0.3995363116264343;0.9166668057441711;[];
26.875;MPIB4;58.018206897947266;40.036490342688154;-0.6295707821846008;-0.34608107805252075;-0.6955618858337402;[];
26.875;MPIB3;46.46633725647689;19.06016790033391;0.02260803058743477;-0.5089951753616333;0.8604236245155334;[];
26.9375;MPIB2;42.13399306251222;33.962032104989646;-0.27936795353889465;-0.44223135709762573;0.8522376418113708;[];
26.9375;MPIB1;14.622338289014806;49.30403302679912;-0.0072944206185638905;-0.3995363116264343;0.9166500568389893;[];
26.9375;MPIB4;58.018206897947266;40.036490342688154;-0.633163332939148;-0.34608107805252075;-0.6922931671142578;[];
26.9375;MPIB3;46.46633725647689;19.06016790033391;-0.5692538022994995;-0.5044492483139038;0.6491513848304749;[];
27.0;MPIB2;42.13399306251222;33.962032104989646;-0.28349459171295166;-0.44455158710479736;0.8496636748313904;[];
27.0;MPIB1;14.622338289014806;49.30403302679912;-0.0072944206185638905;-0.3995363116264343;0.9166500568389893;[];
27.0;MPIB4;58.018206897947266;40.036490342688154;-0.6344108581542969;-0.3485085368156433;-0.6899290084838867;[];
27.0;MPIB3;46.46633725647689;19.06016790033391;-0.7053412795066833;-0.49539870023727417;0.5069430470466614;[];
27.03125;MPIB2;42.13399306251222;33.962032104989646;-0.29158881306648254;-0.44926875829696655;0.8444268107414246;[];
27.03125;MPIB1;14.622338289014806;49.30403302679912;-0.009667226113379002;-0.3995363116264343;0.9166281223297119;[];
27.03125;MPIB4;58.018206897947266;40.036490342688154;-0.63619464635849;-0.3485085368156433;-0.6882844567298889;[];
27.03125;MPIB3;46.46633725647689;19.06016790033391;-0.7171002626419067;-0.49539870023727417;0.49016812443733215;[];
27.09375;MPIB2;42.13399306251222;33.962032104989646;-0.29377371072769165;-0.44926875829696655;0.8436691164970398;[];
27.09375;MPIB1;14.623625453414206;49.206041485771095;-0.012054014019668102;-0.39707398414611816;0.9176693558692932;[];
27.09375;MPIB4;58.018206897947266;40.036490342688154;-0.637974202632904;-0.3485085368156433;-0.6866353154182434;[];
27.09375;MPIB3;46.46633725647689;19.06016790033391;-0.7194250226020813;-0.49314841628074646;0.4890296459197998;[];
27.125;MPIB2;42.13399306251222;33.962032104989646;-0.2960374355316162;-0.44926875829696655;0.8428775072097778;[];
27.125;MPIB1;14.625429312784036;49.0545547080624;-0.016968222334980965;-0.3874613642692566;0.9216926097869873;[];
27.125;MPIB4;58.018206897947266;40.036490342688154;-0.6415860056877136;-0.3485085368156433;-0.6832616925239563;[];
27.125;MPIB3;46.46633725647689;19.06016790033391;-0.7207352519035339;-0.49314841628074646;0.4870966374874115;[];
27.1875;MPIB2;42.13399306251222;33.962032104989646;-0.2978290319442749;-0.45157986879348755;0.8410090804100037;[];
27.1875;MPIB1;14.625429312784036;48.97184291782625;-0.01939668320119381;-0.38259485363960266;0.9236758351325989;[];
27.1875;MPIB4;58.018206897947266;40.036490342688154;-0.6486911177635193;-0.3485085368156433;-0.6765198111534119;[];
27.1875;MPIB3;46.46633725647689;19.06016790033391;-0.7241422533988953;-0.48855432868003845;0.4866732954978943;[];
27.25;MPIB2;42.13399306251222;33.962032104989646;-0.30225953459739685;-0.45157986879348755;0.8394269347190857;[];
27.25;MPIB1;14.625429312784036;48.9266822751118;-0.021945897489786148;-0.37540847063064575;0.9265636205673218;[];
27.25;MPIB4;58.018206897947266;40.036490342688154;-0.6994770169258118;-0.34365129470825195;-0.6265571117401123;[];
27.25;MPIB3;46.46633725647689;19.06016790033391;-0.7270712852478027;-0.4794096350669861;0.4913787543773651;[];
27.28125;MPIB2;42.13399306251222;33.962032104989646;-0.3066013753414154;-0.45157986879348755;0.83785080909729;[];
27.28125;MPIB1;14.625429312784036;48.9266822751118;-0.021992476657032967;-0.3705158829689026;0.928530216217041;[];
27.28125;MPIB4;58.018206897947266;40.036490342688154;-0.766839861869812;-0.32884371280670166;-0.5511432886123657;[];
27.28125;MPIB3;46.46633725647689;19.06016790033391;-0.7269300818443298;-0.46792641282081604;0.5025317668914795;[];
27.34375;MPIB2;42.13399306251222;33.962032104989646;-0.30884942412376404;-0.45157986879348755;0.8370247483253479;[];
27.34375;MPIB1;14.625429312784036;48.888561448034636;-0.022060785442590714;-0.36320239305496216;0.9314141869544983;[];
27.34375;MPIB4;58.018206897947266;40.036490342688154;-0.7865815758705139;-0.3238593637943268;-0.5256860852241516;[];
27.34375;MPIB3;46.46633725647689;19.06016790033391;-0.7269300818443298;-0.46792641282081604;0.5025317668914795;[];
27.375;MPIB2;42.13399306251222;33.962032104989646;-0.30884942412376404;-0.45157986879348755;0.8370247483253479;[];
27.375;MPIB1;14.625429312784036;48.888561448034636;-0.022193308919668198;-0.3485085368156433;0.9370093941688538;[];
27.375;MPIB4;58.018206897947266;40.036490342688154;-0.790039598941803;-0.3214091956615448;-0.5219916105270386;[];
27.375;MPIB3;46.46633725647689;19.06016790033391;-0.7269300818443298;-0.46792641282081604;0.5025317668914795;[];
27.4375;MPIB2;42.13399306251222;33.962032104989646;-0.3131787180900574;-0.45157986879348755;0.8354145884513855;[];
27.4375;MPIB1;14.625429312784036;48.888561448034636;-0.022461337968707085;-0.31641149520874023;0.9483257532119751;[];
27.4375;MPIB4;58.018206897947266;40.036490342688154;-0.7913881540298462;-0.3214091956615448;-0.5199447870254517;[];
27.4375;MPIB3;46.46633725647689;19.06016790033391;-0.7269300818443298;-0.46792641282081604;0.5025317668914795;[];
27.5;MPIB2;42.13399306251222;33.962032104989646;-0.3131787180900574;-0.45157986879348755;0.8354145884513855;[];
27.5;MPIB1;14.625429312784036;48.888561448034636;-0.0250641368329525;-0.29898834228515625;0.9538989067077637;[];
27.5;MPIB4;58.018206897947266;40.036490342688154;-0.7913881540298462;-0.3214091956615448;-0.5199447870254517;[];
27.5;MPIB3;46.46633725647689;19.06016790033391;-0.7269300818443298;-0.46792641282081604;0.5025317668914795;[];
27.53125;MPIB2;42.13399306251222;33.962032104989646;-0.3131787180900574;-0.45157986879348755;0.8354145884513855;[];
27.53125;MPIB1;14.625429312784036;48.888561448034636;-0.027621982619166374;-0.2889999747276306;0.956902801990509;[];
27.53125;MPIB4;58.018206897947266;40.036490342688154;-0.7927811145782471;-0.3214091956615448;-0.5178184509277344;[];
27.53125;MPIB3;46.46633725647689;19.06016790033391;-0.7269300818443298;-0.46792641282081604;0.5025317668914795;[];
27.59375;MPIB2;42.13399306251222;33.962032104989646;-0.3131787180900574;-0.45157986879348755;0.8354145884513855;[];
27.59375;MPIB1;14.622601620239948;48.97515620751676;-0.027621982619166374;-0.2889999747276306;0.956902801990509;[];
27.59375;MPIB4;58.018206897947266;40.036490342688154;-0.7927811145782471;-0.3214091956615448;-0.5178184509277344;[];
27.59375;MPIB3;46.46633725647689;19.06016790033391;-0.7269300818443298;-0.46792641282081604;0.5025317668914795;[];
27.625;MPIB2;42.13399306251222;33.962032104989646;-0.3154202103614807;-0.45157986879348755;0.8345708250999451;[];
27.625;MPIB1;14.61977392769586;49.126601122407806;-0.027621982619166374;-0.2889999747276306;0.956902801990509;[];
27.625;MPIB4;58.018206897947266;40.036490342688154;-0.7941188216209412;-0.3214091956615448;-0.5157645344734192;[];
27.625;MPIB3;46.46633725647689;19.06016790033391;-0.7269300818443298;-0.46792641282081604;0.5025317668914795;[];
27.6875;MPIB2;42.13399306251222;33.962032104989646;-0.31973668932914734;-0.45157986879348755;0.8329266905784607;[];
27.6875;MPIB1;14.616946235151772;49.30724924614992;-0.027621982619166374;-0.2889999747276306;0.956902801990509;[];
27.6875;MPIB4;58.018206897947266;40.036490342688154;-0.7941188216209412;-0.3214091956615448;-0.5157645344734192;[];
27.6875;MPIB3;46.46633725647689;19.06016790033391;-0.7269300818443298;-0.46792641282081604;0.5025317668914795;[];
27.75;MPIB2;42.13399306251222;33.962032104989646;-0.3241243064403534;-0.45157986879348755;0.8312290906906128;[];
27.75;MPIB1;14.613855585075726;49.503834381457864;-0.030214151367545128;-0.2865208685398102;0.95756995677948;[];
27.75;MPIB4;58.018206897947266;40.036490342688154;-0.795451283454895;-0.3214091956615448;-0.513707160949707;[];
27.75;MPIB3;46.46633725647689;19.06016790033391;-0.7269300818443298;-0.46792641282081604;0.5025317668914795;[];
27.78125;MPIB2;42.13399306251222;33.962032104989646;-0.3284233808517456;-0.45157986879348755;0.829539954662323;[];
27.78125;MPIB1;14.61051138987932;49.70911279634234;-0.0326928049325943;-0.2865208685398102;0.9574885368347168;[];
27.78125;MPIB4;58.018206897947266;40.036490342688154;-0.795451283454895;-0.3214091956615448;-0.513707160949707;[];
27.78125;MPIB3;46.46633725647689;19.06016790033391;-0.7269300818443298;-0.46792641282081604;0.5025317668914795;[];
27.84375;MPIB2;42.13399306251222;33.962032104989646;-0.3327929973602295;-0.45157986879348755;0.8277965784072876;[];
27.84375;MPIB1;14.607167194682916;49.919137742426926;-0.03271894529461861;-0.2839479446411133;0.9582540392875671;[];
27.84375;MPIB4;58.018206897947266;40.036490342688154;-0.795451283454895;-0.3214091956615448;-0.513707160949707;[];
27.84375;MPIB3;46.46633725647689;19.06016790033391;-0.7269300818443298;-0.46792641282081604;0.5025317668914795;[];
27.875;MPIB2;42.13399306251222;33.962032104989646;-0.3371533751487732;-0.45157986879348755;0.8260302543640137;[];
27.875;MPIB1;14.606133694380333;50.131805919920765;-0.010087700560688972;-0.29147714376449585;0.9564966559410095;[];
27.875;MPIB4;58.018206897947266;40.036490342688154;-0.796827495098114;-0.3214091956615448;-0.5115699768066406;[];
27.875;MPIB3;46.46633725647689;19.06016790033391;-0.7269300818443298;-0.46792641282081604;0.5025317668914795;[];
27.9375;MPIB2;42.13399306251222;33.962032104989646;-0.3392904996871948;-0.45157986879348755;0.825154721736908;[];
27.9375;MPIB1;14.54177314284425;50.32445740953952;0.08138374984264374;-0.32884371280670166;0.9408394694328308;[];
27.9375;MPIB4;58.018206897947266;40.036490342688154;-0.796827495098114;-0.3214091956615448;-0.5115699768066406;[];
27.9375;MPIB3;46.46633725647689;19.06016790033391;-0.7269300818443298;-0.46792641282081604;0.5025317668914795;[];
28.0;MPIB2;42.13399306251222;33.962032104989646;-0.3392904996871948;-0.45157986879348755;0.825154721736908;[];
28.0;MPIB1;14.446786465005061;50.50975882171039;0.13441456854343414;-0.3485085368156433;0.9275838732719421;[];
28.0;MPIB4;58.018206897947266;40.036490342688154;-0.8047243356704712;-0.3214091956615448;-0.4990556240081787;[];
28.0;MPIB3;46.46633725647689;19.06016790033391;-0.7269300818443298;-0.46792641282081604;0.5025317668914795;[];
28.03125;MPIB2;42.13399306251222;33.962032104989646;-0.3409601151943207;-0.4539734125137329;0.8231505155563354;[];
28.03125;MPIB1;14.33891445517952;50.693774219693864;0.17721344530582428;-0.3582844138145447;0.9166043400764465;[];
28.03125;MPIB4;58.018206897947266;40.036490342688154;-0.9658098220825195;-0.24614089727401733;-0.08111872524023056;[];
28.03125;MPIB3;46.46633725647689;19.06016790033391;-0.7269300818443298;-0.46792641282081604;0.5025317668914795;[];
28.09375;MPIB2;42.13399306251222;33.962032104989646;-0.3409601151943207;-0.4539734125137329;0.8231505155563354;[];
28.09375;MPIB1;14.225100049720481;50.87781587476269;0.18866021931171417;-0.3656129837036133;0.9114105701446533;[];
28.09375;MPIB4;58.018206897947266;40.036490342688154;-0.9658098220825195;-0.24614089727401733;-0.08111872524023056;[];
28.09375;MPIB3;46.46633725647689;19.06016790033391;-0.7269300818443298;-0.46792641282081604;0.5025317668914795;[];
28.125;MPIB2;42.13399306251222;33.962032104989646;-0.3409601151943207;-0.4539734125137329;0.8231505155563354;[];
28.125;MPIB1;14.10848256139559;51.06216025582495;0.19325873255729675;-0.3681102991104126;0.9094395041465759;[];
28.125;MPIB4;57.92050960269876;40.02879385893826;-0.9668722748756409;-0.24353814125061035;-0.07616911828517914;[];
28.125;MPIB3;46.46633725647689;19.06016790033391;-0.7269300818443298;-0.46792641282081604;0.5025317668914795;[];
28.1875;MPIB2;42.13399306251222;33.962032104989646;-0.34316861629486084;-0.4539734125137329;0.8222322463989258;[];
28.1875;MPIB1;13.990995593982802;51.247095547166026;0.19998882710933685;-0.3729189932346344;0.9060184955596924;[];
28.1875;MPIB4;57.76939448364692;40.017916456948285;-0.9701027274131775;-0.23338942229747772;-0.0662309005856514;[];
28.1875;MPIB3;46.46633725647689;19.06016790033391;-0.7269300818443298;-0.46792641282081604;0.5025317668914795;[];
28.25;MPIB2;42.13399306251222;33.962032104989646;-0.34316861629486084;-0.4539734125137329;0.8222322463989258;[];
28.25;MPIB1;13.875258272945985;51.433732816443865;0.22219014167785645;-0.3874613642692566;0.8946712613105774;[];
28.25;MPIB4;57.58907938887364;40.00581792342399;-0.9733942151069641;-0.22069120407104492;-0.06130073592066765;[];
28.25;MPIB3;46.46633725647689;19.06016790033391;-0.7269300818443298;-0.46792641282081604;0.5025317668914795;[];
28.28125;MPIB2;42.13399306251222;33.962032104989646;-0.34316861629486084;-0.4539734125137329;0.8222322463989258;[];
28.28125;MPIB1;13.763421395220234;51.62300510170496;0.2502215504646301;-0.4067308008670807;0.8785715699195862;[];
28.28125;MPIB4;57.392837377572505;39.992799491986034;-0.9760419726371765;-0.20786167681217194;-0.06400449573993683;[];
28.28125;MPIB3;46.46633725647689;19.06016790033391;-0.7269300818443298;-0.46792641282081604;0.5025317668914795;[];
28.34375;MPIB2;42.13399306251222;33.962032104989646;-0.34529587626457214;-0.4539734125137329;0.8213412165641785;[];
28.34375;MPIB1;13.657176917704987;51.815555736165805;0.283131867647171;-0.41625523567199707;0.8639996647834778;[];
28.34375;MPIB4;57.188368752272254;39.97417089749811;-0.9744829535484314;-0.19245673716068268;-0.11535660177469254;[];
28.34375;MPIB3;46.38572468642951;19.115895922343043;-0.7269300818443298;-0.46792641282081604;0.5025317668914795;[];
28.375;MPIB2;42.13399306251222;33.962032104989646;-0.34529587626457214;-0.4539734125137329;0.8213412165641785;[];
28.375;MPIB1;13.563314897135228;52.01403656262954;0.36701563000679016;-0.4304995536804199;0.8245575428009033;[];
28.375;MPIB4;56.981497053718385;39.94087179260299;-0.9550104141235352;-0.1847361922264099;-0.23193275928497314;[];
28.375;MPIB3;46.261097648023906;19.202051447903386;-0.7249273061752319;-0.47249555587768555;0.5011472105979919;[];
28.4375;MPIB2;42.13399306251222;33.962032104989646;-0.352921724319458;-0.45858025550842285;0.8155196309089661;[];
28.4375;MPIB1;13.489215926834731;52.21975700349327;0.47552916407585144;-0.4304995536804199;0.7671164274215698;[];
28.4375;MPIB4;56.774581477592164;39.894854575529195;-0.9422925710678101;-0.1847361922264099;-0.2791459858417511;[];
28.4375;MPIB3;46.193051277150744;19.249092370323268;-0.718318521976471;-0.513526976108551;0.4692802429199219;[];
28.5;MPIB2;42.13399306251222;33.962032104989646;-0.371538907289505;-0.460964173078537;0.8058489561080933;[];
28.5;MPIB1;13.435950246898301;52.43125212004841;0.5505607724189758;-0.43283456563949585;0.7137662768363953;[];
28.5;MPIB4;56.56848424734608;39.83919363061369;-0.9333708882331848;-0.1873737871646881;-0.3060629665851593;[];
28.5;MPIB3;46.15589795433857;19.274776716947827;-0.7116360068321228;-0.533538818359375;0.4569726884365082;[];
28.53125;MPIB2;42.13399306251222;33.962032104989646;-0.38991332054138184;-0.4632597863674164;0.7957884669303894;[];
28.53125;MPIB1;13.403449783494352;52.646665250414145;0.6113810539245605;-0.44455158710479736;0.654607355594635;[];
28.53125;MPIB4;56.36375049383446;39.77560184270757;-0.9227678775787354;-0.19509032368659973;-0.3322688341140747;[];
28.53125;MPIB3;46.15589795433857;19.274776716947827;-0.7080840468406677;-0.5401714444160461;0.4546918272972107;[];
28.59375;MPIB2;42.13399306251222;33.962032104989646;-0.4190675914287567;-0.47021257877349854;0.7766613364219666;[];
28.59375;MPIB1;13.395101111256508;52.86383362854616;0.6846285462379456;-0.45858025550842285;0.5664889812469482;[];
28.59375;MPIB4;56.16011318648566;39.7067180819063;-0.9182857871055603;-0.20016539096832275;-0.34153684973716736;[];
28.59375;MPIB3;46.12453623517035;19.29645728829081;-0.706861138343811;-0.5424286723136902;0.4539065361022949;[];
28.625;MPIB2;42.07890827520305;34.04308557059443;-0.48824137449264526;-0.49539870023727417;0.7184134721755981;[];
28.625;MPIB1;13.338454750705978;53.06541366074421;0.7526980042457581;-0.45858025550842285;0.47230470180511475;[];
28.625;MPIB4;56.048927203758694;39.669107544140246;-0.9182857871055603;-0.20016539096832275;-0.34153684973716736;[];
28.625;MPIB3;46.12453623517035;19.29645728829081;-0.702079176902771;-0.5490164160728455;0.4534069001674652;[];
28.6875;MPIB2;41.98715664162688;34.163499492680245;-0.5441880226135254;-0.5022124648094177;0.671981155872345;[];
28.6875;MPIB1;13.307525834252942;53.17547637110843;0.817335844039917;-0.45858025550842285;0.34869489073753357;[];
28.6875;MPIB4;55.98821965013849;39.64857218813475;-0.9182857871055603;-0.20016539096832275;-0.34153684973716736;[];
28.6875;MPIB3;46.12453623517035;19.29645728829081;-0.702079176902771;-0.5490164160728455;0.4534069001674652;[];
28.75;MPIB2;41.872249155730685;34.30275413693897;-0.5700965523719788;-0.5067653059959412;0.6466026306152344;[];
28.75;MPIB1;13.290638643908096;53.23557061794739;0.8406624794006348;-0.45858025550842285;0.28794556856155396;[];
28.75;MPIB4;55.955073322011685;39.63735988245341;-0.9153560400009155;-0.210393026471138;-0.3432471454143524;[];
28.75;MPIB3;46.12453623517035;19.29645728829081;-0.6984862685203552;-0.5511781573295593;0.4563237428665161;[];
28.78125;MPIB2;41.740572888499486;34.448441467443416;-0.602628231048584;-0.5157464742660522;0.6089006066322327;[];
28.78125;MPIB1;13.281418236908848;53.268382080532604;0.8549438118934631;-0.446954607963562;0.26310837268829346;[];
28.78125;MPIB4;55.955073322011685;39.63735988245341;-0.90385901927948;-0.22573775053024292;-0.3633718490600586;[];
28.78125;MPIB3;46.03442493049488;19.3561493801667;-0.6875759363174438;-0.5511781573295593;0.4726031422615051;[];
28.84375;MPIB2;41.66344531900464;34.62784976680291;-0.631549060344696;-0.526954710483551;0.5686639547348022;[];
28.84375;MPIB1;13.281418236908848;53.268382080532604;0.8653599619865417;-0.4375820457935333;0.24412840604782104;[];
28.84375;MPIB4;55.955073322011685;39.63735988245341;-0.8914723992347717;-0.24614089727401733;-0.3803233206272125;[];
28.84375;MPIB3;45.910303143561805;19.443025998347224;-0.6813092827796936;-0.5511781573295593;0.48159322142601013;[];
28.875;MPIB2;41.59569879496122;34.82246513317412;-0.741971492767334;-0.513526976108551;0.4309104382991791;[];
28.875;MPIB1;13.281418236908848;53.268382080532604;0.8723902702331543;-0.4304995536804199;0.23136736452579498;[];
28.875;MPIB4;55.92169869770828;39.62789539434331;-0.876201331615448;-0.2789800465106964;-0.3929249942302704;[];
28.875;MPIB3;45.762653534933634;19.547234985404003;-0.6800603866577148;-0.5511781573295593;0.48335525393486023;[];
28.9375;MPIB2;41.52384935243555;35.02245233677857;-0.7874026298522949;-0.49997231364250183;0.3604743182659149;[];
28.9375;MPIB1;13.276383894102537;53.30141953289953;0.8770387768745422;-0.42807504534721375;0.21790041029453278;[];
28.9375;MPIB4;55.92169869770828;39.62789539434331;-0.8672605752944946;-0.29651716351509094;-0.3998529314994812;[];
28.9375;MPIB3;45.68203683925867;19.60413309894588;-0.6788069009780884;-0.5511781573295593;0.4851140081882477;[];
29.0;MPIB2;41.44466593301817;35.22331708277679;-0.8132256865501404;-0.48629406094551086;0.3195318281650543;[];
29.0;MPIB1;13.276383894102537;53.30141953289953;0.8922683000564575;-0.42095696926116943;0.16303138434886932;[];
29.0;MPIB4;55.92169869770828;39.62789539434331;-0.8648181557655334;-0.3014575242996216;-0.40144461393356323;[];
29.0;MPIB3;45.63802011830762;19.63519947254818;-0.6726112365722656;-0.5555702447891235;0.4887200891971588;[];
29.03125;MPIB2;41.35626524755418;35.422207967624246;-0.839755117893219;-0.46792641282081604;0.2752760946750641;[];
29.03125;MPIB1;13.276383894102537;53.30141953289953;0.897243082523346;-0.41625523567199707;0.14701634645462036;[];
29.03125;MPIB4;55.92169869770828;39.62789539434331;-0.8648181557655334;-0.3014575242996216;-0.40144461393356323;[];
29.03125;MPIB3;45.63802011830762;19.63519947254818;-0.664129376411438;-0.5663641095161438;0.4879286587238312;[];
29.09375;MPIB2;41.25463648930264;35.61537482288867;-0.870189368724823;-0.45157986879348755;0.19689790904521942;[];
29.09375;MPIB1;13.276383894102537;53.30141953289953;0.9019448161125183;-0.4114549458026886;0.1308758407831192;[];
29.09375;MPIB4;55.92169869770828;39.62789539434331;-0.8648181557655334;-0.3014575242996216;-0.40144461393356323;[];
29.09375;MPIB3;45.60086489404557;19.66142309968953;-0.6603679656982422;-0.5684955716133118;0.4905478358268738;[];
29.125;MPIB2;41.10160628074088;35.73031870269162;-0.8994686603546143;-0.42807504534721375;0.08737108111381531;[];
29.125;MPIB1;13.276383894102537;53.30141953289953;0.9046391844749451;-0.4090942442417145;0.11915683001279831;[];
29.125;MPIB4;55.92169869770828;39.62789539434331;-0.8648181557655334;-0.3014575242996216;-0.40144461393356323;[];
29.125;MPIB3;45.60086489404557;19.66142309968953;-0.6603679656982422;-0.5684955716133118;0.4905478358268738;[];
29.1875;MPIB2;40.920117501295536;35.796666397422996;-0.909672200679779;-0.4139001667499542;0.03333054855465889;[];
29.1875;MPIB1;13.276383894102537;53.30141953289953;0.9079643487930298;-0.404276967048645;0.10995466262102127;[];
29.1875;MPIB4;55.92169869770828;39.62789539434331;-0.8648181557655334;-0.3014575242996216;-0.40144461393356323;[];
29.1875;MPIB3;45.60086489404557;19.66142309968953;-0.6566846966743469;-0.5728257298469543;0.49045470356941223;[];
29.25;MPIB2;40.821024616208476;35.832892242954074;-0.9113876223564148;-0.4114549458026886;0.0023592165671288967;[];
29.25;MPIB1;13.276383894102537;53.30141953289953;0.9088007211685181;-0.404276967048645;0.1028132364153862;[];
29.25;MPIB4;55.92169869770828;39.62789539434331;-0.8648181557655334;-0.3014575242996216;-0.40144461393356323;[];
29.25;MPIB3;45.648633706819965;19.74484574601226;-0.6554128527641296;-0.5728257298469543;0.4921529293060303;[];
29.28125;MPIB2;40.76691989466653;35.852671556911446;-0.9140682220458984;-0.404276967048645;-0.031122509390115738;[];
29.28125;MPIB1;13.276383894102537;53.30141953289953;0.9103678464889526;-0.4019079804420471;0.09813152253627777;[];
29.28125;MPIB4;55.92169869770828;39.62789539434331;-0.8648181557655334;-0.3014575242996216;-0.40144461393356323;[];
29.28125;MPIB3;45.66667848442103;19.886636654803766;-0.6554128527641296;-0.5728257298469543;0.4921529293060303;[];
29.34375;MPIB2;40.737378713273344;35.86347106358656;-0.9148666858673096;-0.3995363116264343;-0.05761489272117615;[];
29.34375;MPIB1;13.276383894102537;53.30141953289953;0.9118958115577698;-0.3995363116264343;0.09352294355630875;[];
29.34375;MPIB4;55.92169869770828;39.62789539434331;-0.8648181557655334;-0.3014575242996216;-0.40144461393356323;[];
29.34375;MPIB3;45.662446129332466;20.06305760635189;-0.6554128527641296;-0.5728257298469543;0.4921529293060303;[];
29.375;MPIB2;40.737378713273344;35.86347106358656;-0.9143854975700378;-0.3995363116264343;-0.06480539590120316;[];
29.375;MPIB1;13.276383894102537;53.30141953289953;0.9131990075111389;-0.39707398414611816;0.09126845747232437;[];
29.375;MPIB4;55.92169869770828;39.62789539434331;-0.8640807867050171;-0.30401602387428284;-0.40110236406326294;[];
29.375;MPIB3;45.58423278779833;20.21843150251226;-0.6529510021209717;-0.5749456286430359;0.49295273423194885;[];
29.4375;MPIB2;40.737378713273344;35.86347106358656;-0.9149208068847656;-0.39707398414611816;-0.07198817282915115;[];
29.4375;MPIB1;13.276383894102537;53.30141953289953;0.9204270243644714;-0.38259485363960266;0.07979586720466614;[];
29.4375;MPIB4;55.92169869770828;39.62789539434331;-0.8640807867050171;-0.30401602387428284;-0.40110236406326294;[];
29.4375;MPIB3;45.54152829836039;20.303265659669535;-0.6493229269981384;-0.5813601613044739;0.49021366238594055;[];
29.5;MPIB2;40.7076340662432;35.872587101395936;-0.914528489112854;-0.39707398414611816;-0.07681158930063248;[];
29.5;MPIB1;13.276383894102537;53.30141953289953;0.922797441482544;-0.3778064548969269;0.07510101050138474;[];
29.5;MPIB4;55.92169869770828;39.62789539434331;-0.8640807867050171;-0.30401602387428284;-0.40110236406326294;[];
29.5;MPIB3;45.518211644419125;20.349585114857547;-0.6469761729240417;-0.5940809845924377;0.47791001200675964;[];
29.53125;MPIB2;40.7076340662432;35.872587101395936;-0.914326548576355;-0.39707398414611816;-0.07917866855859756;[];
29.53125;MPIB1;13.276383894102537;53.30141953289953;0.9249623417854309;-0.3729189932346344;0.0728674978017807;[];
29.53125;MPIB4;55.92169869770828;39.62789539434331;-0.8640807867050171;-0.30401602387428284;-0.40110236406326294;[];
29.53125;MPIB3;45.518211644419125;20.349585114857547;-0.6481289863586426;-0.6003865003585815;0.46837255358695984;[];
29.59375;MPIB2;40.7076340662432;35.872587101395936;-0.9141107201576233;-0.39707398414611816;-0.08163285255432129;[];
29.59375;MPIB1;13.276383894102537;53.30141953289953;0.9259218573570251;-0.3705158829689026;0.07294309139251709;[];
29.59375;MPIB4;55.92169869770828;39.62789539434331;-0.8640807867050171;-0.30401602387428284;-0.40110236406326294;[];
29.59375;MPIB3;45.49852968066716;20.388684114238373;-0.6407170295715332;-0.5961612462997437;0.48371654748916626;[];
29.625;MPIB2;40.7076340662432;35.872587101395936;-0.9141107201576233;-0.39707398414611816;-0.08163285255432129;[];
29.625;MPIB1;13.276383894102537;53.30141953289953;0.9280432462692261;-0.3656129837036133;0.07069346308708191;[];
29.625;MPIB4;55.92169869770828;39.62789539434331;-0.8640807867050171;-0.30401602387428284;-0.40110236406326294;[];
29.625;MPIB3;45.49852968066716;20.388684114238373;-0.5960407257080078;-0.5511781573295593;0.583823561668396;[];
29.6875;MPIB2;40.7076340662432;35.872587101395936;-0.9146962761878967;-0.3946968615055084;-0.08646072447299957;[];
29.6875;MPIB1;13.276383894102537;53.30141953289953;0.9280432462692261;-0.3656129837036133;0.07069346308708191;[];
29.6875;MPIB4;55.92169869770828;39.62789539434331;-0.8633638620376587;-0.3064810633659363;-0.40076956152915955;[];
29.6875;MPIB3;45.50441206360233;20.499870746806295;-0.5493900775909424;-0.5022124648094177;0.6677349209785461;[];
29.75;MPIB2;40.7076340662432;35.872587101395936;-0.9150019288063049;-0.39231711626052856;-0.09375285357236862;[];
29.75;MPIB1;13.276383894102537;53.30141953289953;0.9280432462692261;-0.3656129837036133;0.07069346308708191;[];
29.75;MPIB4;55.92169869770828;39.62789539434331;-0.8750279545783997;-0.3014575242996216;-0.37867432832717896;[];
29.75;MPIB3;45.524056084840595;20.655425656137396;-0.5242362022399902;-0.4816797375679016;0.7021965980529785;[];
29.78125;MPIB2;40.7076340662432;35.872587101395936;-0.9142365455627441;-0.39231711626052856;-0.10094330459833145;[];
29.78125;MPIB1;13.276383894102537;53.30141953289953;0.9280432462692261;-0.3656129837036133;0.07069346308708191;[];
29.78125;MPIB4;55.92169869770828;39.62789539434331;-0.8888481259346008;-0.29651716351509094;-0.3492453098297119;[];
29.78125;MPIB3;45.556604014040204;20.837944086179363;-0.472200483083725;-0.47249555587768555;0.7441067099571228;[];
29.84375;MPIB2;40.7076340662432;35.872587101395936;-0.9136916399002075;-0.39231711626052856;-0.10576270520687103;[];
29.84375;MPIB1;13.276383894102537;53.30141953289953;0.9280432462692261;-0.3656129837036133;0.07069346308708191;[];
29.84375;MPIB4;55.92169869770828;39.62789539434331;-0.9089304208755493;-0.29147714376449585;-0.2980486750602722;[];
29.84375;MPIB3;45.59950001098446;21.03439141142914;-0.4490843415260315;-0.4632597863674164;0.7639600038528442;[];
29.875;MPIB2;40.7076340662432;35.872587101395936;-0.9134147763252258;-0.39231711626052856;-0.10812751948833466;[];
29.875;MPIB1;13.276383894102537;53.30141953289953;0.9280432462692261;-0.3656129837036133;0.07069346308708191;[];
29.875;MPIB4;55.92169869770828;39.62789539434331;-0.912766695022583;-0.29147714376449585;-0.28608477115631104;[];
29.875;MPIB3;45.57348520644041;21.226268905691143;-0.4476354420185089;-0.460964173078537;0.7661958932876587;[];
29.9375;MPIB2;40.7076340662432;35.872587101395936;-0.9134147763252258;-0.39231711626052856;-0.10812751948833466;[];
29.9375;MPIB1;13.276383894102537;53.30141953289953;0.9282296895980835;-0.3656129837036133;0.06820190697908401;[];
29.9375;MPIB4;55.92169869770828;39.62789539434331;-0.912766695022583;-0.29147714376449585;-0.28608477115631104;[];
29.9375;MPIB3;45.510064303445006;21.41577895999427;-0.445650577545166;-0.460964173078537;0.7673520445823669;[];
30.0;MPIB2;40.7076340662432;35.872587101395936;-0.9134147763252258;-0.39231711626052856;-0.10812751948833466;[];
30.0;MPIB1;13.276383894102537;53.30141953289953;0.9419899582862854;-0.32884371280670166;0.066761814057827;[];
30.0;MPIB4;55.92169869770828;39.62789539434331;-0.912766695022583;-0.29147714376449585;-0.28608477115631104;[];
30.0;MPIB3;45.42913192518972;21.6056220937148;-0.418715238571167;-0.4632597863674164;0.781018078327179;[];
30.03125;MPIB2;40.7076340662432;35.872587101395936;-0.9134147763252258;-0.39231711626052856;-0.10812751948833466;[];
30.03125;MPIB1;13.374205174462759;53.30732580371645;0.9599801301956177;-0.2739124894142151;0.057961516082286835;[];
30.03125;MPIB4;55.92169869770828;39.62789539434331;-0.912766695022583;-0.29147714376449585;-0.28608477115631104;[];
30.03125;MPIB3;45.34206825569254;21.79740005397062;-0.38502320647239685;-0.47477537393569946;0.7913692593574524;[];
30.09375;MPIB2;40.7076340662432;35.872587101395936;-0.9139721989631653;-0.39231711626052856;-0.10330954939126968;[];
30.09375;MPIB1;13.52543688010337;53.31645689877399;0.9641616940498352;-0.2587572932243347;0.058213990181684494;[];
30.09375;MPIB4;55.92169869770828;39.62789539434331;-0.912766695022583;-0.29147714376449585;-0.28608477115631104;[];
30.09375;MPIB3;45.256326537276436;21.99235704789541;-0.33862772583961487;-0.49539870023727417;0.7998929619789124;[];
30.125;MPIB2;40.7076340662432;35.872587101395936;-0.9150019288063049;-0.39231711626052856;-0.09375285357236862;[];
30.125;MPIB1;13.705830681334419;53.327348748071415;0.9641616940498352;-0.2587572932243347;0.058213990181684494;[];
30.125;MPIB4;55.92169869770828;39.62789539434331;-0.912766695022583;-0.29147714376449585;-0.28608477115631104;[];
30.125;MPIB3;45.209511553583525;22.09880357894238;-0.33132463693618774;-0.49997231364250183;0.8001053929328918;[];
30.1875;MPIB2;40.7076340662432;35.872587101395936;-0.915241539478302;-0.39231711626052856;-0.09138397127389908;[];
30.1875;MPIB1;13.902161971724809;53.33894872871761;0.9649748802185059;-0.25625601410865784;0.05575644224882126;[];
30.1875;MPIB4;55.92169869770828;39.62789539434331;-0.912766695022583;-0.29147714376449585;-0.28608477115631104;[];
30.1875;MPIB3;45.183950569518174;22.156923391644796;-0.32774755358695984;-0.5067653059959412;0.7972996234893799;[];
30.25;MPIB2;40.7076340662432;35.872587101395936;-0.9149170517921448;-0.3946968615055084;-0.0840926542878151;[];
30.25;MPIB1;14.10727206690217;53.349396395846924;0.9493798613548279;-0.3114960789680481;0.03989049419760704;[];
30.25;MPIB4;55.92169869770828;39.62789539434331;-0.912766695022583;-0.29147714376449585;-0.28608477115631104;[];
30.25;MPIB3;45.1699942705975;22.188656813066245;-0.32779574394226074;-0.5246713161468506;0.7856107950210571;[];
30.28125;MPIB2;40.7076340662432;35.872587101395936;-0.9141107201576233;-0.39707398414611816;-0.08163285255432129;[];
30.28125;MPIB1;14.31717539005001;53.35921489972296;0.9493798613548279;-0.3114960789680481;0.03989049419760704;[];
30.28125;MPIB4;55.92169869770828;39.62789539434331;-0.912766695022583;-0.29147714376449585;-0.28608477115631104;[];
30.28125;MPIB3;45.1699942705975;22.188656813066245;-0.3332381844520569;-0.5358073711395264;0.77574223279953;[];
30.34375;MPIB2;40.7076340662432;35.872587101395936;-0.914326548576355;-0.39707398414611816;-0.07917866855859756;[];
30.34375;MPIB1;14.529695815973696;53.36868988042278;0.9493798613548279;-0.3114960789680481;0.03989049419760704;[];
30.34375;MPIB4;55.92169869770828;39.62789539434331;-0.912766695022583;-0.29147714376449585;-0.28608477115631104;[];
30.34375;MPIB3;45.1699942705975;22.188656813066245;-0.3438771367073059;-0.5490164160728455;0.7617358565330505;[];
30.375;MPIB2;40.7076340662432;35.872587101395936;-0.914326548576355;-0.39707398414611816;-0.07917866855859756;[];
30.375;MPIB1;14.743645180178987;53.37797729744662;0.9477554559707642;-0.31641149520874023;0.03982224315404892;[];
30.375;MPIB4;55.92169869770828;39.62789539434331;-0.912766695022583;-0.29147714376449585;-0.28608477115631104;[];
30.375;MPIB3;45.158213533525895;22.220608799233503;-0.34754565358161926;-0.5898310542106628;0.7288484573364258;[];
30.4375;MPIB2;40.7076340662432;35.872587101395936;-0.914326548576355;-0.39707398414611816;-0.07917866855859756;[];
30.4375;MPIB1;14.95837474477662;53.38716230469146;0.9477554559707642;-0.31641149520874023;0.03982224315404892;[];
30.4375;MPIB4;55.92169869770828;39.62789539434331;-0.912766695022583;-0.29147714376449585;-0.28608477115631104;[];
30.4375;MPIB3;45.158213533525895;22.220608799233503;-0.34686279296875;-0.5919966697692871;0.7274163961410522;[];
30.5;MPIB2;40.7076340662432;35.872587101395936;-0.914326548576355;-0.39707398414611816;-0.07917866855859756;[];
30.5;MPIB1;15.173519301781084;53.39654484072801;0.945134162902832;-0.3238593637943268;0.04216326028108597;[];
30.5;MPIB4;55.92169869770828;39.62789539434331;-0.912766695022583;-0.29147714376449585;-0.28608477115631104;[];
30.5;MPIB3;45.158213533525895;22.220608799233503;-0.34686279296875;-0.5919966697692871;0.7274163961410522;[];
30.53125;MPIB2;40.7076340662432;35.872587101395936;-0.914326548576355;-0.39707398414611816;-0.07917866855859756;[];
30.53125;MPIB1;15.38885300549839;53.406804760714294;0.9447734951972961;-0.3238593637943268;0.04959220066666603;[];
30.53125;MPIB4;55.92169869770828;39.62789539434331;-0.912766695022583;-0.29147714376449585;-0.28608477115631104;[];
30.53125;MPIB3;45.158213533525895;22.220608799233503;-0.33095309138298035;-0.5940809845924377;0.7331072688102722;[];
30.59375;MPIB2;40.7076340662432;35.872587101395936;-0.914326548576355;-0.39707398414611816;-0.07917866855859756;[];
30.59375;MPIB1;15.604289983332933;53.4175437323928;0.9447734951972961;-0.3238593637943268;0.04959220066666603;[];
30.59375;MPIB4;55.92169869770828;39.62789539434331;-0.912766695022583;-0.29147714376449585;-0.28608477115631104;[];
30.59375;MPIB3;45.158213533525895;22.220608799233503;-0.28336846828460693;-0.5898310542106628;0.7561152577400208;[];
30.625;MPIB2;40.7076340662432;35.872587101395936;-0.914326548576355;-0.39707398414611816;-0.07917866855859756;[];
30.625;MPIB1;15.819783348842066;53.428544266325616;0.9439328908920288;-0.32630735635757446;0.04954807460308075;[];
30.625;MPIB4;55.92169869770828;39.62789539434331;-0.912766695022583;-0.29147714376449585;-0.28608477115631104;[];
30.625;MPIB3;45.158213533525895;22.220608799233503;-0.2794501483440399;-0.5898310542106628;0.7575721740722656;[];
30.6875;MPIB2;40.7076340662432;35.872587101395936;-0.914326548576355;-0.39707398414611816;-0.07917866855859756;[];
30.6875;MPIB1;15.937442740076449;53.4345505585506;0.9422010183334351;-0.3312872350215912;0.04945716634392738;[];
30.6875;MPIB4;55.92169869770828;39.62789539434331;-0.912766695022583;-0.29147714376449585;-0.28608477115631104;[];
30.6875;MPIB3;45.158213533525895;22.220608799233503;-0.2794501483440399;-0.5898310542106628;0.7575721740722656;[];
30.75;MPIB2;40.7076340662432;35.872587101395936;-0.914326548576355;-0.39707398414611816;-0.07917866855859756;[];
30.75;MPIB1;16.001684775152285;53.43782999448635;0.9414660334587097;-0.33372852206230164;0.04697512462735176;[];
30.75;MPIB4;55.92169869770828;39.62789539434331;-0.912766695022583;-0.29147714376449585;-0.28608477115631104;[];
30.75;MPIB3;45.158213533525895;22.220608799233503;-0.2794501483440399;-0.5898310542106628;0.7575721740722656;[];
30.78125;MPIB2;40.7076340662432;35.872587101395936;-0.914326548576355;-0.39707398414611816;-0.07917866855859756;[];
30.78125;MPIB1;16.03676093037791;53.43782999448635;0.939155101776123;-0.3411290943622589;0.03946087509393692;[];
30.78125;MPIB4;55.92169869770828;39.62789539434331;-0.912766695022583;-0.29147714376449585;-0.28608477115631104;[];
30.78125;MPIB3;45.158213533525895;22.220608799233503;-0.2794501483440399;-0.5898310542106628;0.7575721740722656;[];
30.84375;MPIB2;40.7076340662432;35.872587101395936;-0.914326548576355;-0.39707398414611816;-0.07917866855859756;[];
30.84375;MPIB1;16.03676093037791;53.43782999448635;0.9396594166755676;-0.3411290943622589;0.024689989164471626;[];
30.84375;MPIB4;55.92169869770828;39.62789539434331;-0.912766695022583;-0.29147714376449585;-0.28608477115631104;[];
30.84375;MPIB3;45.158213533525895;22.220608799233503;-0.29149681329727173;-0.5813601613044739;0.759578287601471;[];
30.875;MPIB2;40.7076340662432;35.872587101395936;-0.9122274518013;-0.4019079804420471;-0.07899688929319382;[];
30.875;MPIB1;16.03676093037791;53.43782999448635;0.9398245215415955;-0.3411290943622589;0.017302026972174644;[];
30.875;MPIB4;55.92169869770828;39.62789539434331;-0.912766695022583;-0.29147714376449585;-0.28608477115631104;[];
30.875;MPIB3;45.158213533525895;22.220608799233503;-0.2935348153114319;-0.5813601613044739;0.7587931156158447;[];
30.9375;MPIB2;40.7076340662432;35.872587101395936;-0.9122274518013;-0.4019079804420471;-0.07899688929319382;[];
30.9375;MPIB1;16.07207867351326;53.43782999448635;0.9398245215415955;-0.3411290943622589;0.017302026972174644;[];
30.9375;MPIB4;55.92169869770828;39.62789539434331;-0.912766695022583;-0.29147714376449585;-0.28608477115631104;[];
30.9375;MPIB3;45.158213533525895;22.220608799233503;-0.2935348153114319;-0.5813601613044739;0.7587931156158447;[];
31.0;MPIB2;40.7076340662432;35.872587101395936;-0.9122274518013;-0.4019079804420471;-0.07899688929319382;[];
31.0;MPIB1;16.07207867351326;53.43782999448635;0.9398245215415955;-0.3411290943622589;0.017302026972174644;[];
31.0;MPIB4;55.92169869770828;39.62789539434331;-0.912766695022583;-0.29147714376449585;-0.28608477115631104;[];
31.0;MPIB3;45.158213533525895;22.220608799233503;-0.2935348153114319;-0.5813601613044739;0.7587931156158447;[];
31.03125;MPIB2;40.7076340662432;35.872587101395936;-0.9122274518013;-0.4019079804420471;-0.07899688929319382;[];
31.03125;MPIB1;16.07207867351326;53.43782999448635;0.9398245215415955;-0.3411290943622589;0.017302026972174644;[];
31.03125;MPIB4;55.92169869770828;39.62789539434331;-0.912766695022583;-0.29147714376449585;-0.28608477115631104;[];
31.03125;MPIB3;45.158213533525895;22.220608799233503;-0.2935348153114319;-0.5813601613044739;0.7587931156158447;[];
31.09375;MPIB2;40.7076340662432;35.872587101395936;-0.9122274518013;-0.4019079804420471;-0.07899688929319382;[];
31.09375;MPIB1;16.07207867351326;53.43782999448635;0.9398245215415955;-0.3411290943622589;0.017302026972174644;[];
31.09375;MPIB4;55.92169869770828;39.62789539434331;-0.912766695022583;-0.29147714376449585;-0.28608477115631104;[];
31.09375;MPIB3;45.158213533525895;22.220608799233503;-0.2935348153114319;-0.5813601613044739;0.7587931156158447;[];
31.125;MPIB2;40.7076340662432;35.872587101395936;-0.9101029634475708;-0.4067308008670807;-0.07881291210651398;[];
31.125;MPIB1;16.07207867351326;53.43782999448635;0.9398245215415955;-0.3411290943622589;0.017302026972174644;[];
31.125;MPIB4;55.92169869770828;39.62789539434331;-0.912766695022583;-0.29147714376449585;-0.28608477115631104;[];
31.125;MPIB3;45.158213533525895;22.220608799233503;-0.2935348153114319;-0.5813601613044739;0.7587931156158447;[];
31.1875;MPIB2;40.7076340662432;35.872587101395936;-0.9025288820266724;-0.4233904778957367;-0.07815701514482498;[];
31.1875;MPIB1;16.07207867351326;53.43782999448635;0.9398245215415955;-0.3411290943622589;0.017302026972174644;[];
31.1875;MPIB4;55.92169869770828;39.62789539434331;-0.912766695022583;-0.29147714376449585;-0.28608477115631104;[];
31.1875;MPIB3;45.158213533525895;22.220608799233503;-0.2935348153114319;-0.5813601613044739;0.7587931156158447;[];
31.25;MPIB2;40.7076340662432;35.872587101395936;-0.8957840204238892;-0.4375820457935333;-0.07757291942834854;[];
31.25;MPIB1;16.07207867351326;53.43782999448635;0.9398245215415955;-0.3411290943622589;0.017302026972174644;[];
31.25;MPIB4;55.92169869770828;39.62789539434331;-0.912766695022583;-0.29147714376449585;-0.28608477115631104;[];
31.25;MPIB3;45.158213533525895;22.220608799233503;-0.2935348153114319;-0.5813601613044739;0.7587931156158447;[];
31.28125;MPIB2;40.7076340662432;35.872587101395936;-0.8884044289588928;-0.4539734125137329;-0.06758832186460495;[];
31.28125;MPIB1;16.07207867351326;53.43782999448635;0.9398245215415955;-0.3411290943622589;0.017302026972174644;[];
31.28125;MPIB4;55.92169869770828;39.62789539434331;-0.912766695022583;-0.29147714376449585;-0.28608477115631104;[];
31.28125;MPIB3;45.158213533525895;22.220608799233503;-0.2935348153114319;-0.5813601613044739;0.7587931156158447;[];
31.34375;MPIB2;40.7076340662432;35.872587101395936;-0.8829262256622314;-0.46555230021476746;-0.06019413843750954;[];
31.34375;MPIB1;16.07207867351326;53.43782999448635;0.9398245215415955;-0.3411290943622589;0.017302026972174644;[];
31.34375;MPIB4;55.92169869770828;39.62789539434331;-0.912766695022583;-0.29147714376449585;-0.28608477115631104;[];
31.34375;MPIB3;45.158213533525895;22.220608799233503;-0.2935348153114319;-0.5813601613044739;0.7587931156158447;[];
31.375;MPIB2;40.7076340662432;35.872587101395936;-0.8818286061286926;-0.46792641282081604;-0.05782640352845192;[];
31.375;MPIB1;16.07207867351326;53.43782999448635;0.9398245215415955;-0.3411290943622589;0.017302026972174644;[];
31.375;MPIB4;55.92169869770828;39.62789539434331;-0.912766695022583;-0.29147714376449585;-0.28608477115631104;[];
31.375;MPIB3;45.158213533525895;22.220608799233503;-0.2935348153114319;-0.5813601613044739;0.7587931156158447;[];
31.4375;MPIB2;40.7076340662432;35.872587101395936;-0.8793990015983582;-0.47249555587768555;-0.0576670840382576;[];
31.4375;MPIB1;16.07207867351326;53.43782999448635;0.9398245215415955;-0.3411290943622589;0.017302026972174644;[];
31.4375;MPIB4;55.92169869770828;39.62789539434331;-0.9164192080497742;-0.2865208685398102;-0.27933651208877563;[];
31.4375;MPIB3;45.158213533525895;22.220608799233503;-0.2935348153114319;-0.5813601613044739;0.7587931156158447;[];
31.5;MPIB2;40.7076340662432;35.872587101395936;-0.8769001960754395;-0.4771362841129303;-0.05750322341918945;[];
31.5;MPIB1;16.07207867351326;53.43782999448635;0.9398245215415955;-0.3411290943622589;0.017302026972174644;[];
31.5;MPIB4;55.92169869770828;39.62789539434331;-0.9531646370887756;-0.23338942229747772;-0.19225764274597168;[];
31.5;MPIB3;45.158213533525895;22.220608799233503;-0.2935348153114319;-0.5813601613044739;0.7587931156158447;[];
31.53125;MPIB2;40.7076340662432;35.872587101395936;-0.8755130171775818;-0.4794096350669861;-0.059688735753297806;[];
31.53125;MPIB1;16.07207867351326;53.43782999448635;0.9398245215415955;-0.3411290943622589;0.017302026972174644;[];
31.53125;MPIB4;55.92169869770828;39.62789539434331;-0.9723366498947144;-0.18991589546203613;-0.13585878908634186;[];
31.53125;MPIB3;45.158213533525895;22.220608799233503;-0.2935348153114319;-0.5813601613044739;0.7587931156158447;[];
31.59375;MPIB2;40.7076340662432;35.872587101395936;-0.8748414516448975;-0.4794096350669861;-0.06883463263511658;[];
31.59375;MPIB1;16.07207867351326;53.43782999448635;0.9398245215415955;-0.3411290943622589;0.017302026972174644;[];
31.59375;MPIB4;55.8245713867766;39.614846153187926;-0.9763246774673462;-0.17190642654895782;-0.1311710923910141;[];
31.59375;MPIB3;45.158213533525895;22.220608799233503;-0.2935348153114319;-0.5813601613044739;0.7587931156158447;[];
31.625;MPIB2;40.7076340662432;35.872587101395936;-0.8696697354316711;-0.4816797375679016;-0.10760213434696198;[];
31.625;MPIB1;16.07207867351326;53.43782999448635;0.9398245215415955;-0.3411290943622589;0.017302026972174644;[];
31.625;MPIB4;55.67437909735895;39.59492349101117;-0.9775465726852417;-0.1667095124721527;-0.12876001000404358;[];
31.625;MPIB3;45.158213533525895;22.220608799233503;-0.2935348153114319;-0.5813601613044739;0.7587931156158447;[];
31.6875;MPIB2;40.61177652796033;35.852207468684526;-0.8714935183525085;-0.4539734125137329;-0.18528242409229279;[];
31.6875;MPIB1;16.07207867351326;53.43782999448635;0.9398245215415955;-0.3411290943622589;0.017302026972174644;[];
31.6875;MPIB4;55.495213326322755;39.571247940520834;-0.9779713749885559;-0.16415658593177795;-0.12881596386432648;[];
31.6875;MPIB3;45.158213533525895;22.220608799233503;-0.2935348153114319;-0.5813601613044739;0.7587931156158447;[];
31.75;MPIB2;40.46062873590458;35.85646412067112;-0.7367784976959229;-0.4090942442417145;-0.538263738155365;[];
31.75;MPIB1;16.07207867351326;53.43782999448635;0.9398245215415955;-0.3411290943622589;0.017302026972174644;[];
31.75;MPIB4;55.300228032485165;39.5455233127733;-0.9788165092468262;-0.15895280241966248;-0.12892727553844452;[];
31.75;MPIB3;45.158213533525895;22.220608799233503;-0.2935348153114319;-0.5813601613044739;0.7587931156158447;[];
31.78125;MPIB2;40.280076240509416;35.83669187419113;-0.5048932433128357;-0.4090942442417145;-0.7600350379943848;[];
31.78125;MPIB1;16.07207867351326;53.43782999448635;0.9398245215415955;-0.3411290943622589;0.017302026972174644;[];
31.78125;MPIB4;55.09660527819483;39.518679888713365;-0.9796196818351746;-0.1538393348455429;-0.12903307378292084;[];
31.78125;MPIB3;45.158213533525895;22.220608799233503;-0.2935348153114319;-0.5813601613044739;0.7587931156158447;[];
31.84375;MPIB2;40.08407793469571;35.80331311423848;-0.48282718658447266;-0.4090942442417145;-0.7742404937744141;[];
31.84375;MPIB1;16.07207867351326;53.43782999448635;0.9398245215415955;-0.3411290943622589;0.017302026972174644;[];
31.84375;MPIB4;54.88867469471097;39.488436728406555;-0.9755037426948547;-0.1538393348455429;-0.15715178847312927;[];
31.84375;MPIB3;45.158213533525895;22.220608799233503;-0.2935348153114319;-0.5813601613044739;0.7587931156158447;[];
31.875;MPIB2;39.87982676533353;35.76174005224186;-0.4767255187034607;-0.4090942442417145;-0.7780122756958008;[];
31.875;MPIB1;16.07207867351326;53.43782999448635;0.9398245215415955;-0.3411290943622589;0.017302026972174644;[];
31.875;MPIB4;54.678560203268944;39.45532709418944;-0.9738082885742188;-0.1538393348455429;-0.16733726859092712;[];
31.875;MPIB3;45.158213533525895;22.220608799233503;-0.2935348153114319;-0.5813601613044739;0.7587931156158447;[];
31.9375;MPIB2;39.67151336303665;35.71391633221796;-0.4629347026348114;-0.4067308008670807;-0.7875216007232666;[];
31.9375;MPIB1;16.075196003347287;53.43782999448635;0.9398245215415955;-0.3411290943622589;0.017302026972174644;[];
31.9375;MPIB4;54.46743369885121;39.41963471630882;-0.9719893932342529;-0.1538393348455429;-0.17759765684604645;[];
31.9375;MPIB3;45.158213533525895;22.220608799233503;-0.2954980432987213;-0.5813601613044739;0.7580307126045227;[];
32.0;MPIB2;39.461893001042284;35.65940059553188;-0.4358683228492737;-0.4067308008670807;-0.8028185367584229;[];
32.0;MPIB1;16.075196003347287;53.43782999448635;0.9398245215415955;-0.3411290943622589;0.017302026972174644;[];
32.0;MPIB4;54.255943976889284;39.38152569481892;-0.9692850112915039;-0.15895280241966248;-0.18759137392044067;[];
32.0;MPIB3;45.158213533525895;22.220608799233503;-0.2954980432987213;-0.5813601613044739;0.7580307126045227;[];
32.03125;MPIB2;39.25186110040876;35.60023060551532;-0.4279645085334778;-0.404276967048645;-0.8082917928695679;[];
32.03125;MPIB1;16.075196003347287;53.43782999448635;0.9398245215415955;-0.3411290943622589;0.017302026972174644;[];
32.03125;MPIB4;54.04445577759816;39.34109275436836;-0.9668499231338501;-0.16160255670547485;-0.19762399792671204;[];
32.03125;MPIB3;45.158213533525895;22.220608799233503;-0.294950395822525;-0.5834643840789795;0.7566258311271667;[];
32.09375;MPIB2;39.04530632807233;35.52844529149672;-0.3396441638469696;-0.3995363116264343;-0.8514354825019836;[];
32.09375;MPIB1;16.075196003347287;53.43782999448635;0.9398245215415955;-0.3411290943622589;0.017302026972174644;[];
32.09375;MPIB4;53.833125669089895;39.29863673360671;-0.9648537039756775;-0.16415658593177795;-0.20513111352920532;[];
32.09375;MPIB3;45.158213533525895;22.220608799233503;-0.294950395822525;-0.5834643840789795;0.7566258311271667;[];
32.125;MPIB2;38.845278756103625;35.440386718285964;-0.2502100467681885;-0.3874613642692566;-0.8872429728507996;[];
32.125;MPIB1;16.075196003347287;53.43782999448635;0.9398245215415955;-0.3411290943622589;0.017302026972174644;[];
32.125;MPIB4;53.62199067153688;39.25457093542539;-0.9624673128128052;-0.17190642654895782;-0.2099342942237854;[];
32.125;MPIB3;45.158213533525895;22.220608799233503;-0.29438039660453796;-0.5856424570083618;0.7551636099815369;[];
32.1875;MPIB2;38.72429127538503;35.295016402093125;-0.11145692318677902;-0.3729189932346344;-0.9211093187332153;[];
32.1875;MPIB1;16.075196003347287;53.43782999448635;0.9398245215415955;-0.3411290943622589;0.017302026972174644;[];
32.1875;MPIB4;53.50671094948302;39.230511006823775;-0.9585181474685669;-0.1847361922264099;-0.2169806808233261;[];
32.1875;MPIB3;45.158213533525895;22.220608799233503;-0.2932750880718231;-0.5898310542106628;0.7523282170295715;[];
32.25;MPIB2;38.65489729810318;35.11770096131852;-0.03157271817326546;-0.3729189932346344;-0.9272907972335815;[];
32.25;MPIB1;16.075196003347287;53.43782999448635;0.9398245215415955;-0.3411290943622589;0.017302026972174644;[];
32.25;MPIB4;53.443768213930525;39.21737428428142;-0.9580307602882385;-0.1873737871646881;-0.21687035262584686;[];
32.25;MPIB3;45.158213533525895;22.220608799233503;-0.2932750880718231;-0.5898310542106628;0.7523282170295715;[];
32.28125;MPIB2;38.61700818210636;35.020886719410356;0.004892469383776188;-0.3729189932346344;-0.9278152585029602;[];
32.28125;MPIB1;16.075196003347287;53.43782999448635;0.9398245215415955;-0.3411290943622589;0.017302026972174644;[];
32.28125;MPIB4;53.40940147632705;39.21020163294017;-0.9580307602882385;-0.1873737871646881;-0.21687035262584686;[];
32.28125;MPIB3;45.158213533525895;22.220608799233503;-0.2932750880718231;-0.5898310542106628;0.7523282170295715;[];
32.34375;MPIB2;38.5963207223692;34.968026137188616;0.03642243519425392;-0.37540847063064575;-0.9261075258255005;[];
32.34375;MPIB1;16.075196003347287;53.43782999448635;0.9398245215415955;-0.3411290943622589;0.017302026972174644;[];
32.34375;MPIB4;53.40940147632705;39.21020163294017;-0.9580307602882385;-0.1873737871646881;-0.21687035262584686;[];
32.34375;MPIB3;45.158213533525895;22.220608799233503;-0.27386102080345154;-0.5961612462997437;0.7546523213386536;[];
32.375;MPIB2;38.58502536804073;34.939164255943155;0.04121655598282814;-0.37540847063064575;-0.9259065985679626;[];
32.375;MPIB1;16.075196003347287;53.43782999448635;0.9398245215415955;-0.3411290943622589;0.017302026972174644;[];
32.375;MPIB4;53.40940147632705;39.21020163294017;-0.9565637707710266;-0.19509032368659973;-0.21653826534748077;[];
32.375;MPIB3;45.158213533525895;22.220608799233503;-0.05245492234826088;-0.5961612462997437;0.8010920882225037;[];
32.4375;MPIB2;38.58502536804073;34.939164255943155;0.04121655598282814;-0.37540847063064575;-0.9259065985679626;[];
32.4375;MPIB1;16.075196003347287;53.43782999448635;0.9398245215415955;-0.3411290943622589;0.017302026972174644;[];
32.4375;MPIB4;53.374798036945776;39.20628536485296;-0.9506934881210327;-0.22069120407104492;-0.21779799461364746;[];
32.4375;MPIB3;45.20132453001065;22.30861285187251;0.353230744600296;-0.5961612462997437;0.7209216952323914;[];
32.5;MPIB2;38.58502536804073;34.939164255943155;0.04121655598282814;-0.37540847063064575;-0.9259065985679626;[];
32.5;MPIB1;16.075196003347287;53.43782999448635;0.9398245215415955;-0.3411290943622589;0.017302026972174644;[];
32.5;MPIB4;53.374798036945776;39.20628536485296;-0.942348837852478;-0.2511554956436157;-0.2210271954536438;[];
32.5;MPIB3;45.31264277052628;22.400229122065156;0.684127688407898;-0.6454440355300903;0.33952435851097107;[];
32.53125;MPIB2;38.5754907772278;34.91010358775776;0.04801953211426735;-0.39707398414611816;-0.9164913892745972;[];
32.53125;MPIB1;16.075196003347287;53.43782999448635;0.9398245215415955;-0.3411290943622589;0.017302026972174644;[];
32.53125;MPIB4;53.374798036945776;39.20628536485296;-0.9370055794715881;-0.27142199873924255;-0.21977393329143524;[];
32.53125;MPIB3;45.466464493332296;22.481019180718988;0.7154034376144409;-0.657373309135437;0.23656561970710754;[];
32.59375;MPIB2;38.5754907772278;34.91010358775776;0.052730217576026917;-0.4019079804420471;-0.9141219854354858;[];
32.59375;MPIB1;16.075196003347287;53.43782999448635;0.9398245215415955;-0.3411290943622589;0.017302026972174644;[];
32.59375;MPIB4;53.374798036945776;39.20628536485296;-0.9348984956741333;-0.2789800465106964;-0.2192797213792801;[];
32.59375;MPIB3;45.643413138181586;22.556138881522173;0.7245059609413147;-0.6454440355300903;0.24165791273117065;[];
32.625;MPIB2;38.5754907772278;34.91010358775776;0.052730217576026917;-0.4019079804420471;-0.9141219854354858;[];
32.625;MPIB1;16.075196003347287;53.43782999448635;0.9406565427780151;-0.33869463205337524;0.019753267988562584;[];
32.625;MPIB4;53.374798036945776;39.20628536485296;-0.9334793090820312;-0.2839479446411133;-0.21894685924053192;[];
32.625;MPIB3;45.83282423983769;22.628652339808042;0.7342932820320129;-0.6313498020172119;0.24923279881477356;[];
32.6875;MPIB2;38.5754907772278;34.91010358775776;0.052730217576026917;-0.4019079804420471;-0.9141219854354858;[];
32.6875;MPIB1;16.075196003347287;53.43782999448635;0.9423120021820068;-0.33372852206230164;0.02475968562066555;[];
32.6875;MPIB4;53.374798036945776;39.20628536485296;-0.9334793090820312;-0.2839479446411133;-0.21894685924053192;[];
32.6875;MPIB3;46.0289579767209;22.699982906825653;0.7399048805236816;-0.6231363415718079;0.2532753348350525;[];
32.75;MPIB2;38.5754907772278;34.91010358775776;0.052730217576026917;-0.4019079804420471;-0.9141219854354858;[];
32.75;MPIB1;16.075196003347287;53.43782999448635;0.9465829133987427;-0.3214091956615448;0.024871906265616417;[];
32.75;MPIB4;53.374798036945776;39.20628536485296;-0.9334793090820312;-0.2839479446411133;-0.21894685924053192;[];
32.75;MPIB3;46.227810938030416;22.773320897271503;0.7561152577400208;-0.5898310542106628;0.28336846828460693;[];
32.78125;MPIB2;38.5754907772278;34.91010358775776;0.052730217576026917;-0.4019079804420471;-0.9141219854354858;[];
32.78125;MPIB1;16.173161929279217;53.44040410139755;0.9523091316223145;-0.30401602387428284;0.025022365152835846;[];
32.78125;MPIB4;53.374798036945776;39.20628536485296;-0.9334793090820312;-0.2839479446411133;-0.21894685924053192;[];
32.78125;MPIB3;46.427780701280426;22.84872079705218;0.7559231519699097;-0.5856424570083618;0.29242458939552307;[];
32.84375;MPIB2;38.5754907772278;34.91010358775776;0.052730217576026917;-0.4019079804420471;-0.9141219854354858;[];
32.84375;MPIB1;16.324617256982947;53.442978208308745;0.9531217217445374;-0.3014575242996216;0.02504371665418148;[];
32.84375;MPIB4;53.374798036945776;39.20628536485296;-0.9334793090820312;-0.2839479446411133;-0.21894685924053192;[];
32.84375;MPIB3;46.628082845894596;22.92595521731326;0.7536294460296631;-0.5856424570083618;0.2982860803604126;[];
32.875;MPIB2;38.5754907772278;34.91010358775776;0.052730217576026917;-0.4019079804420471;-0.9141219854354858;[];
32.875;MPIB1;16.505277801446255;53.44555231521994;0.9531217217445374;-0.3014575242996216;0.02504371665418148;[];
32.875;MPIB4;53.374798036945776;39.20628536485296;-0.9334793090820312;-0.2839479446411133;-0.21894685924053192;[];
32.875;MPIB3;46.69999998807907;22.96812521567395;0.7403858304023743;-0.6003865003585815;0.3021138310432434;[];
32.9375;MPIB2;38.5754907772278;34.91010358775776;0.052730217576026917;-0.4019079804420471;-0.9141219854354858;[];
32.9375;MPIB1;16.701877385116177;53.44838000776403;0.9538308382034302;-0.29898834228515625;0.027533305808901787;[];
32.9375;MPIB4;53.374798036945776;39.20628536485296;-0.9334793090820312;-0.2839479446411133;-0.21894685924053192;[];
32.9375;MPIB3;46.69999998807907;22.96812521567395;0.6993862986564636;-0.6514288187026978;0.2939465343952179;[];
33.0;MPIB2;38.5754907772278;34.91010358775776;0.052730217576026917;-0.4019079804420471;-0.9141219854354858;[];
33.0;MPIB1;16.9071796852038;53.45120770030812;0.9538308382034302;-0.29898834228515625;0.027533305808901787;[];
33.0;MPIB4;53.374798036945776;39.20628536485296;-0.9334793090820312;-0.2839479446411133;-0.21894685924053192;[];
33.0;MPIB3;46.69999998807907;23.00372159160503;0.6461445689201355;-0.705206036567688;0.2916947603225708;[];
33.03125;MPIB2;38.5754907772278;34.91010358775776;0.052730217576026917;-0.4019079804420471;-0.9141219854354858;[];
33.03125;MPIB1;17.117225704336647;53.454298350384164;0.9537534713745117;-0.29898834228515625;0.030093729496002197;[];
33.03125;MPIB4;53.374798036945776;39.20628536485296;-0.9334793090820312;-0.2839479446411133;-0.21894685924053192;[];
33.03125;MPIB3;46.69999998807907;23.00372159160503;0.6338384747505188;-0.7144574522972107;0.29614758491516113;[];
33.09375;MPIB2;38.5754907772278;34.91010358775776;0.052730217576026917;-0.4019079804420471;-0.9141219854354858;[];
33.09375;MPIB1;17.329861794369094;53.45738900046021;0.9521639347076416;-0.30401602387428284;0.030043575912714005;[];
33.09375;MPIB4;53.374798036945776;39.20628536485296;-0.9334793090820312;-0.2839479446411133;-0.21894685924053192;[];
33.09375;MPIB3;46.69999998807907;23.00372159160503;0.6338384747505188;-0.7144574522972107;0.29614758491516113;[];
33.125;MPIB2;38.5754907772278;34.91010358775776;0.08901448547840118;-0.39231711626052856;-0.9154750108718872;[];
33.125;MPIB1;17.543920027947706;53.4602166930043;0.9481967687606812;-0.31641149520874023;0.027370672672986984;[];
33.125;MPIB4;53.374798036945776;39.20628536485296;-0.9334793090820312;-0.2839479446411133;-0.21894685924053192;[];
33.125;MPIB3;46.69999998807907;23.00372159160503;0.6338384747505188;-0.7144574522972107;0.29614758491516113;[];
33.1875;MPIB2;38.5754907772278;34.91010358775776;0.09901047497987747;-0.3826834261417389;-0.9185219407081604;[];
33.1875;MPIB1;17.758774026644573;53.46227418503881;0.9450241327285767;-0.32630735635757446;0.019844984635710716;[];
33.1875;MPIB4;53.374798036945776;39.20628536485296;-0.9334793090820312;-0.2839479446411133;-0.21894685924053192;[];
33.1875;MPIB3;46.69999998807907;23.00372159160503;0.6338384747505188;-0.7144574522972107;0.29614758491516113;[];
33.25;MPIB2;38.5754907772278;34.91010358775776;0.09901047497987747;-0.3826834261417389;-0.9185219407081604;[];
33.25;MPIB1;17.97407876286286;53.46330768534139;0.9390121698379517;-0.34365129470825195;0.009903300553560257;[];
33.25;MPIB4;53.374798036945776;39.20628536485296;-0.9334793090820312;-0.2839479446411133;-0.21894685924053192;[];
33.25;MPIB3;46.69999998807907;23.00372159160503;0.6338384747505188;-0.7144574522972107;0.29614758491516113;[];
33.28125;MPIB2;38.5754907772278;34.91010358775776;0.09901047497987747;-0.3826834261417389;-0.9185219407081604;[];
33.28125;MPIB1;18.189631978531565;53.46408751456224;0.9344731569290161;-0.3558664619922638;0.007436250802129507;[];
33.28125;MPIB4;53.374798036945776;39.20628536485296;-0.9280563592910767;-0.2839479446411133;-0.24090000987052917;[];
33.28125;MPIB3;46.69999998807907;23.00372159160503;0.6338384747505188;-0.7144574522972107;0.29614758491516113;[];
33.34375;MPIB2;38.5754907772278;34.91010358775776;0.08693777024745941;-0.3826834261417389;-0.9197431206703186;[];
33.34375;MPIB1;18.40532257017901;53.46461366740445;0.9335646629333496;-0.3582844138145447;0.00501229427754879;[];
33.34375;MPIB4;53.374798036945776;39.20628536485296;-0.9274063110351562;-0.2839479446411133;-0.24339044094085693;[];
33.34375;MPIB3;46.69999998807907;23.00372159160503;0.6338384747505188;-0.7144574522972107;0.29614758491516113;[];
33.375;MPIB2;38.5754907772278;34.91010358775776;0.07460977882146835;-0.39231711626052856;-0.9167613983154297;[];
33.375;MPIB1;18.621088169119503;53.46513982024666;0.9335646629333496;-0.3582844138145447;0.00501229427754879;[];
33.375;MPIB4;53.374798036945776;39.20628536485296;-0.9274063110351562;-0.2839479446411133;-0.24339044094085693;[];
33.375;MPIB3;46.69999998807907;23.00372159160503;0.6338384747505188;-0.7144574522972107;0.29614758491516113;[];
33.4375;MPIB2;38.5754907772278;34.91010358775776;0.07460977882146835;-0.39231711626052856;-0.9167613983154297;[];
33.4375;MPIB1;18.836894722046736;53.465665973088875;0.9325992465019226;-0.36078935861587524;0.0050071110017597675;[];
33.4375;MPIB4;53.37174375531936;39.20628536485296;-0.9274063110351562;-0.2839479446411133;-0.24339044094085693;[];
33.4375;MPIB3;46.69999998807907;23.00372159160503;0.6338384747505188;-0.7144574522972107;0.29614758491516113;[];
33.5;MPIB2;38.5754907772278;34.91010358775776;0.07214850187301636;-0.39231711626052856;-0.9169583916664124;[];
33.5;MPIB1;18.954725113631298;53.465665973088875;0.9297173619270325;-0.3681102991104126;0.00739840604364872;[];
33.5;MPIB4;53.37174375531936;39.20628536485296;-0.9274063110351562;-0.2839479446411133;-0.24339044094085693;[];
33.5;MPIB3;46.69999998807907;23.00372159160503;0.6338384747505188;-0.7144574522972107;0.29614758491516113;[];
33.53125;MPIB2;38.5754907772278;34.91010358775776;0.06011996790766716;-0.3946968615055084;-0.9168044924736023;[];
33.53125;MPIB1;19.019060514909256;53.465665973088875;0.9297173619270325;-0.3681102991104126;0.00739840604364872;[];
33.53125;MPIB4;53.37174375531936;39.20628536485296;-0.9274063110351562;-0.2839479446411133;-0.24339044094085693;[];
33.53125;MPIB3;46.69999998807907;23.00372159160503;0.6338384747505188;-0.7144574522972107;0.29614758491516113;[];
33.59375;MPIB2;38.5754907772278;34.91010358775776;0.05278996750712395;-0.3995363116264343;-0.9151577949523926;[];
33.59375;MPIB1;19.054187648087122;53.465665973088875;0.9287612438201904;-0.3705158829689026;0.007390797138214111;[];
33.59375;MPIB4;53.37174375531936;39.20628536485296;-0.9274063110351562;-0.2839479446411133;-0.24339044094085693;[];
33.59375;MPIB3;46.69999998807907;23.00372159160503;0.6338384747505188;-0.7144574522972107;0.29614758491516113;[];
33.625;MPIB2;38.5754907772278;34.91010358775776;0.05042082071304321;-0.3995363116264343;-0.9152913689613342;[];
33.625;MPIB1;19.054187648087122;53.465665973088875;0.9277987480163574;-0.3729189932346344;0.007383138407021761;[];
33.625;MPIB4;53.37174375531936;39.20628536485296;-0.9274063110351562;-0.2839479446411133;-0.24339044094085693;[];
33.625;MPIB3;46.69999998807907;23.00372159160503;0.6338384747505188;-0.7144574522972107;0.29614758491516113;[];
33.6875;MPIB2;38.5754907772278;34.91010358775776;0.047909289598464966;-0.4019079804420471;-0.9143873453140259;[];
33.6875;MPIB1;19.054187648087122;53.465665973088875;0.9277987480163574;-0.3729189932346344;0.007383138407021761;[];
33.6875;MPIB4;53.37174375531936;39.20628536485296;-0.9274063110351562;-0.2839479446411133;-0.24339044094085693;[];
33.6875;MPIB3;46.69999998807907;23.00372159160503;0.6338384747505188;-0.7144574522972107;0.29614758491516113;[];
33.75;MPIB2;38.5754907772278;34.91010358775776;0.047909289598464966;-0.4019079804420471;-0.9143873453140259;[];
33.75;MPIB1;19.089556720286623;53.465665973088875;0.9277987480163574;-0.3729189932346344;0.007383138407021761;[];
33.75;MPIB4;53.37174375531936;39.20628536485296;-0.9274063110351562;-0.2839479446411133;-0.24339044094085693;[];
33.75;MPIB3;46.69999998807907;23.00372159160503;0.6338384747505188;-0.7144574522972107;0.29614758491516113;[];
33.78125;MPIB2;38.5754907772278;34.91010358775776;0.047909289598464966;-0.4019079804420471;-0.9143873453140259;[];
33.78125;MPIB1;19.089556720286623;53.465665973088875;0.9277987480163574;-0.3729189932346344;0.007383138407021761;[];
33.78125;MPIB4;53.37174375531936;39.20628536485296;-0.9274063110351562;-0.2839479446411133;-0.24339044094085693;[];
33.78125;MPIB3;46.69999998807907;23.00372159160503;0.6353632211685181;-0.7144574522972107;0.2928621470928192;[];
33.84375;MPIB2;38.5754907772278;34.91010358775776;0.047909289598464966;-0.4019079804420471;-0.9143873453140259;[];
33.84375;MPIB1;19.089556720286623;53.465665973088875;0.9277987480163574;-0.3729189932346344;0.007383138407021761;[];
33.84375;MPIB4;53.37174375531936;39.20628536485296;-0.9274063110351562;-0.2839479446411133;-0.24339044094085693;[];
33.84375;MPIB3;46.69999998807907;23.00372159160503;0.6353632211685181;-0.7144574522972107;0.2928621470928192;[];
33.875;MPIB2;38.5754907772278;34.91010358775776;0.047909289598464966;-0.4019079804420471;-0.9143873453140259;[];
33.875;MPIB1;19.089556720286623;53.465665973088875;0.9277987480163574;-0.3729189932346344;0.007383138407021761;[];
33.875;MPIB4;53.37174375531936;39.20628536485296;-0.9274063110351562;-0.2839479446411133;-0.24339044094085693;[];
33.875;MPIB3;46.69999998807907;23.00372159160503;0.6361191868782043;-0.7144574522972107;0.2912164628505707;[];
33.9375;MPIB2;38.5754907772278;34.91010358775776;0.047909289598464966;-0.4019079804420471;-0.9143873453140259;[];
33.9375;MPIB1;19.089556720286623;53.465665973088875;0.9277765154838562;-0.3729189932346344;0.009784803725779057;[];
33.9375;MPIB4;53.37174375531936;39.20628536485296;-0.9274063110351562;-0.2839479446411133;-0.24339044094085693;[];
33.9375;MPIB3;46.69999998807907;23.00372159160503;0.6368986368179321;-0.7144574522972107;0.28950777649879456;[];
34.0;MPIB2;38.5754907772278;34.91010358775776;0.047909289598464966;-0.4019079804420471;-0.9143873453140259;[];
34.0;MPIB1;19.089556720286623;53.465665973088875;0.9277765154838562;-0.3729189932346344;0.009784803725779057;[];
34.0;MPIB4;53.37174375531936;39.20628536485296;-0.9274063110351562;-0.2839479446411133;-0.24339044094085693;[];
34.0;MPIB3;46.69999998807907;23.01433344327728;0.6368986368179321;-0.7144574522972107;0.28950777649879456;[];
34.03125;MPIB2;38.5754907772278;34.91010358775776;0.047909289598464966;-0.4019079804420471;-0.9143873453140259;[];
34.03125;MPIB1;19.089556720286623;53.465665973088875;0.9296666383743286;-0.3681102991104126;0.012211604043841362;[];
34.03125;MPIB4;53.37174375531936;39.20628536485296;-0.9274063110351562;-0.2839479446411133;-0.24339044094085693;[];
34.03125;MPIB3;46.69999998807907;23.01433344327728;0.637645959854126;-0.7144574522972107;0.28785812854766846;[];
34.09375;MPIB2;38.5754907772278;34.91010358775776;0.047909289598464966;-0.4019079804420471;-0.9143873453140259;[];
34.09375;MPIB1;19.089556720286623;53.465665973088875;0.9296666383743286;-0.3681102991104126;0.012211604043841362;[];
34.09375;MPIB4;53.37174375531936;39.20628536485296;-0.9274063110351562;-0.2839479446411133;-0.24339044094085693;[];
34.09375;MPIB3;46.69999998807907;23.01433344327728;0.637645959854126;-0.7144574522972107;0.28785812854766846;[];
34.125;MPIB2;38.5754907772278;34.91010358775776;0.047909289598464966;-0.4019079804420471;-0.9143873453140259;[];
34.125;MPIB1;19.089556720286623;53.465665973088875;0.9306154251098633;-0.3656129837036133;0.014722798950970173;[];
34.125;MPIB4;53.37174375531936;39.20628536485296;-0.9274063110351562;-0.2839479446411133;-0.24339044094085693;[];
34.125;MPIB3;46.69999998807907;23.01433344327728;0.637645959854126;-0.7144574522972107;0.28785812854766846;[];
34.1875;MPIB2;38.5754907772278;34.91010358775776;0.04774244874715805;-0.4090942442417145;-0.9112030863761902;[];
34.1875;MPIB1;19.089556720286623;53.465665973088875;0.9315176010131836;-0.36320239305496216;0.017149098217487335;[];
34.1875;MPIB4;53.37174375531936;39.20628536485296;-0.9274063110351562;-0.2839479446411133;-0.24339044094085693;[];
34.1875;MPIB3;46.69999998807907;23.01433344327728;0.637645959854126;-0.7144574522972107;0.28785812854766846;[];
34.25;MPIB2;38.5754907772278;34.91010358775776;0.0453307218849659;-0.4114549458026886;-0.9102626442909241;[];
34.25;MPIB1;19.089556720286623;53.465665973088875;0.9315176010131836;-0.36320239305496216;0.017149098217487335;[];
34.25;MPIB4;53.37174375531936;39.20628536485296;-0.9274063110351562;-0.2839479446411133;-0.24339044094085693;[];
34.25;MPIB3;46.69999998807907;23.01433344327728;0.637645959854126;-0.7144574522972107;0.28785812854766846;[];
34.28125;MPIB2;38.5754907772278;34.91010358775776;0.04287135228514671;-0.41625523567199707;-0.9081965684890747;[];
34.28125;MPIB1;19.089556720286623;53.465665973088875;0.9315176010131836;-0.36320239305496216;0.017149098217487335;[];
34.28125;MPIB4;53.37174375531936;39.20628536485296;-0.9274063110351562;-0.2839479446411133;-0.24339044094085693;[];
34.28125;MPIB3;46.69999998807907;23.01433344327728;0.637645959854126;-0.7144574522972107;0.28785812854766846;[];
34.34375;MPIB2;38.5754907772278;34.91010358775776;0.04038511589169502;-0.4186075031757355;-0.9072287082672119;[];
34.34375;MPIB1;19.089556720286623;53.465665973088875;0.9324547648429871;-0.36078935861587524;0.017166350036859512;[];
34.34375;MPIB4;53.37174375531936;39.20628536485296;-0.9274063110351562;-0.2839479446411133;-0.24339044094085693;[];
34.34375;MPIB3;46.69999998807907;23.01433344327728;0.637645959854126;-0.7144574522972107;0.28785812854766846;[];
34.375;MPIB2;38.5754907772278;34.91010358775776;0.04033678025007248;-0.42095696926116943;-0.9061428904533386;[];
34.375;MPIB1;19.089556720286623;53.465665973088875;0.9351587295532227;-0.3534461557865143;0.022149473428726196;[];
34.375;MPIB4;53.37174375531936;39.20628536485296;-0.9274063110351562;-0.2839479446411133;-0.24339044094085693;[];
34.375;MPIB3;46.69999998807907;23.01433344327728;0.637645959854126;-0.7144574522972107;0.28785812854766846;[];
34.4375;MPIB2;38.5754907772278;34.91010358775776;0.03785119578242302;-0.42807504534721375;-0.9029091000556946;[];
34.4375;MPIB1;19.089556720286623;53.465665973088875;0.936948835849762;-0.3485085368156433;0.024618765339255333;[];
34.4375;MPIB4;53.37174375531936;39.20628536485296;-0.9274063110351562;-0.2839479446411133;-0.24339044094085693;[];
34.4375;MPIB3;46.69999998807907;23.01433344327728;0.637645959854126;-0.7144574522972107;0.28785812854766846;[];
34.5;MPIB2;38.5754907772278;34.91010358775776;0.05658595263957977;-0.4351666569709778;-0.8985281586647034;[];
34.5;MPIB1;19.089556720286623;53.465665973088875;0.9386734366416931;-0.34365129470825195;0.027095772325992584;[];
34.5;MPIB4;53.37174375531936;39.20628536485296;-0.9274063110351562;-0.2839479446411133;-0.24339044094085693;[];
34.5;MPIB3;46.69999998807907;23.01433344327728;0.637645959854126;-0.7144574522972107;0.28785812854766846;[];
34.53125;MPIB2;38.5754907772278;34.91010358775776;0.18145953118801117;-0.39707398414611816;-0.8996303677558899;[];
34.53125;MPIB1;19.089556720286623;53.465665973088875;0.9395923614501953;-0.3411290943622589;0.027122298255562782;[];
34.53125;MPIB4;53.37174375531936;39.20628536485296;-0.9281144142150879;-0.28146493434906006;-0.2435762733221054;[];
34.53125;MPIB3;46.69999998807907;23.01433344327728;0.637645959854126;-0.7144574522972107;0.28785812854766846;[];
34.59375;MPIB2;38.5754907772278;34.91010358775776;0.3253367841243744;-0.37540847063064575;-0.867846667766571;[];
34.59375;MPIB1;19.089556720286623;53.465665973088875;0.9395923614501953;-0.3411290943622589;0.027122298255562782;[];
34.59375;MPIB4;53.37174375531936;39.20628536485296;-0.9281144142150879;-0.28146493434906006;-0.2435762733221054;[];
34.59375;MPIB3;46.69999998807907;23.01433344327728;0.637645959854126;-0.7144574522972107;0.28785812854766846;[];
34.625;MPIB2;38.61441264379374;34.82016423935812;0.3692600727081299;-0.3681102991104126;-0.8532737493515015;[];
34.625;MPIB1;19.089556720286623;53.465665973088875;0.9395923614501953;-0.3411290943622589;0.027122298255562782;[];
34.625;MPIB4;53.37174375531936;39.20628536485296;-0.9281144142150879;-0.28146493434906006;-0.2435762733221054;[];
34.625;MPIB3;46.69999998807907;23.01433344327728;0.637645959854126;-0.7144574522972107;0.28785812854766846;[];
34.6875;MPIB2;38.697740054821764;34.695224900528274;0.5959708094596863;-0.33869463205337524;-0.7280409932136536;[];
34.6875;MPIB1;19.089556720286623;53.465665973088875;0.9403958916664124;-0.33869463205337524;0.029672259464859962;[];
34.6875;MPIB4;53.37174375531936;39.20628536485296;-0.9281144142150879;-0.28146493434906006;-0.2435762733221054;[];
34.6875;MPIB3;46.69999998807907;23.01433344327728;0.637645959854126;-0.7144574522972107;0.28785812854766846;[];
34.75;MPIB2;38.819560834932844;34.56553734484069;0.7327603697776794;-0.33869463205337524;-0.5901585817337036;[];
34.75;MPIB1;19.092678580693928;53.465665973088875;0.9403958916664124;-0.33869463205337524;0.029672259464859962;[];
34.75;MPIB4;53.37174375531936;39.20628536485296;-0.9288162589073181;-0.2789800465106964;-0.24376046657562256;[];
34.75;MPIB3;46.69999998807907;23.01433344327728;0.637645959854126;-0.7144574522972107;0.28785812854766846;[];
34.78125;MPIB2;38.96319399630592;34.43425763327795;0.740392804145813;-0.33869463205337524;-0.5805543661117554;[];
34.78125;MPIB1;19.092678580693928;53.465665973088875;0.9403958916664124;-0.33869463205337524;0.029672259464859962;[];
34.78125;MPIB4;53.37174375531936;39.20628536485296;-0.9289028644561768;-0.276401162147522;-0.24635513126850128;[];
34.78125;MPIB3;46.69999998807907;23.01433344327728;0.637645959854126;-0.7144574522972107;0.28785812854766846;[];
34.84375;MPIB2;39.11873671923139;34.3021086045064;0.740392804145813;-0.33869463205337524;-0.5805543661117554;[];
34.84375;MPIB1;19.092678580693928;53.465665973088875;0.9421683549880981;-0.33372852206230164;0.029728185385465622;[];
34.84375;MPIB4;53.37174375531936;39.20628536485296;-0.9303533434867859;-0.2663431465625763;-0.25190234184265137;[];
34.84375;MPIB3;46.69999998807907;23.01433344327728;0.637645959854126;-0.7144574522972107;0.28785812854766846;[];
34.875;MPIB2;39.28046796939353;34.16908647888397;0.7373772859573364;-0.33869463205337524;-0.5843797326087952;[];
34.875;MPIB1;19.092678580693928;53.465665973088875;0.9430289268493652;-0.3312872350215912;0.02975533902645111;[];
34.875;MPIB4;53.37174375531936;39.20628536485296;-0.9310159087181091;-0.26384714245796204;-0.2520817518234253;[];
34.875;MPIB3;46.69999998807907;23.01433344327728;0.637645959854126;-0.7144574522972107;0.28785812854766846;[];
34.9375;MPIB2;39.44362637937445;34.033202882839845;0.7158955931663513;-0.3485085368156433;-0.6049567461013794;[];
34.9375;MPIB1;19.092678580693928;53.465665973088875;0.9447622895240784;-0.32630735635757446;0.02981003187596798;[];
34.9375;MPIB4;53.37174375531936;39.20628536485296;-0.9316722750663757;-0.2613494098186493;-0.2522594630718231;[];
34.9375;MPIB3;46.69999998807907;23.01433344327728;0.6383889317512512;-0.7144574522972107;0.28620657324790955;[];
35.0;MPIB2;39.60622573051896;33.894206383436;0.6996009349822998;-0.36078935861587524;-0.6167049407958984;[];
35.0;MPIB1;19.092678580693928;53.465665973088875;0.9446819424629211;-0.32630735635757446;0.03225553408265114;[];
35.0;MPIB4;53.37174375531936;39.20628536485296;-0.9316722750663757;-0.2613494098186493;-0.2522594630718231;[];
35.0;MPIB3;46.69999998807907;23.01433344327728;0.6383889317512512;-0.7144574522972107;0.28620657324790955;[];
35.03125;MPIB2;39.77148786369108;33.75704139284545;0.7170454263687134;-0.3946968615055084;-0.5744481086730957;[];
35.03125;MPIB1;19.092678580693928;53.465665973088875;0.9446819424629211;-0.32630735635757446;0.03225553408265114;[];
35.03125;MPIB4;53.37174375531936;39.20628536485296;-0.9349236488342285;-0.25625601410865784;-0.24536330997943878;[];
35.03125;MPIB3;46.69999998807907;23.01433344327728;0.6398892402648926;-0.7144574522972107;0.28283634781837463;[];
35.09375;MPIB2;39.95968742400471;33.67958458476107;0.8883047103881836;-0.45858025550842285;-0.023255396634340286;[];
35.09375;MPIB1;19.092678580693928;53.465665973088875;0.9446819424629211;-0.32630735635757446;0.03225553408265114;[];
35.09375;MPIB4;53.37174375531936;39.20628536485296;-0.973526656627655;-0.2283521145582199;-0.007653684355318546;[];
35.09375;MPIB3;46.69999998807907;23.01433344327728;0.6398892402648926;-0.7144574522972107;0.28283634781837463;[];
35.125;MPIB2;40.15902877554444;33.65389002940631;0.8757730722427368;-0.45858025550842285;0.15049110352993011;[];
35.125;MPIB1;19.092678580693928;53.465665973088875;0.9471867084503174;-0.3189568817615509;0.03234105557203293;[];
35.125;MPIB4;53.37174375531936;39.20628536485296;-0.8629752397537231;-0.21554511785507202;0.4569176137447357;[];
35.125;MPIB3;46.69999998807907;23.01433344327728;0.6420930027961731;-0.7144574522972107;0.27779707312583923;[];
35.1875;MPIB2;40.36440864115099;33.656716886062156;0.8753659725189209;-0.45858025550842285;0.15284153819084167;[];
35.1875;MPIB1;19.092678580693928;53.465665973088875;0.9488548636436462;-0.31395483016967773;0.03239801526069641;[];
35.1875;MPIB4;53.29639566121364;39.268948450611646;-0.7507694363594055;-0.21554511785507202;0.6243758201599121;[];
35.1875;MPIB3;46.69999998807907;23.01433344327728;0.648465633392334;-0.7144574522972107;0.26257747411727905;[];
35.25;MPIB2;40.57308553582095;33.67357297157122;0.8753659725189209;-0.45858025550842285;0.15284153819084167;[];
35.25;MPIB1;19.092678580693928;53.465665973088875;0.9496641159057617;-0.3114960789680481;0.0324256457388401;[];
35.25;MPIB4;53.1838146246655;39.37024591777924;-0.7118388414382935;-0.21554511785507202;0.6684200763702393;[];
35.25;MPIB3;46.69999998807907;23.01433344327728;0.764803409576416;-0.6211097240447998;0.1708953082561493;[];
35.28125;MPIB2;40.784080289809694;33.69633761151118;0.8800599575042725;-0.45858025550842285;0.12296551465988159;[];
35.28125;MPIB1;19.092678580693928;53.465665973088875;0.9496641159057617;-0.3114960789680481;0.0324256457388401;[];
35.28125;MPIB4;53.05734421166403;39.498894965847825;-0.6476724147796631;-0.21554511785507202;0.7307669520378113;[];
35.28125;MPIB3;46.79621462523937;23.032945198499363;0.8162848949432373;-0.5555702447891235;0.1578991860151291;[];
35.34375;MPIB2;40.997162133402995;33.713641427062896;0.889868974685669;-0.4539734125137329;0.04431512579321861;[];
35.34375;MPIB1;19.092678580693928;53.465665973088875;0.9496641159057617;-0.3114960789680481;0.0324256457388401;[];
35.34375;MPIB4;52.92386170247346;39.642980550286524;-0.6419779658317566;-0.21554511785507202;0.735774576663971;[];
35.34375;MPIB3;46.94501210360954;23.06146061692027;0.8293505907058716;-0.5358073711395264;0.1581180840730667;[];
35.375;MPIB2;41.16076282688874;33.63496055099449;0.8541169762611389;-0.45157986879348755;-0.25784215331077576;[];
35.375;MPIB1;19.092678580693928;53.465665973088875;0.9496641159057617;-0.3114960789680481;0.0324256457388401;[];
35.375;MPIB4;52.78674904943432;39.79566717411939;-0.6400004625320435;-0.21554511785507202;0.7374953031539917;[];
35.375;MPIB3;47.12251981661507;23.09538343607582;0.8321148157119751;-0.5313476920127869;0.15864509344100952;[];
35.4375;MPIB2;41.2731852953829;33.49470459442918;0.7584885954856873;-0.4539734125137329;-0.4674673080444336;[];
35.4375;MPIB1;19.092678580693928;53.465665973088875;0.9496641159057617;-0.3114960789680481;0.0324256457388401;[];
35.4375;MPIB4;52.711885532179394;39.87903408041541;-0.6821934580802917;-0.210393026471138;0.7002195715904236;[];
35.4375;MPIB3;47.31570331955231;23.132258696375402;0.8321148157119751;-0.5313476920127869;0.15864509344100952;[];
35.5;MPIB2;41.35766444978597;33.320828640007505;0.7584885954856873;-0.4539734125137329;-0.4674673080444336;[];
35.5;MPIB1;19.19062117140743;53.46901016828528;0.9496641159057617;-0.3114960789680481;0.0324256457388401;[];
35.5;MPIB4;52.67101004701044;39.92455241654011;-0.7648451328277588;-0.21807213127613068;0.6061482429504395;[];
35.5;MPIB3;47.51734764338721;23.17125335005116;0.8353407979011536;-0.5246713161468506;0.16382968425750732;[];
35.53125;MPIB2;41.429424939655505;33.129233934323196;0.7735256552696228;-0.446954607963562;-0.4492359757423401;[];
35.53125;MPIB1;19.342040422861942;53.472354363481685;0.9496641159057617;-0.3114960789680481;0.0324256457388401;[];
35.53125;MPIB4;52.648692029515814;39.94940543095095;-0.8037863969802856;-0.2283521145582199;0.549308717250824;[];
35.53125;MPIB3;47.72356240213662;23.211654066251015;0.8362433910369873;-0.5224658846855164;0.16625580191612244;[];
35.59375;MPIB2;41.50736114523583;32.932438341433595;0.8428166508674622;-0.4139001667499542;-0.3439106345176697;[];
35.59375;MPIB1;19.522657934472477;53.47569855867809;0.9496641159057617;-0.3114960789680481;0.0324256457388401;[];
35.59375;MPIB4;52.648692029515814;39.94940543095095;-0.8052580952644348;-0.2283521145582199;0.5471490025520325;[];
35.59375;MPIB3;47.932272618639445;23.252822492678206;0.8402466773986816;-0.5157464742660522;0.16705171763896942;[];
35.625;MPIB2;41.644023399157234;32.797647893761706;0.8782854676246643;-0.404276967048645;-0.255154550075531;[];
35.625;MPIB1;19.719217697979957;53.479042753874495;0.9496641159057617;-0.3114960789680481;0.0324256457388401;[];
35.625;MPIB4;52.648692029515814;39.94940543095095;-0.8095346689224243;-0.2283521145582199;0.540801465511322;[];
35.625;MPIB3;48.14239452906554;23.29416121533191;0.8446298241615295;-0.5089951753616333;0.16565147042274475;[];
35.6875;MPIB2;41.814445466262626;32.70342460099215;0.8951281309127808;-0.4019079804420471;-0.19273041188716888;[];
35.6875;MPIB1;19.92453075568892;53.480329918273895;0.9501355886459351;-0.3114960789680481;0.012480473145842552;[];
35.6875;MPIB4;52.62622029610907;39.974429621129616;-0.8123236298561096;-0.2283521145582199;0.5366032123565674;[];
35.6875;MPIB3;48.353832979492154;23.332559937386662;0.8533438444137573;-0.5022124648094177;0.13965529203414917;[];
35.75;MPIB2;42.00390158830645;32.63437340411136;0.9028180241584778;-0.39707398414611816;-0.1648695319890976;[];
35.75;MPIB1;20.134575570432162;53.4770138934899;0.9496703147888184;-0.3114960789680481;-0.03215250372886658;[];
35.75;MPIB4;52.62622029610907;39.974429621129616;-0.8123236298561096;-0.2283521145582199;0.5366032123565674;[];
35.75;MPIB3;48.56659886151874;23.365036841240084;0.8547621965408325;-0.5089951753616333;0.10110129415988922;[];
35.78125;MPIB2;42.10734464295756;32.59667144623526;0.9205253720283508;-0.3778064548969269;-0.09913715720176697;[];
35.78125;MPIB1;20.34695956067378;53.46934550960472;0.943999171257019;-0.3214091956615448;-0.07409456372261047;[];
35.78125;MPIB4;52.62622029610907;39.974429621129616;-0.8123236298561096;-0.2283521145582199;0.5366032123565674;[];
35.78125;MPIB3;48.68276904659865;23.382769232803724;0.8462831377983093;-0.526954710483551;0.07770249247550964;[];
35.84375;MPIB2;42.163824557357344;32.57608617484388;0.9288269877433777;-0.3681102991104126;-0.041346557438373566;[];
35.84375;MPIB1;20.5427192010834;53.5254269736167;0.9318370223045349;-0.33869463205337524;-0.12992852926254272;[];
35.84375;MPIB4;52.62622029610907;39.974429621129616;-0.8123236298561096;-0.2283521145582199;0.5366032123565674;[];
35.84375;MPIB3;48.74619797501964;23.39245111972204;0.8389167189598083;-0.5401714444160461;0.06592706590890884;[];
35.875;MPIB2;42.19466259420156;32.564846615358675;0.9291233420372009;-0.3681102991104126;-0.034043241292238235;[];
35.875;MPIB1;20.730649679261774;53.614627229234685;0.9262437224388123;-0.34608107805252075;-0.14903618395328522;[];
35.875;MPIB4;52.62622029610907;39.974429621129616;-0.8123236298561096;-0.2283521145582199;0.5366032123565674;[];
35.875;MPIB3;48.78083017396011;23.397737430593452;0.8297775387763977;-0.5555702447891235;0.05217643082141876;[];
35.9375;MPIB2;42.19466259420156;32.564846615358675;0.9292083978652954;-0.3681102991104126;-0.0316380076110363;[];
35.9375;MPIB1;20.91521645410785;53.72062885475785;0.9210762977600098;-0.3534461557865143;-0.1631014198064804;[];
35.9375;MPIB4;52.62622029610907;39.974429621129616;-0.8123236298561096;-0.2283521145582199;0.5366032123565674;[];
35.9375;MPIB3;48.78083017396011;23.397737430593452;0.8283392190933228;-0.5577207207679749;0.052085984498262405;[];
36.0;MPIB2;42.19466259420156;32.564846615358675;0.9292083978652954;-0.3681102991104126;-0.0316380076110363;[];
36.0;MPIB1;21.099989700229003;53.83276471397184;0.9098992347717285;-0.3656129837036133;-0.1957322657108307;[];
36.0;MPIB4;52.62622029610907;39.974429621129616;-0.8123236298561096;-0.2283521145582199;0.5366032123565674;[];
36.0;MPIB3;48.78083017396011;23.397737430593452;0.8258285522460938;-0.5620104074478149;0.04541315138339996;[];
36.03125;MPIB2;42.225713028807576;32.555359121873096;0.9292899370193481;-0.3681102991104126;-0.029143469408154488;[];
36.03125;MPIB1;21.286540124483622;53.94558196126994;0.8994992971420288;-0.37540847063064575;-0.2233029454946518;[];
36.03125;MPIB4;52.62622029610907;39.974429621129616;-0.8123236298561096;-0.2283521145582199;0.5366032123565674;[];
36.03125;MPIB3;48.81570090305013;23.397737430593452;0.8259474635124207;-0.5620104074478149;0.04319608211517334;[];
36.09375;MPIB2;42.225713028807576;32.555359121873096;0.9273722171783447;-0.3729189932346344;-0.02908332832157612;[];
36.09375;MPIB1;21.47538171213887;54.05651169402637;0.8905074000358582;-0.38259485363960266;-0.24598358571529388;[];
36.09375;MPIB4;52.62622029610907;39.974429621129616;-0.8123236298561096;-0.2283521145582199;0.5366032123565674;[];
36.09375;MPIB3;48.81570090305013;23.397737430593452;0.8246498703956604;-0.5642287731170654;0.03884829580783844;[];
36.125;MPIB2;42.225713028807576;32.555359121873096;0.9273722171783447;-0.3729189932346344;-0.02908332832157612;[];
36.125;MPIB1;21.667582036956446;54.16249375685385;0.870848536491394;-0.4019079804420471;-0.28279849886894226;[];
36.125;MPIB4;52.62622029610907;39.974429621129616;-0.8123236298561096;-0.2283521145582199;0.5366032123565674;[];
36.125;MPIB3;48.81570090305013;23.397737430593452;0.8234673738479614;-0.5663641095161438;0.03230667859315872;[];
36.1875;MPIB2;42.225713028807576;32.555359121873096;0.9273722171783447;-0.3729189932346344;-0.02908332832157612;[];
36.1875;MPIB1;21.864187487446316;54.26033117249088;0.8452547192573547;-0.4186075031757355;-0.33194205164909363;[];
36.1875;MPIB4;52.62622029610907;39.974429621129616;-0.8123236298561096;-0.2283521145582199;0.5366032123565674;[];
36.1875;MPIB3;48.81570090305013;23.397737430593452;0.8235482573509216;-0.5663641095161438;0.030174952000379562;[];
36.25;MPIB2;42.225713028807576;32.555359121873096;0.9273722171783447;-0.3729189932346344;-0.02908332832157612;[];
36.25;MPIB1;22.06507276251557;54.349112949309045;0.8226107954978943;-0.4304995536804199;-0.37127959728240967;[];
36.25;MPIB4;52.62622029610907;39.974429621129616;-0.8137099146842957;-0.2283521145582199;0.5344986319541931;[];
36.25;MPIB3;48.81570090305013;23.397737430593452;0.8236262798309326;-0.5663641095161438;0.02796405740082264;[];
36.28125;MPIB2;42.225713028807576;32.555359121873096;0.9273722171783447;-0.3729189932346344;-0.02908332832157612;[];
36.28125;MPIB1;22.271207507351505;54.42399100868886;0.7790703177452087;-0.44223135709762573;-0.444227933883667;[];
36.28125;MPIB4;52.62622029610907;39.974429621129616;-0.8137099146842957;-0.2283521145582199;0.5344986319541931;[];
36.28125;MPIB3;48.81570090305013;23.397737430593452;0.8236262798309326;-0.5663641095161438;0.02796405740082264;[];
36.34375;MPIB2;42.225713028807576;32.555359121873096;0.9273722171783447;-0.3729189932346344;-0.02908332832157612;[];
36.34375;MPIB1;22.482999152481398;54.477163075043535;0.701675295829773;-0.45627835392951965;-0.5470926761627197;[];
36.34375;MPIB4;52.62622029610907;39.974429621129616;-0.8137099146842957;-0.2283521145582199;0.5344986319541931;[];
36.34375;MPIB3;48.81570090305013;23.397737430593452;0.8236262798309326;-0.5663641095161438;0.02796405740082264;[];
36.375;MPIB2;42.225713028807576;32.555359121873096;0.9273722171783447;-0.3729189932346344;-0.02908332832157612;[];
36.375;MPIB1;22.698628636310787;54.50751804486836;0.6330397725105286;-0.46792641282081604;-0.616564154624939;[];
36.375;MPIB4;52.62622029610907;39.974429621129616;-0.8137099146842957;-0.2283521145582199;0.5344986319541931;[];
36.375;MPIB3;48.81570090305013;23.397737430593452;0.8236262798309326;-0.5663641095161438;0.02796405740082264;[];
36.4375;MPIB2;42.225713028807576;32.555359121873096;0.9273722171783447;-0.3729189932346344;-0.02908332832157612;[];
36.4375;MPIB1;22.916295972424336;54.52044946145378;0.5991561412811279;-0.47477537393569946;-0.6445510387420654;[];
36.4375;MPIB4;52.62622029610907;39.974429621129616;-0.8137099146842957;-0.2283521145582199;0.5344986319541931;[];
36.4375;MPIB3;48.81570090305013;23.397737430593452;0.8236262798309326;-0.5663641095161438;0.02796405740082264;[];
36.5;MPIB2;42.225713028807576;32.555359121873096;0.9267446994781494;-0.37540847063064575;-0.012084358371794224;[];
36.5;MPIB1;23.035142351746686;54.52751001572952;0.5353448987007141;-0.4816797375679016;-0.6937134265899658;[];
36.5;MPIB4;52.62622029610907;39.974429621129616;-0.8137099146842957;-0.2283521145582199;0.5344986319541931;[];
36.5;MPIB3;48.81570090305013;23.397737430593452;0.8236262798309326;-0.5663641095161438;0.02796405740082264;[];
36.53125;MPIB2;42.225713028807576;32.555359121873096;0.9267435669898987;-0.37540847063064575;0.012173207476735115;[];
36.53125;MPIB1;23.10003248239377;54.53136507881186;0.4942140281200409;-0.48855432868003845;-0.7189696431159973;[];
36.53125;MPIB4;52.62622029610907;39.974429621129616;-0.8137099146842957;-0.2283521145582199;0.5344986319541931;[];
36.53125;MPIB3;48.81570090305013;23.397737430593452;0.8236262798309326;-0.5663641095161438;0.02796405740082264;[];
36.59375;MPIB2;42.225713028807576;32.555359121873096;0.9276236295700073;-0.3729189932346344;0.01947958394885063;[];
36.59375;MPIB1;23.135462497842354;54.53136507881186;0.4726186990737915;-0.4908948540687561;-0.7317823767662048;[];
36.59375;MPIB4;52.62622029610907;39.974429621129616;-0.8137099146842957;-0.2283521145582199;0.5344986319541931;[];
36.59375;MPIB3;48.81570090305013;23.397737430593452;0.8221580386161804;-0.5684955716133118;0.02791420742869377;[];
36.625;MPIB2;42.225713028807576;32.555359121873096;0.9262867569923401;-0.37540847063064575;0.03153853118419647;[];
36.625;MPIB1;23.135462497842354;54.53136507881186;0.3792552947998047;-0.4908948540687561;-0.7842503786087036;[];
36.625;MPIB4;52.62622029610907;39.974429621129616;-0.8137099146842957;-0.2283521145582199;0.5344986319541931;[];
36.625;MPIB3;48.81570090305013;23.397737430593452;0.8221580386161804;-0.5684955716133118;0.02791420742869377;[];
36.6875;MPIB2;42.225713028807576;32.555359121873096;0.9210398197174072;-0.3874613642692566;0.038611263036727905;[];
36.6875;MPIB1;23.135462497842354;54.53136507881186;0.32503148913383484;-0.4908948540687561;-0.8082353472709656;[];
36.6875;MPIB4;52.62622029610907;39.974429621129616;-0.8137099146842957;-0.2283521145582199;0.5344986319541931;[];
36.6875;MPIB3;48.81570090305013;23.397737430593452;0.8221580386161804;-0.5684955716133118;0.02791420742869377;[];
36.75;MPIB2;42.225713028807576;32.555359121873096;0.911551296710968;-0.4067308008670807;0.05977548658847809;[];
36.75;MPIB1;23.171136538422047;54.53136507881186;0.3037673830986023;-0.4908948540687561;-0.8164668083190918;[];
36.75;MPIB4;52.62622029610907;39.974429621129616;-0.8137099146842957;-0.2283521145582199;0.5344986319541931;[];
36.75;MPIB3;48.81570090305013;23.397737430593452;0.8221580386161804;-0.5684955716133118;0.02791420742869377;[];
36.78125;MPIB2;42.225713028807576;32.555359121873096;0.9012548923492432;-0.4186075031757355;0.11151009052991867;[];
36.78125;MPIB1;23.171136538422047;54.53136507881186;0.2818823754787445;-0.49314841628074646;-0.8229338526725769;[];
36.78125;MPIB4;52.62622029610907;39.974429621129616;-0.8137099146842957;-0.2283521145582199;0.5344986319541931;[];
36.78125;MPIB3;48.81570090305013;23.397737430593452;0.8221580386161804;-0.5684955716133118;0.02791420742869377;[];
36.84375;MPIB2;42.225713028807576;32.555359121873096;0.8985337018966675;-0.42573419213294983;0.10636594146490097;[];
36.84375;MPIB1;23.171136538422047;54.53136507881186;0.2590011656284332;-0.49997231364250183;-0.8263304233551025;[];
36.84375;MPIB4;52.62622029610907;39.974429621129616;-0.8137099146842957;-0.2283521145582199;0.5344986319541931;[];
36.84375;MPIB3;48.81570090305013;23.397737430593452;0.8221580386161804;-0.5684955716133118;0.02791420742869377;[];
36.875;MPIB2;42.225713028807576;32.555359121873096;0.8972006440162659;-0.43283456563949585;0.08723761141300201;[];
36.875;MPIB1;23.171136538422047;54.53136507881186;0.25035157799720764;-0.49997231364250183;-0.8289927244186401;[];
36.875;MPIB4;52.62622029610907;39.974429621129616;-0.8137099146842957;-0.2283521145582199;0.5344986319541931;[];
36.875;MPIB3;48.81570090305013;23.397737430593452;0.8221580386161804;-0.5684955716133118;0.02791420742869377;[];
36.9375;MPIB2;42.225713028807576;32.555359121873096;0.8967395424842834;-0.4351666569709778;0.08008155226707458;[];
36.9375;MPIB1;23.171136538422047;54.53136507881186;0.2347773164510727;-0.5022124648094177;-0.832190752029419;[];
36.9375;MPIB4;52.62622029610907;39.974429621129616;-0.8137099146842957;-0.2283521145582199;0.5344986319541931;[];
36.9375;MPIB3;48.81570090305013;23.397737430593452;0.8221580386161804;-0.5684955716133118;0.02791420742869377;[];
37.0;MPIB2;42.225713028807576;32.555359121873096;0.8961735963821411;-0.4375820457935333;0.07293425500392914;[];
37.0;MPIB1;23.171136538422047;54.53136507881186;0.20632228255271912;-0.5022124648094177;-0.8397006988525391;[];
37.0;MPIB4;52.62622029610907;39.974429621129616;-0.8137099146842957;-0.2283521145582199;0.5344986319541931;[];
37.0;MPIB3;48.81570090305013;23.397737430593452;0.8221580386161804;-0.5684955716133118;0.02791420742869377;[];
37.03125;MPIB2;42.225713028807576;32.555359121873096;0.8953702449798584;-0.44223135709762573;0.051648542284965515;[];
37.03125;MPIB1;23.171136538422047;54.53136507881186;0.18291403353214264;-0.49539870023727417;-0.8491232395172119;[];
37.03125;MPIB4;52.62622029610907;39.974429621129616;-0.8137099146842957;-0.2283521145582199;0.5344986319541931;[];
37.03125;MPIB3;48.818778777072566;23.397737430593452;0.8221580386161804;-0.5684955716133118;0.02791420742869377;[];
37.09375;MPIB2;42.225713028807576;32.555359121873096;0.895106852054596;-0.44455158710479736;0.032882802188396454;[];
37.09375;MPIB1;23.171136538422047;54.53136507881186;0.1772737056016922;-0.48629406094551086;-0.855559229850769;[];
37.09375;MPIB4;52.62622029610907;39.974429621129616;-0.8137099146842957;-0.2283521145582199;0.5344986319541931;[];
37.09375;MPIB3;48.818778777072566;23.397737430593452;0.8221580386161804;-0.5684955716133118;0.02791420742869377;[];
37.125;MPIB2;42.225713028807576;32.555359121873096;0.8942074179649353;-0.446954607963562;0.023409925401210785;[];
37.125;MPIB1;23.171136538422047;54.53136507881186;0.16929316520690918;-0.4771362841129303;-0.8623064160346985;[];
37.125;MPIB4;52.62622029610907;39.974429621129616;-0.8137099146842957;-0.2283521145582199;0.5344986319541931;[];
37.125;MPIB3;48.818778777072566;23.397737430593452;0.8221580386161804;-0.5684955716133118;0.02791420742869377;[];
37.1875;MPIB2;42.225713028807576;32.555359121873096;0.8943638205528259;-0.446954607963562;0.016379328444600105;[];
37.1875;MPIB1;23.171136538422047;54.53136507881186;0.15425404906272888;-0.46792641282081604;-0.8701410889625549;[];
37.1875;MPIB4;52.62622029610907;39.974429621129616;-0.8137099146842957;-0.2283521145582199;0.5344986319541931;[];
37.1875;MPIB3;48.818778777072566;23.397737430593452;0.8221580386161804;-0.5684955716133118;0.02791420742869377;[];
37.25;MPIB2;42.225713028807576;32.555359121873096;0.8944366574287415;-0.446954607963562;0.011748841032385826;[];
37.25;MPIB1;23.171136538422047;54.53136507881186;0.14830757677555084;-0.45858025550842285;-0.8761312365531921;[];
37.25;MPIB4;52.62622029610907;39.974429621129616;-0.8137099146842957;-0.2283521145582199;0.5344986319541931;[];
37.25;MPIB3;48.818778777072566;23.397737430593452;0.8221580386161804;-0.5684955716133118;0.02791420742869377;[];
37.28125;MPIB2;42.225713028807576;32.555359121873096;0.8944640159606934;-0.446954607963562;0.009433473460376263;[];
37.28125;MPIB1;23.171136538422047;54.53136507881186;0.14406761527061462;-0.4539734125137329;-0.8792331218719482;[];
37.28125;MPIB4;52.62622029610907;39.974429621129616;-0.8137099146842957;-0.2283521145582199;0.5344986319541931;[];
37.28125;MPIB3;48.818778777072566;23.397737430593452;0.8221580386161804;-0.5684955716133118;0.02791420742869377;[];
37.34375;MPIB2;42.225713028807576;32.555359121873096;0.8944861888885498;-0.446954607963562;0.007032283116132021;[];
37.34375;MPIB1;23.171136538422047;54.53136507881186;0.13942930102348328;-0.4539734125137329;-0.8799809813499451;[];
37.34375;MPIB4;52.62622029610907;39.974429621129616;-0.8137099146842957;-0.2283521145582199;0.5344986319541931;[];
37.34375;MPIB3;48.818778777072566;23.397737430593452;0.8221580386161804;-0.5684955716133118;0.02791420742869377;[];
37.375;MPIB2;42.225713028807576;32.555359121873096;0.8945105671882629;-0.446954607963562;0.0024012892972677946;[];
37.375;MPIB1;23.171136538422047;54.53136507881186;0.1375175416469574;-0.44926875829696655;-0.8826926350593567;[];
37.375;MPIB4;52.62622029610907;39.974429621129616;-0.8137099146842957;-0.2283521145582199;0.5344986319541931;[];
37.375;MPIB3;48.818778777072566;23.397737430593452;0.8221580386161804;-0.5684955716133118;0.02791420742869377;[];
37.4375;MPIB2;42.225713028807576;32.555359121873096;0.8945137858390808;-0.446954607963562;0.0;[];
37.4375;MPIB1;23.171136538422047;54.53136507881186;0.1352321207523346;-0.44926875829696655;-0.8830459117889404;[];
37.4375;MPIB4;52.62622029610907;39.974429621129616;-0.8137099146842957;-0.2283521145582199;0.5344986319541931;[];
37.4375;MPIB3;48.818778777072566;23.397737430593452;0.8222275376319885;-0.5684955716133118;0.025785885751247406;[];
37.5;MPIB2;42.225713028807576;32.555359121873096;0.894501805305481;-0.446954607963562;-0.004631042946130037;[];
37.5;MPIB1;23.171136538422047;54.53136507881186;0.13108614087104797;-0.44223135709762573;-0.8872144818305969;[];
37.5;MPIB4;52.62622029610907;39.974429621129616;-0.8137099146842957;-0.2283521145582199;0.5344986319541931;[];
37.5;MPIB3;48.818778777072566;23.397737430593452;0.8222275376319885;-0.5684955716133118;0.025785885751247406;[];
37.53125;MPIB2;42.225713028807576;32.555359121873096;0.8944861888885498;-0.446954607963562;-0.007032283116132021;[];
37.53125;MPIB1;23.171136538422047;54.53136507881186;0.1289530247449875;-0.4399081766605377;-0.888681173324585;[];
37.53125;MPIB4;52.62622029610907;39.974429621129616;-0.8137099146842957;-0.2283521145582199;0.5344986319541931;[];
37.53125;MPIB3;48.818778777072566;23.397737430593452;0.8222275376319885;-0.5684955716133118;0.025785885751247406;[];
37.59375;MPIB2;42.225713028807576;32.555359121873096;0.8944377303123474;-0.446954607963562;-0.011663088575005531;[];
37.59375;MPIB1;23.171136538422047;54.53136507881186;0.12227591872215271;-0.4351666569709778;-0.8919543027877808;[];
37.59375;MPIB4;52.62622029610907;39.974429621129616;-0.8137099146842957;-0.2283521145582199;0.5344986319541931;[];
37.59375;MPIB3;48.818778777072566;23.397737430593452;0.8222275376319885;-0.5684955716133118;0.025785885751247406;[];
37.625;MPIB2;42.225713028807576;32.555359121873096;0.8943638205528259;-0.446954607963562;-0.016379328444600105;[];
37.625;MPIB1;23.171136538422047;54.53136507881186;0.09974963217973709;-0.4186075031757355;-0.902622640132904;[];
37.625;MPIB4;52.62622029610907;39.974429621129616;-0.8137099146842957;-0.2283521145582199;0.5344986319541931;[];
37.625;MPIB3;48.818778777072566;23.397737430593452;0.8222275376319885;-0.5684955716133118;0.025785885751247406;[];
37.6875;MPIB2;42.225713028807576;32.555359121873096;0.8943184614181519;-0.446954607963562;-0.01869441382586956;[];
37.6875;MPIB1;23.171136538422047;54.53136507881186;0.07301818579435349;-0.3681102991104126;-0.9268680810928345;[];
37.6875;MPIB4;52.62622029610907;39.974429621129616;-0.8137099146842957;-0.2283521145582199;0.5344986319541931;[];
37.6875;MPIB3;48.818778777072566;23.397737430593452;0.8222275376319885;-0.5684955716133118;0.025785885751247406;[];
37.75;MPIB2;42.225713028807576;32.555359121873096;0.8942670226097107;-0.446954607963562;-0.021009374409914017;[];
37.75;MPIB1;23.174285316943156;54.53136507881186;0.04452851787209511;-0.32884371280670166;-0.9432981610298157;[];
37.75;MPIB4;52.62622029610907;39.974429621129616;-0.8137099146842957;-0.2283521145582199;0.5344986319541931;[];
37.75;MPIB3;48.818778777072566;23.397737430593452;0.8222275376319885;-0.5684955716133118;0.025785885751247406;[];
37.78125;MPIB2;42.225713028807576;32.555359121873096;0.8942074179649353;-0.446954607963562;-0.023409925401210785;[];
37.78125;MPIB1;23.174285316943156;54.53136507881186;0.042125750333070755;-0.32630735635757446;-0.9442892670631409;[];
37.78125;MPIB4;52.62622029610907;39.974429621129616;-0.8137099146842957;-0.2283521145582199;0.5344986319541931;[];
37.78125;MPIB3;48.818778777072566;23.397737430593452;0.8222275376319885;-0.5684955716133118;0.025785885751247406;[];
37.84375;MPIB2;42.225713028807576;32.555359121873096;0.89414381980896;-0.446954607963562;-0.025724582374095917;[];
37.84375;MPIB1;23.174285316943156;54.53136507881186;0.04216326028108597;-0.3238593637943268;-0.9451301693916321;[];
37.84375;MPIB4;52.62622029610907;39.974429621129616;-0.8137099146842957;-0.2283521145582199;0.5344986319541931;[];
37.84375;MPIB3;48.818778777072566;23.397737430593452;0.8222275376319885;-0.5684955716133118;0.025785885751247406;[];
37.875;MPIB2;42.225713028807576;32.555359121873096;0.8940742611885071;-0.446954607963562;-0.02803906984627247;[];
37.875;MPIB1;23.174285316943156;54.53136507881186;0.04216326028108597;-0.3238593637943268;-0.9451301693916321;[];
37.875;MPIB4;52.62622029610907;39.974429621129616;-0.8137099146842957;-0.2283521145582199;0.5344986319541931;[];
37.875;MPIB3;48.818778777072566;23.397737430593452;0.8222275376319885;-0.5684955716133118;0.025785885751247406;[];
37.9375;MPIB2;42.225713028807576;32.555359121873096;0.8939957618713379;-0.446954607963562;-0.030439075082540512;[];
37.9375;MPIB1;23.174285316943156;54.53136507881186;0.04216326028108597;-0.3238593637943268;-0.9451301693916321;[];
37.9375;MPIB4;52.62622029610907;39.974429621129616;-0.8137099146842957;-0.2283521145582199;0.5344986319541931;[];
37.9375;MPIB3;48.818778777072566;23.397737430593452;0.8222275376319885;-0.5684955716133118;0.025785885751247406;[];
38.0;MPIB2;42.225713028807576;32.555359121873096;0.893913984298706;-0.446954607963562;-0.03275316581130028;[];
38.0;MPIB1;23.174285316943156;54.53136507881186;0.04216326028108597;-0.3238593637943268;-0.9451301693916321;[];
38.0;MPIB4;52.62622029610907;39.974429621129616;-0.8137099146842957;-0.2283521145582199;0.5344986319541931;[];
38.0;MPIB3;48.818778777072566;23.397737430593452;0.8222915530204773;-0.5684955716133118;0.023657387122511864;[];
38.03125;MPIB2;42.225713028807576;32.555359121873096;0.893913984298706;-0.446954607963562;-0.03275316581130028;[];
38.03125;MPIB1;23.174285316943156;54.53136507881186;0.042200494557619095;-0.3214091956615448;-0.9459647536277771;[];
38.03125;MPIB4;52.62622029610907;39.974429621129616;-0.8137099146842957;-0.2283521145582199;0.5344986319541931;[];
38.03125;MPIB3;48.818778777072566;23.397737430593452;0.8222915530204773;-0.5684955716133118;0.023657387122511864;[];
38.09375;MPIB2;42.225713028807576;32.555359121873096;0.8926668167114258;-0.44926875829696655;-0.035021547228097916;[];
38.09375;MPIB1;23.174285316943156;54.53136507881186;0.042455777525901794;-0.30401602387428284;-0.951687216758728;[];
38.09375;MPIB4;52.62622029610907;39.974429621129616;-0.8137099146842957;-0.2283521145582199;0.5344986319541931;[];
38.09375;MPIB3;48.821334099207434;23.29977100547262;0.8223521113395691;-0.5684955716133118;0.021449891850352287;[];
38.125;MPIB2;42.22981771850252;32.653273109807685;0.8914044499397278;-0.45157986879348755;-0.037368908524513245;[];
38.125;MPIB1;23.174285316943156;54.53136507881186;0.042455777525901794;-0.30401602387428284;-0.951687216758728;[];
38.125;MPIB4;52.62622029610907;39.974429621129616;-0.8137099146842957;-0.2283521145582199;0.5344986319541931;[];
38.125;MPIB3;48.819539633855584;23.148297769687474;0.8164515495300293;-0.5771399736404419;-0.01495247334241867;[];
38.1875;MPIB2;42.23392240819746;32.8046481413642;0.8914044499397278;-0.45157986879348755;-0.037368908524513245;[];
38.1875;MPIB1;23.27218751805924;54.53574198664478;0.042455777525901794;-0.30401602387428284;-0.951687216758728;[];
38.1875;MPIB4;52.62622029610907;39.974429621129616;-0.8137099146842957;-0.2283521145582199;0.5344986319541931;[];
38.1875;MPIB3;48.79492639870978;22.970734600289774;0.7830440998077393;-0.5877386927604675;-0.20318341255187988;[];
38.25;MPIB2;42.2380270978924;32.98521290612874;0.8914044499397278;-0.45157986879348755;-0.037368908524513245;[];
38.25;MPIB1;23.399440335506256;54.46825997711471;0.042455777525901794;-0.30401602387428284;-0.951687216758728;[];
38.25;MPIB4;52.62622029610907;39.974429621129616;-0.8137099146842957;-0.2283521145582199;0.5344986319541931;[];
38.25;MPIB3;48.751202121060714;22.780582149967444;0.7723077535629272;-0.5834643840789795;-0.25096219778060913;[];
38.28125;MPIB2;42.24213178758734;33.18171526707607;0.8914044499397278;-0.45157986879348755;-0.037368908524513245;[];
38.28125;MPIB1;23.542718591331436;54.36393278610157;0.042455777525901794;-0.30401602387428284;-0.951687216758728;[];
38.28125;MPIB4;52.62622029610907;39.974429621129616;-0.8137099146842957;-0.2283521145582199;0.5344986319541931;[];
38.28125;MPIB3;48.77037860911878;22.586499839768464;0.778181254863739;-0.5642287731170654;-0.2755890190601349;[];
38.34375;MPIB2;42.24623647728228;33.38691955654997;0.8914044499397278;-0.45157986879348755;-0.037368908524513245;[];
38.34375;MPIB1;23.625325435931472;54.20906793207595;0.042455777525901794;-0.30401602387428284;-0.951687216758728;[];
38.34375;MPIB4;52.62622029610907;39.974429621129616;-0.8137099146842957;-0.2283521145582199;0.5344986319541931;[];
38.34375;MPIB3;48.81936518134398;22.38824601296332;0.7923259735107422;-0.5157464742660522;-0.3257158696651459;[];
38.375;MPIB2;42.25034116697722;33.59687509955123;0.8914044499397278;-0.45157986879348755;-0.037368908524513245;[];
38.375;MPIB1;23.674805686154855;54.026609510840444;0.042455777525901794;-0.30401602387428284;-0.951687216758728;[];
38.375;MPIB4;52.62622029610907;39.974429621129616;-0.8137099146842957;-0.2283521145582199;0.5344986319541931;[];
38.375;MPIB3;48.88365269473343;22.187313473073118;0.7974111437797546;-0.49997231364250183;-0.3376809358596802;[];
38.4375;MPIB2;42.25444585667216;33.80942482727974;0.8914044499397278;-0.45157986879348755;-0.037368908524513245;[];
38.4375;MPIB1;23.706198813747733;53.829085000158386;0.042455777525901794;-0.30401602387428284;-0.951687216758728;[];
38.4375;MPIB4;52.54846786239182;40.0340832646483;-0.7747262716293335;-0.21554511785507202;0.5943896770477295;[];
38.4375;MPIB3;49.00731648260148;22.035644452745714;0.7907077074050903;-0.48403051495552063;-0.374643474817276;[];
38.5;MPIB2;42.258550546367104;34.02339098003387;0.8914044499397278;-0.45157986879348755;-0.037368908524513245;[];
38.5;MPIB1;23.727716371237307;53.62333440368303;0.042455777525901794;-0.30401602387428284;-0.951687216758728;[];
38.5;MPIB4;52.4431498905974;40.1418337644688;-0.6304286122322083;-0.1847361922264099;0.7539214491844177;[];
38.5;MPIB3;49.16144611826326;21.906976372999026;0.7744070291519165;-0.4816797375679016;-0.41004443168640137;[];
38.53125;MPIB2;42.262655236062045;34.23813050094179;0.8914044499397278;-0.45157986879348755;-0.037368908524513245;[];
38.53125;MPIB1;23.74230204322498;53.41303565002332;0.027487419545650482;-0.30401602387428284;-0.9522385001182556;[];
38.53125;MPIB4;52.3286653410496;40.28039741092161;-0.5725120306015015;-0.1744559109210968;0.8011005520820618;[];
38.53125;MPIB3;49.329028777892745;21.78530581039456;0.7459553480148315;-0.4816797375679016;-0.4597700536251068;[];
38.59375;MPIB2;42.266759925756986;34.453292280910745;0.8914044499397278;-0.45157986879348755;-0.037368908524513245;[];
38.59375;MPIB1;23.752079074443145;53.200229305909204;0.01750573143362999;-0.30894404649734497;-0.9508877992630005;[];
38.59375;MPIB4;52.20938242171542;40.43593227576355;-0.570436418056488;-0.1744559109210968;0.8025798797607422;[];
38.59375;MPIB3;49.42052892067841;21.71887367549627;0.7158290147781372;-0.49539870023727417;-0.49195417761802673;[];
38.625;MPIB2;42.27086461545193;34.66868461435379;0.8914044499397278;-0.45157986879348755;-0.037368908524513245;[];
38.625;MPIB1;23.758460229476555;52.98604258922299;0.009994777850806713;-0.3189568817615509;-0.9476850032806396;[];
38.625;MPIB4;52.090662550985144;40.60290284972757;-0.5387011766433716;-0.17190642654895782;0.8247525691986084;[];
38.625;MPIB3;49.47048800444236;21.68260172562873;0.6790826916694641;-0.5224658846855164;-0.5154838562011719;[];
38.6875;MPIB2;42.27496930514687;34.88420283000832;0.8914044499397278;-0.45157986879348755;-0.037368908524513245;[];
38.6875;MPIB1;23.762987235897754;52.771102189024845;0.009994777850806713;-0.3189568817615509;-0.9476850032806396;[];
38.6875;MPIB4;51.97332444502263;40.77680909310476;-0.5281386971473694;-0.16935580968856812;0.8320794105529785;[];
38.6875;MPIB3;49.4977656673459;21.662797238700705;0.6619027256965637;-0.5379912257194519;-0.5218208432197571;[];
38.75;MPIB2;42.27907399484181;35.099789777358325;0.8914044499397278;-0.45157986879348755;-0.037368908524513245;[];
38.75;MPIB1;23.764030131266054;52.55575027758141;0.0099683478474617;-0.32630735635757446;-0.9451789259910583;[];
38.75;MPIB4;51.856963081959066;40.954642894284234;-0.5259031057357788;-0.16935580968856812;0.8334941267967224;[];
38.75;MPIB3;49.4977656673459;21.662797238700705;0.6476940512657166;-0.5577207207679749;-0.5189284086227417;[];
38.78125;MPIB2;42.28317868453675;35.3154142522184;0.8914044499397278;-0.45157986879348755;-0.037368908524513245;[];
38.78125;MPIB1;23.76481935578545;52.34017130423672;0.00747255003079772;-0.34365129470825195;-0.9390339255332947;[];
38.78125;MPIB4;51.74134974631306;41.13475623620022;-0.523743748664856;-0.16935580968856812;0.8348526954650879;[];
38.78125;MPIB3;49.4977656673459;21.662797238700705;0.63321453332901;-0.5771399736404419;-0.515553891658783;[];
38.84375;MPIB2;42.28728337423169;35.53105921710136;0.8914044499397278;-0.45157986879348755;-0.037368908524513245;[];
38.84375;MPIB1;23.76481935578545;52.22246517111864;-0.007152979727834463;-0.36078935861587524;-0.9325852990150452;[];
38.84375;MPIB4;51.626359902143804;41.31624874263673;-0.5215808749198914;-0.16935580968856812;0.8362056612968445;[];
38.84375;MPIB3;49.52523120584533;21.642856347866086;0.6308887600898743;-0.5813601613044739;-0.5136602520942688;[];
38.875;MPIB2;42.28728337423169;35.648801381603505;0.8914044499397278;-0.45157986879348755;-0.037368908524513245;[];
38.875;MPIB1;23.76481935578545;52.15819761497133;-0.02167939580976963;-0.37540847063064575;-0.926569938659668;[];
38.875;MPIB4;51.514789872651136;41.50033757643092;-0.4897046983242035;-0.17964565753936768;0.8531605005264282;[];
38.875;MPIB3;49.52523120584533;21.642856347866086;0.6283900737762451;-0.5834643840789795;-0.5143368244171143;[];
38.9375;MPIB2;42.28728337423169;35.7130886108888;0.8913047313690186;-0.45157986879348755;-0.03967626392841339;[];
38.9375;MPIB1;23.76481935578545;52.12310752523908;-0.02167939580976963;-0.37540847063064575;-0.926569938659668;[];
38.9375;MPIB4;51.416604154774404;41.69148705251942;-0.37068742513656616;-0.2232152223587036;0.901512086391449;[];
38.9375;MPIB3;49.52523120584533;21.642856347866086;0.6217763423919678;-0.5856424570083618;-0.519869327545166;[];
39.0;MPIB2;42.28728337423169;35.74818944215562;0.8911991119384766;-0.45157986879348755;-0.04198335483670235;[];
39.0;MPIB1;23.76481935578545;52.12310752523908;-0.02893254905939102;-0.3778064548969269;-0.925396203994751;[];
39.0;MPIB4;51.362994746586764;41.79585467858632;-0.3165629506111145;-0.24353814125061035;0.9167506694793701;[];
39.0;MPIB3;49.52523120584533;21.642856347866086;0.613524854183197;-0.5856424570083618;-0.5295817852020264;[];
39.03125;MPIB2;42.28728337423169;35.74818944215562;0.8894979953765869;-0.4539734125137329;-0.0512242428958416;[];
39.03125;MPIB1;23.76481935578545;52.12310752523908;-0.02893254905939102;-0.3778064548969269;-0.925396203994751;[];
39.03125;MPIB4;51.333724006316515;41.852839409037784;-0.31397581100463867;-0.24614089727401733;0.9169449806213379;[];
39.03125;MPIB3;49.52523120584533;21.642856347866086;0.6123750805854797;-0.5877386927604675;-0.5285893678665161;[];
39.09375;MPIB2;42.28728337423169;35.74818944215562;0.8885826468467712;-0.4539734125137329;-0.06520318239927292;[];
39.09375;MPIB1;23.76481935578545;52.087775751622786;-0.02893254905939102;-0.3778064548969269;-0.925396203994751;[];
39.09375;MPIB4;51.31774218027272;41.88395307547822;-0.3116011619567871;-0.24614089727401733;0.9177547097206116;[];
39.09375;MPIB3;49.52523120584533;21.642856347866086;0.6123750805854797;-0.5877386927604675;-0.5285893678665161;[];
39.125;MPIB2;42.28728337423169;35.7835320312891;0.8884620666503906;-0.44926875829696655;-0.09335815906524658;[];
39.125;MPIB1;23.76481935578545;52.087775751622786;-0.02893254905939102;-0.3778064548969269;-0.925396203994751;[];
39.125;MPIB4;51.31774218027272;41.88395307547822;-0.3116011619567871;-0.24614089727401733;0.9177547097206116;[];
39.125;MPIB3;49.52523120584533;21.642856347866086;0.6123750805854797;-0.5877386927604675;-0.5285893678665161;[];
39.1875;MPIB2;42.28728337423169;35.7835320312891;0.8877550959587097;-0.446954607963562;-0.10975337773561478;[];
39.1875;MPIB1;23.76481935578545;52.087775751622786;-0.02893254905939102;-0.3778064548969269;-0.925396203994751;[];
39.1875;MPIB4;51.31774218027272;41.88395307547822;-0.3116011619567871;-0.24614089727401733;0.9177547097206116;[];
39.1875;MPIB3;49.52523120584533;21.642856347866086;0.6110045909881592;-0.5877386927604675;-0.5301729440689087;[];
39.25;MPIB2;42.28728337423169;35.7835320312891;0.8868648409843445;-0.446954607963562;-0.11672913283109665;[];
39.25;MPIB1;23.76481935578545;52.087775751622786;-0.02893254905939102;-0.3778064548969269;-0.925396203994751;[];
39.25;MPIB4;51.30425166307941;41.91528103808628;-0.3116011619567871;-0.24614089727401733;0.9177547097206116;[];
39.25;MPIB3;49.52523120584533;21.642856347866086;0.6053788065910339;-0.5877386927604675;-0.5365875959396362;[];
39.28125;MPIB2;42.28728337423169;35.7835320312891;0.8882420659065247;-0.44223135709762573;-0.12402193248271942;[];
39.28125;MPIB1;23.76481935578545;52.087775751622786;-0.02893254905939102;-0.3778064548969269;-0.925396203994751;[];
39.28125;MPIB4;51.30425166307941;41.91528103808628;-0.3090200126171112;-0.24864903092384338;0.9179510474205017;[];
39.28125;MPIB3;49.52523120584533;21.642856347866086;0.5871514678001404;-0.5898310542106628;-0.5542551279067993;[];
39.34375;MPIB2;42.28728337423169;35.7835320312891;0.8879180550575256;-0.44223135709762573;-0.12632082402706146;[];
39.34375;MPIB1;23.76481935578545;52.087775751622786;-0.02893254905939102;-0.3778064548969269;-0.925396203994751;[];
39.34375;MPIB4;51.30425166307941;41.91528103808628;-0.30838656425476074;-0.25625601410865784;0.9160693883895874;[];
39.34375;MPIB3;49.52523120584533;21.642856347866086;0.5702305436134338;-0.5940809845924377;-0.567231297492981;[];
39.375;MPIB2;42.28728337423169;35.7835320312891;0.8879180550575256;-0.44223135709762573;-0.12632082402706146;[];
39.375;MPIB1;23.76481935578545;52.087775751622786;-0.02893254905939102;-0.3778064548969269;-0.925396203994751;[];
39.375;MPIB4;51.30425166307941;41.91528103808628;-0.308173805475235;-0.2587572932243347;0.9154374003410339;[];
39.375;MPIB3;49.52523120584533;21.642856347866086;0.5631355047225952;-0.5961612462997437;-0.572115957736969;[];
39.4375;MPIB2;42.28728337423169;35.7835320312891;0.8879180550575256;-0.44223135709762573;-0.12632082402706146;[];
39.4375;MPIB1;23.76481935578545;52.087775751622786;-0.02893254905939102;-0.3778064548969269;-0.925396203994751;[];
39.4375;MPIB4;51.30425166307941;41.91528103808628;-0.30729395151138306;-0.2688373327255249;0.9128237366676331;[];
39.4375;MPIB3;49.52523120584533;21.642856347866086;0.556012749671936;-0.5983143448829651;-0.5768156051635742;[];
39.5;MPIB2;42.28728337423169;35.7835320312891;0.8879180550575256;-0.44223135709762573;-0.12632082402706146;[];
39.5;MPIB1;23.76481935578545;52.087775751622786;-0.02893254905939102;-0.3778064548969269;-0.925396203994751;[];
39.5;MPIB4;51.30425166307941;41.91528103808628;-0.3063720464706421;-0.2789800465106964;0.910085141658783;[];
39.5;MPIB3;49.52523120584533;21.642856347866086;0.5499540567398071;-0.5983143448829651;-0.5825951099395752;[];
39.53125;MPIB2;42.28728337423169;35.7835320312891;0.8879180550575256;-0.44223135709762573;-0.12632082402706146;[];
39.53125;MPIB1;23.76481935578545;52.087775751622786;-0.02893254905939102;-0.3778064548969269;-0.925396203994751;[];
39.53125;MPIB4;51.30425166307941;41.91528103808628;-0.3061405122280121;-0.28146493434906006;0.9093974232673645;[];
39.53125;MPIB3;49.52523120584533;21.642856347866086;0.5468741059303284;-0.5983143448829651;-0.5854871869087219;[];
39.59375;MPIB2;42.28728337423169;35.7835320312891;0.8879180550575256;-0.44223135709762573;-0.12632082402706146;[];
39.59375;MPIB1;23.76481935578545;52.087775751622786;-0.02896302193403244;-0.37540847063064575;-0.9263708591461182;[];
39.59375;MPIB4;51.30425166307941;41.91528103808628;-0.3061405122280121;-0.28146493434906006;0.9093974232673645;[];
39.59375;MPIB3;49.52523120584533;21.642856347866086;0.5468741059303284;-0.5983143448829651;-0.5854871869087219;[];
39.625;MPIB2;42.28728337423169;35.7835320312891;0.8879180550575256;-0.44223135709762573;-0.12632082402706146;[];
39.625;MPIB1;23.76481935578545;52.087775751622786;-0.028994416818022728;-0.3729189932346344;-0.9273749589920044;[];
39.625;MPIB4;51.30425166307941;41.91528103808628;-0.3061405122280121;-0.28146493434906006;0.9093974232673645;[];
39.625;MPIB3;49.52523120584533;21.642856347866086;0.5427821278572083;-0.6003865003585815;-0.5871714949607849;[];
39.6875;MPIB2;42.28728337423169;35.7835320312891;0.8879180550575256;-0.44223135709762573;-0.12632082402706146;[];
39.6875;MPIB1;23.76481935578545;52.087775751622786;-0.028994416818022728;-0.3729189932346344;-0.9273749589920044;[];
39.6875;MPIB4;51.30425166307941;41.91528103808628;-0.31538626551628113;-0.2839479446411133;0.9054572582244873;[];
39.6875;MPIB3;49.52523120584533;21.642856347866086;0.5412037968635559;-0.6003865003585815;-0.5886266231536865;[];
39.75;MPIB2;42.28728337423169;35.7835320312891;0.8879180550575256;-0.44223135709762573;-0.12632082402706146;[];
39.75;MPIB1;23.76481935578545;52.087775751622786;-0.028994416818022728;-0.3729189932346344;-0.9273749589920044;[];
39.75;MPIB4;51.30425166307941;41.91528103808628;-0.31772905588150024;-0.2839479446411133;0.9046378135681152;[];
39.75;MPIB3;49.52523120584533;21.642856347866086;0.5412037968635559;-0.6003865003585815;-0.5886266231536865;[];
39.78125;MPIB2;42.28728337423169;35.7835320312891;0.8879180550575256;-0.44223135709762573;-0.12632082402706146;[];
39.78125;MPIB1;23.76481935578545;52.087775751622786;-0.028994416818022728;-0.3729189932346344;-0.9273749589920044;[];
39.78125;MPIB4;51.30425166307941;41.91528103808628;-0.31772905588150024;-0.2839479446411133;0.9046378135681152;[];
39.78125;MPIB3;49.52523120584533;21.642856347866086;0.5365591645240784;-0.6003865003585815;-0.5928636193275452;[];
39.84375;MPIB2;42.28728337423169;35.7835320312891;0.8879180550575256;-0.44223135709762573;-0.12632082402706146;[];
39.84375;MPIB1;23.76481935578545;52.087775751622786;-0.028994416818022728;-0.3729189932346344;-0.9273749589920044;[];
39.84375;MPIB4;51.30425166307941;41.91528103808628;-0.31772905588150024;-0.2839479446411133;0.9046378135681152;[];
39.84375;MPIB3;49.52523120584533;21.642856347866086;0.5365591645240784;-0.6003865003585815;-0.5928636193275452;[];
39.875;MPIB2;42.28728337423169;35.7835320312891;0.8879180550575256;-0.44223135709762573;-0.12632082402706146;[];
39.875;MPIB1;23.76481935578545;52.087775751622786;-0.028994416818022728;-0.3729189932346344;-0.9273749589920044;[];
39.875;MPIB4;51.30425166307941;41.91528103808628;-0.31772905588150024;-0.2839479446411133;0.9046378135681152;[];
39.875;MPIB3;49.52523120584533;21.642856347866086;0.5355144143104553;-0.6024546027183533;-0.5917092561721802;[];
39.9375;MPIB2;42.28728337423169;35.7835320312891;0.8879180550575256;-0.44223135709762573;-0.12632082402706146;[];
39.9375;MPIB1;23.76481935578545;52.087775751622786;-0.028994416818022728;-0.3729189932346344;-0.9273749589920044;[];
39.9375;MPIB4;51.30425166307941;41.91528103808628;-0.31772905588150024;-0.2839479446411133;0.9046378135681152;[];
39.9375;MPIB3;49.52523120584533;21.642856347866086;0.5355144143104553;-0.6024546027183533;-0.5917092561721802;[];
40.0;MPIB2;42.28728337423169;35.7835320312891;0.8879180550575256;-0.44223135709762573;-0.12632082402706146;[];
40.0;MPIB1;23.76481935578545;52.087775751622786;-0.028994416818022728;-0.3729189932346344;-0.9273749589920044;[];
40.0;MPIB4;51.30425166307941;41.91528103808628;-0.31772905588150024;-0.2839479446411133;0.9046378135681152;[];
40.0;MPIB3;49.52523120584533;21.642856347866086;0.5355144143104553;-0.6024546027183533;-0.5917092561721802;[];
40.03125;MPIB2;42.28728337423169;35.7835320312891;0.8879180550575256;-0.44223135709762573;-0.12632082402706146;[];
40.03125;MPIB1;23.761756878450115;51.98670505592801;-0.029054375365376472;-0.3681102991104126;-0.9292927384376526;[];
40.03125;MPIB4;51.30425166307941;41.91528103808628;-0.31772905588150024;-0.2839479446411133;0.9046378135681152;[];
40.03125;MPIB3;49.52523120584533;21.642856347866086;0.5355144143104553;-0.6024546027183533;-0.5917092561721802;[];
40.09375;MPIB2;42.28728337423169;35.7835320312891;0.8879180550575256;-0.44223135709762573;-0.12632082402706146;[];
40.09375;MPIB1;23.75869440111478;51.835271060667935;-0.029054375365376472;-0.3681102991104126;-0.9292927384376526;[];
40.09375;MPIB4;51.30425166307941;41.91528103808628;-0.31772905588150024;-0.2839479446411133;0.9046378135681152;[];
40.09375;MPIB3;49.52523120584533;21.642856347866086;0.5355144143104553;-0.6024546027183533;-0.5917092561721802;[];
40.125;MPIB2;42.28728337423169;35.786651554161665;0.8879180550575256;-0.44223135709762573;-0.12632082402706146;[];
40.125;MPIB1;23.755631923779447;51.65463596219544;-0.029054375365376472;-0.3681102991104126;-0.9292927384376526;[];
40.125;MPIB4;51.30425166307941;41.91528103808628;-0.31772905588150024;-0.2839479446411133;0.9046378135681152;[];
40.125;MPIB3;49.52523120584533;21.642856347866086;0.5355144143104553;-0.6024546027183533;-0.5917092561721802;[];
40.1875;MPIB2;42.28728337423169;35.786651554161665;0.8879180550575256;-0.44223135709762573;-0.12632082402706146;[];
40.1875;MPIB1;23.752569446444113;51.45805705951702;-0.029054375365376472;-0.3681102991104126;-0.9292927384376526;[];
40.1875;MPIB4;51.30425166307941;41.91528103808628;-0.31538626551628113;-0.2839479446411133;0.9054572582244873;[];
40.1875;MPIB3;49.52523120584533;21.642856347866086;0.5355144143104553;-0.6024546027183533;-0.5917092561721802;[];
40.25;MPIB2;42.28728337423169;35.786651554161665;0.8879180550575256;-0.44223135709762573;-0.12632082402706146;[];
40.25;MPIB1;23.752569446444113;51.3507249661877;-0.029054375365376472;-0.3681102991104126;-0.9292927384376526;[];
40.25;MPIB4;51.30425166307941;41.91528103808628;-0.31538626551628113;-0.2839479446411133;0.9054572582244873;[];
40.25;MPIB3;49.52523120584533;21.642856347866086;0.5355144143104553;-0.6024546027183533;-0.5917092561721802;[];
40.28125;MPIB2;42.28728337423169;35.786651554161665;0.8879180550575256;-0.44223135709762573;-0.12632082402706146;[];
40.28125;MPIB1;23.752569446444113;51.29212163642296;-0.029054375365376472;-0.3681102991104126;-0.9292927384376526;[];
40.28125;MPIB4;51.30425166307941;41.91528103808628;-0.31538626551628113;-0.2839479446411133;0.9054572582244873;[];
40.28125;MPIB3;49.52523120584533;21.642856347866086;0.5355144143104553;-0.6024546027183533;-0.5917092561721802;[];
40.34375;MPIB2;42.28728337423169;35.786651554161665;0.8882420659065247;-0.44223135709762573;-0.12402193248271942;[];
40.34375;MPIB1;23.74858822637384;51.1327864608821;-0.02911464311182499;-0.36320239305496216;-0.9312204122543335;[];
40.34375;MPIB4;51.30425166307941;41.91528103808628;-0.31538626551628113;-0.2839479446411133;0.9054572582244873;[];
40.34375;MPIB3;49.52523120584533;21.642856347866086;0.5355144143104553;-0.6024546027183533;-0.5917092561721802;[];
40.375;MPIB2;42.28728337423169;35.786651554161665;0.8862369656562805;-0.446954607963562;-0.12140398472547531;[];
40.375;MPIB1;23.744607006303568;50.918451691159134;-0.029231691733002663;-0.3534461557865143;-0.934964120388031;[];
40.375;MPIB4;51.30425166307941;41.91528103808628;-0.31538626551628113;-0.2839479446411133;0.9054572582244873;[];
40.375;MPIB3;49.52523120584533;21.642856347866086;0.5355144143104553;-0.6024546027183533;-0.5917092561721802;[];
40.4375;MPIB2;42.28728337423169;35.786651554161665;0.8862369656562805;-0.446954607963562;-0.12140398472547531;[];
40.4375;MPIB1;23.740625786233295;50.67408713952469;-0.029231691733002663;-0.3534461557865143;-0.934964120388031;[];
40.4375;MPIB4;51.30425166307941;41.91528103808628;-0.31538626551628113;-0.2839479446411133;0.9054572582244873;[];
40.4375;MPIB3;49.52523120584533;21.642856347866086;0.5355144143104553;-0.6024546027183533;-0.5917092561721802;[];
40.5;MPIB2;42.28728337423169;35.786651554161665;0.8865597248077393;-0.446954607963562;-0.11902447789907455;[];
40.5;MPIB1;23.736644566163022;50.41332632506209;-0.029231691733002663;-0.3534461557865143;-0.934964120388031;[];
40.5;MPIB4;51.30425166307941;41.91528103808628;-0.31538626551628113;-0.2839479446411133;0.9054572582244873;[];
40.5;MPIB3;49.52523120584533;21.642856347866086;0.5355144143104553;-0.6024546027183533;-0.5917092561721802;[];
40.53125;MPIB2;42.28728337423169;35.786651554161665;0.8868648409843445;-0.446954607963562;-0.11672913283109665;[];
40.53125;MPIB1;23.733334857841555;50.1435939126564;-0.024153776466846466;-0.3681102991104126;-0.9294330477714539;[];
40.53125;MPIB4;51.30425166307941;41.91528103808628;-0.31538626551628113;-0.2839479446411133;0.9054572582244873;[];
40.53125;MPIB3;49.52523120584533;21.642856347866086;0.5355144143104553;-0.6024546027183533;-0.5917092561721802;[];
40.59375;MPIB2;42.28728337423169;35.786651554161665;0.8860133290290833;-0.44926875829696655;-0.11428459733724594;[];
40.59375;MPIB1;23.730354835616026;49.868954871170786;-0.021725410595536232;-0.3705158829689026;-0.9285365343093872;[];
40.59375;MPIB4;51.30425166307941;41.91528103808628;-0.31538626551628113;-0.2839479446411133;0.9054572582244873;[];
40.59375;MPIB3;49.52523120584533;21.642856347866086;0.5355144143104553;-0.6024546027183533;-0.5917092561721802;[];
40.625;MPIB2;42.28728337423169;35.786651554161665;0.885159969329834;-0.45157986879348755;-0.11175963282585144;[];
40.625;MPIB1;23.730354835616026;49.719001937102206;-0.02167939580976963;-0.37540847063064575;-0.926569938659668;[];
40.625;MPIB4;51.30425166307941;41.91528103808628;-0.31538626551628113;-0.2839479446411133;0.9054572582244873;[];
40.625;MPIB3;49.52523120584533;21.642856347866086;0.5355144143104553;-0.6024546027183533;-0.5917092561721802;[];
40.6875;MPIB2;42.28728337423169;35.786651554161665;0.885159969329834;-0.45157986879348755;-0.11175963282585144;[];
40.6875;MPIB1;23.730354835616026;49.637127625590864;-0.02167939580976963;-0.37540847063064575;-0.926569938659668;[];
40.6875;MPIB4;51.30425166307941;41.91528103808628;-0.31538626551628113;-0.2839479446411133;0.9054572582244873;[];
40.6875;MPIB3;49.52523120584533;21.642856347866086;0.5355144143104553;-0.6024546027183533;-0.5917092561721802;[];
40.75;MPIB2;42.28728337423169;35.786651554161665;0.885159969329834;-0.45157986879348755;-0.11175963282585144;[];
40.75;MPIB1;23.730354835616026;49.59242424631324;-0.02167939580976963;-0.37540847063064575;-0.926569938659668;[];
40.75;MPIB4;51.30425166307941;41.91528103808628;-0.31538626551628113;-0.2839479446411133;0.9054572582244873;[];
40.75;MPIB3;49.52523120584533;21.642856347866086;0.5355144143104553;-0.6024546027183533;-0.5917092561721802;[];
40.78125;MPIB2;42.28728337423169;35.786651554161665;0.885446310043335;-0.45157986879348755;-0.10946794599294662;[];
40.78125;MPIB1;23.730354835616026;49.59242424631324;-0.02167939580976963;-0.37540847063064575;-0.926569938659668;[];
40.78125;MPIB4;51.30425166307941;41.91528103808628;-0.31538626551628113;-0.2839479446411133;0.9054572582244873;[];
40.78125;MPIB3;49.52523120584533;21.642856347866086;0.5355144143104553;-0.6024546027183533;-0.5917092561721802;[];
40.84375;MPIB2;42.28728337423169;35.786651554161665;0.8857266902923584;-0.45157986879348755;-0.10717552155256271;[];
40.84375;MPIB1;23.730354835616026;49.55468940268;-0.021633632481098175;-0.38020193576812744;-0.9246140122413635;[];
40.84375;MPIB4;51.30425166307941;41.91528103808628;-0.31538626551628113;-0.2839479446411133;0.9054572582244873;[];
40.84375;MPIB3;49.52523120584533;21.642856347866086;0.5355144143104553;-0.6024546027183533;-0.5917092561721802;[];
40.875;MPIB2;42.28728337423169;35.786651554161665;0.8857266902923584;-0.45157986879348755;-0.10717552155256271;[];
40.875;MPIB1;23.730354835616026;49.55468940268;-0.021539494395256042;-0.38984647393226624;-0.9205905199050903;[];
40.875;MPIB4;51.30425166307941;41.91528103808628;-0.31538626551628113;-0.2839479446411133;0.9054572582244873;[];
40.875;MPIB3;49.52523120584533;21.642856347866086;0.5355144143104553;-0.6024546027183533;-0.5917092561721802;[];
40.9375;MPIB2;42.28728337423169;35.786651554161665;0.8862795233726501;-0.45157986879348755;-0.10250356048345566;[];
40.9375;MPIB1;23.730354835616026;49.55468940268;-0.021514931693673134;-0.39231711626052856;-0.9195407629013062;[];
40.9375;MPIB4;51.30425166307941;41.91528103808628;-0.31538626551628113;-0.2839479446411133;0.9054572582244873;[];
40.9375;MPIB3;49.52523120584533;21.642856347866086;0.5355144143104553;-0.6024546027183533;-0.5917092561721802;[];
41.0;MPIB2;42.28728337423169;35.786651554161665;0.8853338956832886;-0.4539734125137329;-0.1000724583864212;[];
41.0;MPIB1;23.730354835616026;49.55468940268;-0.021514931693673134;-0.39231711626052856;-0.9195407629013062;[];
41.0;MPIB4;51.30425166307941;41.91528103808628;-0.31538626551628113;-0.2839479446411133;0.9054572582244873;[];
41.0;MPIB3;49.52523120584533;21.642856347866086;0.5386273264884949;-0.6024546027183533;-0.5888769626617432;[];
41.03125;MPIB2;42.28728337423169;35.786651554161665;0.8853338956832886;-0.4539734125137329;-0.1000724583864212;[];
41.03125;MPIB1;23.730354835616026;49.55468940268;-0.021514931693673134;-0.39231711626052856;-0.9195407629013062;[];
41.03125;MPIB4;51.30425166307941;41.91528103808628;-0.31295445561408997;-0.2839479446411133;0.9063006639480591;[];
41.03125;MPIB3;49.52523120584533;21.642856347866086;0.5463160276412964;-0.6024546027183533;-0.5817508697509766;[];
41.09375;MPIB2;42.28728337423169;35.786651554161665;0.8853338956832886;-0.4539734125137329;-0.1000724583864212;[];
41.09375;MPIB1;23.730354835616026;49.55468940268;-0.021514931693673134;-0.39231711626052856;-0.9195407629013062;[];
41.09375;MPIB4;51.30425166307941;41.91528103808628;-0.31295445561408997;-0.2839479446411133;0.9063006639480591;[];
41.09375;MPIB3;49.52523120584533;21.642856347866086;0.5687041282653809;-0.6024546027183533;-0.5598846673965454;[];
41.125;MPIB2;42.28728337423169;35.786651554161665;0.8853338956832886;-0.4539734125137329;-0.1000724583864212;[];
41.125;MPIB1;23.730354835616026;49.55468940268;-0.021514931693673134;-0.39231711626052856;-0.9195407629013062;[];
41.125;MPIB4;51.30425166307941;41.91528103808628;-0.31295445561408997;-0.2839479446411133;0.9063006639480591;[];
41.125;MPIB3;49.52523120584533;21.642856347866086;0.5687041282653809;-0.6024546027183533;-0.5598846673965454;[];
41.1875;MPIB2;42.28728337423169;35.786651554161665;0.8846776485443115;-0.45627835392951965;-0.09527648985385895;[];
41.1875;MPIB1;23.730354835616026;49.55468940268;-0.021514931693673134;-0.39231711626052856;-0.9195407629013062;[];
41.1875;MPIB4;51.30425166307941;41.91528103808628;-0.31295445561408997;-0.2839479446411133;0.9063006639480591;[];
41.1875;MPIB3;49.52523120584533;21.642856347866086;0.4995589256286621;-0.5792520046234131;-0.6440153121948242;[];
41.25;MPIB2;42.28728337423169;35.786651554161665;0.8846776485443115;-0.45627835392951965;-0.09527648985385895;[];
41.25;MPIB1;23.730354835616026;49.55468940268;-0.021514931693673134;-0.39231711626052856;-0.9195407629013062;[];
41.25;MPIB4;51.30425166307941;41.91528103808628;-0.31295445561408997;-0.2839479446411133;0.9063006639480591;[];
41.25;MPIB3;49.57132032605455;21.55637055963996;0.3956854045391083;-0.5401714444160461;-0.7426334023475647;[];
41.28125;MPIB2;42.28728337423169;35.786651554161665;0.8846776485443115;-0.45627835392951965;-0.09527648985385895;[];
41.28125;MPIB1;23.730354835616026;49.55468940268;-0.021514931693673134;-0.39231711626052856;-0.9195407629013062;[];
41.28125;MPIB4;51.30425166307941;41.91528103808628;-0.31295445561408997;-0.2839479446411133;0.9063006639480591;[];
41.28125;MPIB3;49.55797762764678;21.416860745167696;0.3262224495410919;-0.513526976108551;-0.7935582995414734;[];
41.34375;MPIB2;42.28728337423169;35.786651554161665;0.8846776485443115;-0.45627835392951965;-0.09527648985385895;[];
41.34375;MPIB1;23.730354835616026;49.55468940268;-0.021514931693673134;-0.39231711626052856;-0.9195407629013062;[];
41.34375;MPIB4;51.30425166307941;41.91528103808628;-0.31295445561408997;-0.2839479446411133;0.9063006639480591;[];
41.34375;MPIB3;49.51194638002312;21.24849979579392;0.32416707277297974;-0.513526976108551;-0.7944002747535706;[];
41.375;MPIB2;42.28728337423169;35.786651554161665;0.8858447074890137;-0.45627835392951965;-0.08373355865478516;[];
41.375;MPIB1;23.730354835616026;49.55468940268;-0.021514931693673134;-0.39231711626052856;-0.9195407629013062;[];
41.375;MPIB4;51.30425166307941;41.91528103808628;-0.31295445561408997;-0.2839479446411133;0.9063006639480591;[];
41.375;MPIB3;49.44806718245468;21.064386124934202;0.32416707277297974;-0.513526976108551;-0.7944002747535706;[];
41.4375;MPIB2;42.28728337423169;35.786651554161665;0.8897809982299805;-0.45627835392951965;0.004691910929977894;[];
41.4375;MPIB1;23.730354835616026;49.55468940268;-0.021514931693673134;-0.39231711626052856;-0.9195407629013062;[];
41.4375;MPIB4;51.30425166307941;41.91528103808628;-0.31295445561408997;-0.2839479446411133;0.9063006639480591;[];
41.4375;MPIB3;49.37444300308448;20.871671467144125;0.32416707277297974;-0.513526976108551;-0.7944002747535706;[];
41.5;MPIB2;42.28728337423169;35.786651554161665;0.883806049823761;-0.4399081766605377;0.1590346246957779;[];
41.5;MPIB1;23.730354835616026;49.55468940268;-0.021514931693673134;-0.39231711626052856;-0.9195407629013062;[];
41.5;MPIB4;51.30425166307941;41.91528103808628;-0.31295445561408997;-0.2839479446411133;0.9063006639480591;[];
41.5;MPIB3;49.371277925734375;20.67571611851247;0.32518577575683594;-0.5089951753616333;-0.796896755695343;[];
41.53125;MPIB2;42.344889367234344;35.70737010484373;0.7273964881896973;-0.4375820457935333;0.5285271406173706;[];
41.53125;MPIB1;23.730354835616026;49.55468940268;-0.021514931693673134;-0.39231711626052856;-0.9195407629013062;[];
41.53125;MPIB4;51.30425166307941;41.91528103808628;-0.310607373714447;-0.2839479446411133;0.9071077108383179;[];
41.53125;MPIB3;49.408311654989575;20.477991352475783;0.32518577575683594;-0.5089951753616333;-0.796896755695343;[];
41.59375;MPIB2;42.4553243951119;35.606066761586106;0.5288623571395874;-0.44926875829696655;0.7199897170066833;[];
41.59375;MPIB1;23.730354835616026;49.55468940268;-0.021514931693673134;-0.39231711626052856;-0.9195407629013062;[];
41.59375;MPIB4;51.30425166307941;41.91528103808628;-0.310607373714447;-0.2839479446411133;0.9071077108383179;[];
41.59375;MPIB3;49.46556580276683;20.279300484423743;0.32568255066871643;-0.5067653059959412;-0.7981141209602356;[];
41.625;MPIB2;42.60174718941839;35.503995777654865;0.4251149296760559;-0.4539734125137329;0.7830120325088501;[];
41.625;MPIB1;23.730354835616026;49.55468940268;-0.021514931693673134;-0.39231711626052856;-0.9195407629013062;[];
41.625;MPIB4;51.30425166307941;41.91528103808628;-0.30825820565223694;-0.2839479446411133;0.9079087376594543;[];
41.625;MPIB3;49.533860300339484;20.080082124610044;0.32568255066871643;-0.5067653059959412;-0.7981141209602356;[];
41.6875;MPIB2;42.77290575824627;35.4124261976402;0.32756340503692627;-0.44455158710479736;0.8336664438247681;[];
41.6875;MPIB1;23.730354835616026;49.55468940268;-0.021514931693673134;-0.39231711626052856;-0.9195407629013062;[];
41.6875;MPIB4;51.30425166307941;41.91528103808628;-0.30825820565223694;-0.2839479446411133;0.9079087376594543;[];
41.6875;MPIB3;49.60793912855979;19.880476668989672;0.32404831051826477;-0.5044492483139038;-0.8002439737319946;[];
41.75;MPIB2;42.96102069362689;35.33707098989581;0.23354126513004303;-0.4304995536804199;0.871810793876648;[];
41.75;MPIB1;23.730354835616026;49.55468940268;-0.021491099148988724;-0.3946968615055084;-0.9185221791267395;[];
41.75;MPIB4;51.30425166307941;41.91528103808628;-0.30825820565223694;-0.2839479446411133;0.9079087376594543;[];
41.75;MPIB3;49.68517620168063;19.680659859034307;0.3250243067741394;-0.49997231364250183;-0.8026542663574219;[];
41.78125;MPIB2;43.147454439105175;35.35061212770026;0.18578314781188965;-0.42573419213294983;0.8855287432670593;[];
41.78125;MPIB1;23.730354835616026;49.55468940268;-0.021491099148988724;-0.3946968615055084;-0.9185221791267395;[];
41.78125;MPIB4;51.30425166307941;41.91528103808628;-0.30825820565223694;-0.2839479446411133;0.9079087376594543;[];
41.78125;MPIB3;49.76366692668353;19.480538397400892;0.3227829933166504;-0.4908948540687561;-0.809136152267456;[];
41.84375;MPIB2;43.332537756037084;35.41334718372144;0.17903299629688263;-0.4233904778957367;0.8880394697189331;[];
41.84375;MPIB1;23.730354835616026;49.54344003942214;-0.021491099148988724;-0.3946968615055084;-0.9185221791267395;[];
41.84375;MPIB4;51.30425166307941;41.91528103808628;-0.28372102975845337;-0.29147714376449585;0.9135041832923889;[];
41.84375;MPIB3;49.84284214569357;19.280250595931932;0.32327017188072205;-0.48855432868003845;-0.8103574514389038;[];
41.875;MPIB2;43.516590767166804;35.50338054417347;0.17456600069999695;-0.42095696926116943;0.8900835514068604;[];
41.875;MPIB1;23.730354835616026;49.54344003942214;-0.021491099148988724;-0.3946968615055084;-0.9185221791267395;[];
41.875;MPIB4;51.30425166307941;41.91528103808628;-0.12471291422843933;-0.29651716351509094;0.9468209743499756;[];
41.875;MPIB3;49.88607182029432;19.17089344362776;0.32327017188072205;-0.48855432868003845;-0.8103574514389038;[];
41.9375;MPIB2;43.699640149441265;35.608969551538195;0.16756315529346466;-0.42095696926116943;0.8914284110069275;[];
41.9375;MPIB1;23.730354835616026;49.54344003942214;-0.021491099148988724;-0.3946968615055084;-0.9185221791267395;[];
41.9375;MPIB4;51.30425166307941;41.91528103808628;0.11226629465818405;-0.29651716351509094;0.9483773112297058;[];
41.9375;MPIB3;49.90967522536789;19.111184431534326;0.3206096589565277;-0.4908948540687561;-0.809999942779541;[];
42.0;MPIB2;43.88154733669219;35.7239115799172;0.15823853015899658;-0.42095696926116943;0.8931307792663574;[];
42.0;MPIB1;23.730354835616026;49.54344003942214;-0.021491099148988724;-0.3946968615055084;-0.9185221791267395;[];
42.0;MPIB4;51.30425166307941;41.91528103808628;0.34224677085876465;-0.29651716351509094;0.891566276550293;[];
42.0;MPIB3;49.92256268603501;19.078583307144612;0.32468682527542114;-0.5112216472625732;-0.7956739664077759;[];
42.03125;MPIB2;44.060521965361986;35.84712942929244;0.12310408055782318;-0.42095696926116943;0.8986475467681885;[];
42.03125;MPIB1;23.730354835616026;49.54344003942214;-0.021491099148988724;-0.3946968615055084;-0.9185221791267395;[];
42.03125;MPIB4;51.30425166307941;41.91528103808628;0.4336257576942444;-0.29651716351509094;0.8508771657943726;[];
42.03125;MPIB3;49.92256268603501;19.078583307144612;0.34469062089920044;-0.5224658846855164;-0.7797954082489014;[];
42.09375;MPIB2;44.165676315614064;36.01212398839692;0.06888971477746964;-0.4186075031757355;0.9055103659629822;[];
42.09375;MPIB1;23.730354835616026;49.54344003942214;-0.021491099148988724;-0.3946968615055084;-0.9185221791267395;[];
42.09375;MPIB4;51.30425166307941;41.91528103808628;0.4710359573364258;-0.29651716351509094;0.8307517170906067;[];
42.09375;MPIB3;49.92256268603501;19.078583307144612;0.3666554093360901;-0.5313476920127869;-0.763605535030365;[];
42.125;MPIB2;44.223090597520525;36.10221102813182;0.05239817872643471;-0.4114549458026886;0.9098831415176392;[];
42.125;MPIB1;23.730354835616026;49.54344003942214;-0.021491099148988724;-0.3946968615055084;-0.9185221791267395;[];
42.125;MPIB4;51.30425166307941;41.91528103808628;0.5552728772163391;-0.29651716351509094;0.7769782543182373;[];
42.125;MPIB3;49.933441199493245;19.045757641682854;0.3963416516780853;-0.5379912257194519;-0.7438650727272034;[];
42.1875;MPIB2;44.25443879908262;36.15139855754035;0.05239817872643471;-0.4114549458026886;0.9098831415176392;[];
42.1875;MPIB1;23.730354835616026;49.54344003942214;-0.021491099148988724;-0.3946968615055084;-0.9185221791267395;[];
42.1875;MPIB4;51.30425166307941;41.91528103808628;0.6642805337905884;-0.31395483016967773;0.6783114671707153;[];
42.1875;MPIB3;49.933441199493245;19.045757641682854;0.3982659578323364;-0.5379912257194519;-0.7428364157676697;[];
42.25;MPIB2;44.271554919123616;36.17825495171684;0.05239817872643471;-0.4114549458026886;0.9098831415176392;[];
42.25;MPIB1;23.730354835616026;49.54344003942214;-0.021491099148988724;-0.3946968615055084;-0.9185221791267395;[];
42.25;MPIB4;51.37792782454744;41.979901629786355;0.708732008934021;-0.33372852206230164;0.6215012669563293;[];
42.25;MPIB3;49.933441199493245;19.045757641682854;0.3982659578323364;-0.5379912257194519;-0.7428364157676697;[];
42.28125;MPIB2;44.271554919123616;36.17825495171684;0.05004269257187843;-0.4114549458026886;0.9100157618522644;[];
42.28125;MPIB1;23.730354835616026;49.54344003942214;-0.021491099148988724;-0.3946968615055084;-0.9185221791267395;[];
42.28125;MPIB4;51.49333462005757;42.07804961500668;0.7225015759468079;-0.3362579047679901;0.6040376424789429;[];
42.28125;MPIB3;49.933441199493245;19.045757641682854;0.3982659578323364;-0.5379912257194519;-0.7428364157676697;[];
42.34375;MPIB2;44.271554919123616;36.17825495171684;0.04757265746593475;-0.41625523567199707;0.907962441444397;[];
42.34375;MPIB1;23.730354835616026;49.54344003942214;-0.021491099148988724;-0.3946968615055084;-0.9185221791267395;[];
42.34375;MPIB4;51.631688819212286;42.19430873398332;0.7240627408027649;-0.3362579047679901;0.6021652817726135;[];
42.34375;MPIB3;49.933441199493245;19.045757641682854;0.3982659578323364;-0.5379912257194519;-0.7428364157676697;[];
42.375;MPIB2;44.286002912178986;36.20529631999017;0.045114342123270035;-0.42095696926116943;0.9059175848960876;[];
42.375;MPIB1;23.730354835616026;49.54344003942214;-0.021491099148988724;-0.3946968615055084;-0.9185221791267395;[];
42.375;MPIB4;51.7825723022122;42.32045653313952;0.7240627408027649;-0.3362579047679901;0.6021652817726135;[];
42.375;MPIB3;49.933441199493245;19.045757641682854;0.3982659578323364;-0.5379912257194519;-0.7428364157676697;[];
42.4375;MPIB2;44.286002912178986;36.20529631999017;0.03086533397436142;-0.42095696926116943;0.9065149426460266;[];
42.4375;MPIB1;23.730354835616026;49.54344003942214;-0.021491099148988724;-0.3946968615055084;-0.9185221791267395;[];
42.4375;MPIB4;51.94029677498634;42.45200355230088;0.7240627408027649;-0.3362579047679901;0.6021652817726135;[];
42.4375;MPIB3;49.933441199493245;19.045757641682854;0.3982659578323364;-0.5379912257194519;-0.7428364157676697;[];
42.5;MPIB2;44.286002912178986;36.20529631999017;0.018956203013658524;-0.42095696926116943;0.9068421721458435;[];
42.5;MPIB1;23.730354835616026;49.54344003942214;-0.021491099148988724;-0.3946968615055084;-0.9185221791267395;[];
42.5;MPIB4;52.099922982287126;42.58863932125038;0.7096990942955017;-0.3238593637943268;0.6256065368652344;[];
42.5;MPIB3;49.933441199493245;19.045757641682854;0.3982659578323364;-0.5379912257194519;-0.7428364157676697;[];
42.53125;MPIB2;44.286002912178986;36.20529631999017;0.0118116345256567;-0.4233904778957367;0.905829668045044;[];
42.53125;MPIB1;23.730354835616026;49.54344003942214;-0.021491099148988724;-0.3946968615055084;-0.9185221791267395;[];
42.53125;MPIB4;52.25798380471065;42.73089224146611;0.6893150210380554;-0.30401602387428284;0.6575435400009155;[];
42.53125;MPIB3;49.933441199493245;19.045757641682854;0.3982659578323364;-0.5379912257194519;-0.7428364157676697;[];
42.59375;MPIB2;44.286002912178986;36.20529631999017;0.007104517892003059;-0.42807504534721375;0.9036742448806763;[];
42.59375;MPIB1;23.728062510594327;49.445466864075286;-0.021467123180627823;-0.39707398414611816;-0.917497456073761;[];
42.59375;MPIB4;52.41248339173126;42.87893976183423;0.6688387989997864;-0.276401162147522;0.6900768876075745;[];
42.59375;MPIB3;49.933441199493245;19.045757641682854;0.3982659578323364;-0.5379912257194519;-0.7428364157676697;[];
42.625;MPIB2;44.286002912178986;36.20529631999017;-1.1067159773512787E-16;-0.42807504534721375;0.9037021398544312;[];
42.625;MPIB1;23.725516581080456;49.29400658726337;-0.023895172402262688;-0.39231711626052856;-0.9194819927215576;[];
42.625;MPIB4;52.561064277645755;43.03379575711537;0.6400004625320435;-0.21554511785507202;0.7374953031539917;[];
42.625;MPIB3;49.933441199493245;19.045757641682854;0.3982659578323364;-0.5379912257194519;-0.7428364157676697;[];
42.6875;MPIB2;44.286002912178986;36.20529631999017;-0.004771080799400806;-0.42573419213294983;0.9047948718070984;[];
42.6875;MPIB1;23.722970651566584;49.113342349659405;-0.023895172402262688;-0.39231711626052856;-0.9194819927215576;[];
42.6875;MPIB4;52.70445435515785;43.19402460973248;0.6244820952415466;-0.1847361922264099;0.758854329586029;[];
42.6875;MPIB3;49.933441199493245;19.045757641682854;0.3982659578323364;-0.5379912257194519;-0.7428364157676697;[];
42.75;MPIB2;44.286002912178986;36.20529631999017;-0.007113207597285509;-0.42573419213294983;0.9047794938087463;[];
42.75;MPIB1;23.720424722052712;48.916732747610865;-0.023895172402262688;-0.39231711626052856;-0.9194819927215576;[];
42.75;MPIB4;52.84401823967414;43.3579924505583;0.6168159246444702;-0.16415658593177795;0.7697789669036865;[];
42.75;MPIB3;49.933441199493245;19.045757641682854;0.3976065218448639;-0.5401714444160461;-0.7416064739227295;[];
42.78125;MPIB2;44.286002912178986;36.20529631999017;-0.007113207597285509;-0.42573419213294983;0.9047794938087463;[];
42.78125;MPIB1;23.71787879253884;48.71141697556436;-0.023895172402262688;-0.39231711626052856;-0.9194819927215576;[];
42.78125;MPIB4;52.98088985336926;43.52448111973649;0.612028181552887;-0.1511862725019455;0.7762316465377808;[];
42.78125;MPIB3;49.933441199493245;19.045757641682854;0.3976065218448639;-0.5401714444160461;-0.7416064739227295;[];
42.84375;MPIB2;44.286002912178986;36.20529631999017;-0.007113207597285509;-0.42573419213294983;0.9047794938087463;[];
42.84375;MPIB1;23.714816315203507;48.501362423549324;-0.02911464311182499;-0.36320239305496216;-0.9312204122543335;[];
42.84375;MPIB4;53.116291487025364;43.69234616135495;0.6125048995018005;-0.1460665911436081;0.7768362164497375;[];
42.84375;MPIB3;49.933441199493245;19.045757641682854;0.3962549567222595;-0.5446015000343323;-0.7390855550765991;[];
42.875;MPIB2;44.286002912178986;36.20529631999017;-0.007113207597285509;-0.42573419213294983;0.9047794938087463;[];
42.875;MPIB1;23.71201679796127;48.28871262955781;-0.02685205079615116;-0.3411290943622589;-0.9396001100540161;[];
42.875;MPIB4;53.25089051148689;43.860962702413076;0.6125048995018005;-0.1460665911436081;0.7768362164497375;[];
42.875;MPIB3;49.933441199493245;19.045757641682854;0.3936760723590851;-0.5467707514762878;-0.7388622164726257;[];
42.9375;MPIB2;44.286002912178986;36.20529631999017;-0.007113207597285509;-0.42573419213294983;0.9047794938087463;[];
42.9375;MPIB1;23.70921728071903;48.074645833282545;-0.026927851140499115;-0.33372852206230164;-0.942252516746521;[];
42.9375;MPIB4;53.385051311277266;44.02998956221293;0.6125048995018005;-0.1460665911436081;0.7768362164497375;[];
42.9375;MPIB3;49.933441199493245;19.045757641682854;0.3936760723590851;-0.5467707514762878;-0.7388622164726257;[];
43.0;MPIB2;44.286002912178986;36.20529631999017;0.002336330246180296;-0.4304995536804199;0.9025464653968811;[];
43.0;MPIB1;23.706417763476793;47.85980535367051;-0.026927851140499115;-0.33372852206230164;-0.942252516746521;[];
43.0;MPIB4;53.52096620222983;44.19762633248894;0.6321330070495605;-0.1511862725019455;0.7599486112594604;[];
43.0;MPIB3;49.933441199493245;19.045757641682854;0.3910028636455536;-0.5490164160728455;-0.7386165261268616;[];
43.03125;MPIB2;44.286002912178986;36.20529631999017;0.016463974490761757;-0.4375820457935333;0.8989858031272888;[];
43.03125;MPIB1;23.703618246234555;47.64454244290752;-0.026927851140499115;-0.33372852206230164;-0.942252516746521;[];
43.03125;MPIB4;53.659789269859175;44.36283837259157;0.6492710113525391;-0.1744559109210968;0.7402562499046326;[];
43.03125;MPIB3;49.933441199493245;19.045757641682854;0.3910028636455536;-0.5490164160728455;-0.7386165261268616;[];
43.09375;MPIB2;44.286002912178986;36.20529631999017;0.023471292108297348;-0.44223135709762573;0.8965514898300171;[];
43.09375;MPIB1;23.700818728992317;47.42904888470932;-0.026927851140499115;-0.33372852206230164;-0.942252516746521;[];
43.09375;MPIB4;53.80077746567258;44.52621627175472;0.65348881483078;-0.1873737871646881;0.7333540320396423;[];
43.09375;MPIB3;49.933441199493245;19.045757641682854;0.38842645287513733;-0.5511781573295593;-0.7383660078048706;[];
43.125;MPIB2;44.286002912178986;36.20529631999017;0.025792015716433525;-0.44223135709762573;0.8964877128601074;[];
43.125;MPIB1;23.69801921175008;47.21342939299686;-0.02687719464302063;-0.33869463205337524;-0.9404799342155457;[];
43.125;MPIB4;53.942947821611824;44.68859272984861;0.6528343558311462;-0.19245673716068268;0.73261958360672;[];
43.125;MPIB3;49.933441199493245;19.045757641682854;0.38842645287513733;-0.5511781573295593;-0.7383660078048706;[];
43.1875;MPIB2;44.286002912178986;36.20529631999017;0.03283902257680893;-0.44223135709762573;0.896257221698761;[];
43.1875;MPIB1;23.69521969450784;46.99774114157765;-0.026774590834975243;-0.3485085368156433;-0.9368896484375;[];
43.1875;MPIB4;54.0857636370547;44.85042240105517;0.6518071293830872;-0.20016539096832275;0.7314668297767639;[];
43.1875;MPIB3;49.933441199493245;19.045757641682854;0.38842645287513733;-0.5511781573295593;-0.7383660078048706;[];
43.25;MPIB2;44.286002912178986;36.20529631999017;0.03988399729132652;-0.44223135709762573;0.8959713578224182;[];
43.25;MPIB1;23.62251792742086;46.81131348895286;-0.026669064536690712;-0.3582844138145447;-0.9331971406936646;[];
43.25;MPIB4;54.206316770871126;44.98702543726586;0.6507395505905151;-0.20786167681217194;0.7302687764167786;[];
43.25;MPIB3;49.933441199493245;19.045757641682854;0.38842645287513733;-0.5511781573295593;-0.7383660078048706;[];
43.28125;MPIB2;44.286002912178986;36.20529631999017;0.03988399729132652;-0.44223135709762573;0.8959713578224182;[];
43.28125;MPIB1;23.51194280686127;46.63898299929204;-0.0022284567821770906;-0.3681102991104126;-0.9297441244125366;[];
43.28125;MPIB4;54.206316770871126;44.98702543726586;0.6507395505905151;-0.20786167681217194;0.7302687764167786;[];
43.28125;MPIB3;49.933441199493245;19.045757641682854;0.38842645287513733;-0.5511781573295593;-0.7383660078048706;[];
43.34375;MPIB2;44.286002912178986;36.20529631999017;0.03988399729132652;-0.44223135709762573;0.8959713578224182;[];
43.34375;MPIB1;23.382365183735715;46.47270426469149;0.01947958394885063;-0.3729189932346344;-0.9276217222213745;[];
43.34375;MPIB4;54.229563100053156;45.01336667823139;0.6507395505905151;-0.20786167681217194;0.7302687764167786;[];
43.34375;MPIB3;49.933441199493245;19.045757641682854;0.38842645287513733;-0.5511781573295593;-0.7383660078048706;[];
43.375;MPIB2;44.286002912178986;36.20529631999017;0.03988399729132652;-0.44223135709762573;0.8959713578224182;[];
43.375;MPIB1;23.243942981842793;46.308292787807346;0.03890840336680412;-0.37540847063064575;-0.9260026812553406;[];
43.375;MPIB4;54.229563100053156;45.01336667823139;0.6507395505905151;-0.20786167681217194;0.7302687764167786;[];
43.375;MPIB3;49.933441199493245;19.045757641682854;0.38842645287513733;-0.5511781573295593;-0.7383660078048706;[];
43.4375;MPIB2;44.286002912178986;36.20529631999017;0.03988399729132652;-0.44223135709762573;0.8959713578224182;[];
43.4375;MPIB1;23.16836445083061;46.21852411100173;0.07469495385885239;-0.38984647393226624;-0.9178008437156677;[];
43.4375;MPIB4;54.229563100053156;45.01336667823139;0.6507395505905151;-0.20786167681217194;0.7302687764167786;[];
43.4375;MPIB3;49.933441199493245;19.045757641682854;0.38842645287513733;-0.5511781573295593;-0.7383660078048706;[];
43.5;MPIB2;44.286002912178986;36.20529631999017;0.03988399729132652;-0.44223135709762573;0.8959713578224182;[];
43.5;MPIB1;23.127098568104884;46.169510407772805;0.09147171676158905;-0.39231711626052856;-0.915224015712738;[];
43.5;MPIB4;54.252969538917796;45.03988934516295;0.6507395505905151;-0.20786167681217194;0.7302687764167786;[];
43.5;MPIB3;49.933441199493245;19.045757641682854;0.38842645287513733;-0.5511781573295593;-0.7383660078048706;[];
43.53125;MPIB2;44.286002912178986;36.20529631999017;0.03988399729132652;-0.44223135709762573;0.8959713578224182;[];
43.53125;MPIB1;23.104567393519574;46.1427489227014;0.10797462612390518;-0.39707398414611816;-0.9113643169403076;[];
43.53125;MPIB4;54.252969538917796;45.03988934516295;0.6507395505905151;-0.20786167681217194;0.7302687764167786;[];
43.53125;MPIB3;49.933441199493245;19.045757641682854;0.38842645287513733;-0.5511781573295593;-0.7383660078048706;[];
43.59375;MPIB2;44.286002912178986;36.20529631999017;0.03988399729132652;-0.44223135709762573;0.8959713578224182;[];
43.59375;MPIB1;23.104567393519574;46.1427489227014;0.1262650191783905;-0.4090942442417145;-0.9036623239517212;[];
43.59375;MPIB4;54.252969538917796;45.03988934516295;0.6480404734611511;-0.21301664412021637;0.7311822772026062;[];
43.59375;MPIB3;49.933441199493245;19.045757641682854;0.38842645287513733;-0.5511781573295593;-0.7383660078048706;[];
43.625;MPIB2;44.286002912178986;36.20529631999017;0.03988399729132652;-0.44223135709762573;0.8959713578224182;[];
43.625;MPIB1;23.104567393519574;46.1427489227014;0.12860384583473206;-0.4090942442417145;-0.9033322334289551;[];
43.625;MPIB4;54.252969538917796;45.03988934516295;0.6427426934242249;-0.2232152223587036;0.7328131198883057;[];
43.625;MPIB3;49.933441199493245;19.045757641682854;0.38842645287513733;-0.5511781573295593;-0.7383660078048706;[];
43.6875;MPIB2;44.286002912178986;36.20529631999017;0.03988399729132652;-0.44223135709762573;0.8959713578224182;[];
43.6875;MPIB1;23.081881034897265;46.11580311722204;0.12860384583473206;-0.4090942442417145;-0.9033322334289551;[];
43.6875;MPIB4;54.252969538917796;45.03988934516295;0.6427426934242249;-0.2232152223587036;0.7328131198883057;[];
43.6875;MPIB3;49.933441199493245;19.045757641682854;0.38842645287513733;-0.5511781573295593;-0.7383660078048706;[];
43.75;MPIB2;44.286002912178986;36.20529631999017;0.03988399729132652;-0.44223135709762573;0.8959713578224182;[];
43.75;MPIB1;23.081881034897265;46.11580311722204;0.12860384583473206;-0.4090942442417145;-0.9033322334289551;[];
43.75;MPIB4;54.252969538917796;45.03988934516295;0.6427426934242249;-0.2232152223587036;0.7328131198883057;[];
43.75;MPIB3;49.933441199493245;19.045757641682854;0.38842645287513733;-0.5511781573295593;-0.7383660078048706;[];
43.78125;MPIB2;44.286002912178986;36.20529631999017;0.021948592737317085;-0.3558664619922638;0.9342449307441711;[];
43.78125;MPIB1;23.081881034897265;46.11580311722204;0.12860384583473206;-0.4090942442417145;-0.9033322334289551;[];
43.78125;MPIB4;54.252969538917796;45.03988934516295;0.6423593759536743;-0.22573775053024292;0.7323760986328125;[];
43.78125;MPIB3;49.933441199493245;19.045757641682854;0.38842645287513733;-0.5511781573295593;-0.7383660078048706;[];
43.84375;MPIB2;44.286002912178986;36.20529631999017;0.05131173133850098;-0.3558664619922638;0.9330929517745972;[];
43.84375;MPIB1;23.081881034897265;46.11580311722204;0.12845411896705627;-0.4114549458026886;-0.9022805690765381;[];
43.84375;MPIB4;54.252969538917796;45.03988934516295;0.6423593759536743;-0.22573775053024292;0.7323760986328125;[];
43.84375;MPIB3;49.933441199493245;19.045757641682854;0.38842645287513733;-0.5511781573295593;-0.7383660078048706;[];
43.875;MPIB2;44.286002912178986;36.20529631999017;0.04624371975660324;-0.3681102991104126;0.9285960793495178;[];
43.875;MPIB1;23.081881034897265;46.11580311722204;0.12641116976737976;-0.4067308008670807;-0.9047083258628845;[];
43.875;MPIB4;54.252969538917796;45.03988934516295;0.6423593759536743;-0.22573775053024292;0.7323760986328125;[];
43.875;MPIB3;49.933441199493245;19.045757641682854;0.38842645287513733;-0.5511781573295593;-0.7383660078048706;[];
43.9375;MPIB2;44.286002912178986;36.20529631999017;0.03890201821923256;-0.3705158829689026;0.9279755353927612;[];
43.9375;MPIB1;23.081881034897265;46.11580311722204;0.12051443010568619;-0.3850736916065216;-0.914934515953064;[];
43.9375;MPIB4;54.252969538917796;45.03988934516295;0.6423593759536743;-0.22573775053024292;0.7323760986328125;[];
43.9375;MPIB3;49.933441199493245;19.045757641682854;0.38842645287513733;-0.5511781573295593;-0.7383660078048706;[];
44.0;MPIB2;44.286002912178986;36.20529631999017;0.03890201821923256;-0.3705158829689026;0.9279755353927612;[];
44.0;MPIB1;23.081881034897265;46.11580311722204;0.11878306418657303;-0.3729189932346344;-0.9201818704605103;[];
44.0;MPIB4;54.252969538917796;45.03988934516295;0.6423593759536743;-0.22573775053024292;0.7323760986328125;[];
44.0;MPIB3;49.933441199493245;19.045757641682854;0.38842645287513733;-0.5511781573295593;-0.7383660078048706;[];
44.03125;MPIB2;44.286002912178986;36.20529631999017;0.03890201821923256;-0.3705158829689026;0.9279755353927612;[];
44.03125;MPIB1;23.081881034897265;46.11580311722204;0.11890628188848495;-0.3705158829689026;-0.9211364388465881;[];
44.03125;MPIB4;54.252969538917796;45.03988934516295;0.6423593759536743;-0.22573775053024292;0.7323760986328125;[];
44.03125;MPIB3;49.933441199493245;19.045757641682854;0.38842645287513733;-0.5511781573295593;-0.7383660078048706;[];
44.09375;MPIB2;44.286002912178986;36.20529631999017;0.038861703127622604;-0.3729189932346344;0.9270139336585999;[];
44.09375;MPIB1;23.081881034897265;46.11580311722204;0.11890628188848495;-0.3705158829689026;-0.9211364388465881;[];
44.09375;MPIB4;54.252969538917796;45.03988934516295;0.6423593759536743;-0.22573775053024292;0.7323760986328125;[];
44.09375;MPIB3;49.933441199493245;19.045757641682854;0.38842645287513733;-0.5511781573295593;-0.7383660078048706;[];
44.125;MPIB2;44.286002912178986;36.20529631999017;0.038861703127622604;-0.3729189932346344;0.9270139336585999;[];
44.125;MPIB1;23.081881034897265;46.11580311722204;0.11890628188848495;-0.3705158829689026;-0.9211364388465881;[];
44.125;MPIB4;54.252969538917796;45.03988934516295;0.6423593759536743;-0.22573775053024292;0.7323760986328125;[];
44.125;MPIB3;49.933441199493245;19.045757641682854;0.39164239168167114;-0.5533362030982971;-0.7350454330444336;[];
44.1875;MPIB2;44.286002912178986;36.20529631999017;0.038861703127622604;-0.3729189932346344;0.9270139336585999;[];
44.1875;MPIB1;23.081881034897265;46.11580311722204;0.11890628188848495;-0.3705158829689026;-0.9211364388465881;[];
44.1875;MPIB4;54.252969538917796;45.03988934516295;0.6423593759536743;-0.22573775053024292;0.7323760986328125;[];
44.1875;MPIB3;50.00145716233237;18.97520392913603;0.5819941163063049;-0.5446015000343323;-0.603769063949585;[];
44.25;MPIB2;44.286002912178986;36.20529631999017;0.038861703127622604;-0.3729189932346344;0.9270139336585999;[];
44.25;MPIB1;23.081881034897265;46.11580311722204;0.11890628188848495;-0.3705158829689026;-0.9211364388465881;[];
44.25;MPIB4;54.252969538917796;45.03988934516295;0.6423593759536743;-0.22573775053024292;0.7323760986328125;[];
44.25;MPIB3;50.135579527948266;18.9226180819106;0.8758036494255066;-0.46555230021476746;-0.1269986927509308;[];
44.28125;MPIB2;44.286002912178986;36.20529631999017;0.038861703127622604;-0.3729189932346344;0.9270139336585999;[];
44.28125;MPIB1;23.081881034897265;46.11580311722204;0.11890628188848495;-0.3705158829689026;-0.9211364388465881;[];
44.28125;MPIB4;54.252969538917796;45.03988934516295;0.6423593759536743;-0.22573775053024292;0.7323760986328125;[];
44.28125;MPIB3;50.306804988550084;18.892882100753695;0.8944640159606934;-0.446954607963562;-0.00934771727770567;[];
44.34375;MPIB2;44.286002912178986;36.20529631999017;0.038861703127622604;-0.3729189932346344;0.9270139336585999;[];
44.34375;MPIB1;23.081881034897265;46.11580311722204;0.11676494777202606;-0.3656129837036133;-0.9233673214912415;[];
44.34375;MPIB4;54.252969538917796;45.03988934516295;0.6419572830200195;-0.2283521145582199;0.731917679309845;[];
44.34375;MPIB3;50.498288741367105;18.87562214791933;0.8944640159606934;-0.446954607963562;-0.00934771727770567;[];
44.375;MPIB2;44.286002912178986;36.20529631999017;0.038861703127622604;-0.3729189932346344;0.9270139336585999;[];
44.375;MPIB1;23.081881034897265;46.11580311722204;0.10983700305223465;-0.3582844138145447;-0.9270838499069214;[];
44.375;MPIB4;54.252969538917796;45.03988934516295;0.6419572830200195;-0.2283521145582199;0.731917679309845;[];
44.375;MPIB3;50.70083584759982;18.86542777877125;0.8944854736328125;-0.446954607963562;-0.007032283116132021;[];
44.4375;MPIB2;44.286002912178986;36.20529631999017;0.03881962597370148;-0.37540847063064575;0.9260101318359375;[];
44.4375;MPIB1;23.081881034897265;46.11580311722204;0.09803716093301773;-0.3485085368156433;-0.9321213960647583;[];
44.4375;MPIB4;54.252969538917796;45.03988934516295;0.6419572830200195;-0.2283521145582199;0.731917679309845;[];
44.4375;MPIB3;50.90942354549884;18.859091218764007;0.8944854736328125;-0.446954607963562;-0.007032283116132021;[];
44.5;MPIB2;44.286002912178986;36.20529631999017;0.03382706642150879;-0.3826834261417389;0.9232233762741089;[];
44.5;MPIB1;23.081881034897265;46.11580311722204;0.09329947829246521;-0.34608107805252075;-0.9335117340087891;[];
44.5;MPIB4;54.252969538917796;45.03988934516295;0.6419572830200195;-0.2283521145582199;0.731917679309845;[];
44.5;MPIB3;51.12104964978903;18.848459611534622;0.8862200975418091;-0.45858025550842285;-0.06503027677536011;[];
44.53125;MPIB2;44.2564511211518;36.298734475939284;-0.2718258202075958;-0.43283456563949585;0.8594708442687988;[];
44.53125;MPIB1;23.081881034897265;46.11580311722204;0.088459812104702;-0.34365129470825195;-0.9348801374435425;[];
44.53125;MPIB4;54.252969538917796;45.03988934516295;0.6419572830200195;-0.2283521145582199;0.731917679309845;[];
44.53125;MPIB3;51.32799694738128;18.807297400966945;0.810084342956543;-0.49539870023727417;-0.3133881986141205;[];
44.59375;MPIB2;44.25362189286949;36.44886248970917;-0.5316791534423828;-0.4816797375679016;0.6965780258178711;[];
44.59375;MPIB1;23.081881034897265;46.11580311722204;0.08612370491027832;-0.3411290943622589;-0.9360216856002808;[];
44.59375;MPIB4;54.252969538917796;45.03988934516295;0.6419572830200195;-0.2283521145582199;0.731917679309845;[];
44.59375;MPIB3;51.53113351538627;18.746375756794407;0.7989484071731567;-0.49539870023727417;-0.3407737910747528;[];
44.625;MPIB2;44.225217910349386;36.62671362587773;-0.743247389793396;-0.533538818359375;0.40352579951286316;[];
44.625;MPIB1;23.081881034897265;46.11580311722204;0.08141597360372543;-0.33372852206230164;-0.939106822013855;[];
44.625;MPIB4;54.252969538917796;45.03988934516295;0.6419572830200195;-0.2283521145582199;0.731917679309845;[];
44.625;MPIB3;51.731884383124225;18.673957979564022;0.7950219511985779;-0.4977288246154785;-0.3465118408203125;[];
44.6875;MPIB2;44.16061986135115;36.81094221669781;-0.7966066002845764;-0.5620104074478149;0.22242534160614014;[];
44.6875;MPIB1;23.081881034897265;46.11580311722204;0.07898471504449844;-0.33372852206230164;-0.9393146634101868;[];
44.6875;MPIB4;54.252969538917796;45.03988934516295;0.6419572830200195;-0.2283521145582199;0.731917679309845;[];
44.6875;MPIB3;51.841494369640714;18.63441786860355;0.783769428730011;-0.5067653059959412;-0.35882675647735596;[];
44.75;MPIB2;44.068926448169876;36.99409287461586;-0.8069552779197693;-0.5707020163536072;0.15176472067832947;[];
44.75;MPIB1;23.081881034897265;46.11580311722204;0.07905685901641846;-0.3312872350215912;-0.9401726126670837;[];
44.75;MPIB4;54.252969538917796;45.03988934516295;0.6419572830200195;-0.2283521145582199;0.731917679309845;[];
44.75;MPIB3;51.901341429230115;18.61282896551151;0.7775914072990417;-0.5112216472625732;-0.36587589979171753;[];
44.78125;MPIB2;43.96092883232214;37.175602437580096;-0.8081524968147278;-0.5728257298469543;0.1366388201713562;[];
44.78125;MPIB1;23.081881034897265;46.11580311722204;0.07905685901641846;-0.3312872350215912;-0.9401726126670837;[];
44.78125;MPIB4;54.252969538917796;45.03988934516295;0.6419572830200195;-0.2283521145582199;0.731917679309845;[];
44.78125;MPIB3;51.9340179275614;18.601041423054113;0.7734503149986267;-0.513526976108551;-0.37138253450393677;[];
44.84375;MPIB2;43.8440291207845;37.356215962595485;-0.8081524968147278;-0.5728257298469543;0.1366388201713562;[];
44.84375;MPIB1;23.081881034897265;46.11580311722204;0.07912846654653549;-0.32884371280670166;-0.9410242438316345;[];
44.84375;MPIB4;54.252969538917796;45.03988934516295;0.6419572830200195;-0.2283521145582199;0.731917679309845;[];
44.84375;MPIB3;51.9340179275614;18.601041423054113;0.7702828645706177;-0.5157464742660522;-0.37487295269966125;[];
44.875;MPIB2;43.722268864435605;37.53634025083397;-0.8081524968147278;-0.5728257298469543;0.1366388201713562;[];
44.875;MPIB1;23.081881034897265;46.11580311722204;0.07920217514038086;-0.32630735635757446;-0.9419007897377014;[];
44.875;MPIB4;54.252969538917796;45.03988934516295;0.6419572830200195;-0.2283521145582199;0.731917679309845;[];
44.875;MPIB3;51.9340179275614;18.601041423054113;0.7668564915657043;-0.5202569365501404;-0.3756639361381531;[];
44.9375;MPIB2;43.59785475031153;37.71619741576126;-0.8081524968147278;-0.5728257298469543;0.1366388201713562;[];
44.9375;MPIB1;23.081881034897265;46.11580311722204;0.07927270233631134;-0.3238593637943268;-0.9427395462989807;[];
44.9375;MPIB4;54.252969538917796;45.03988934516295;0.6419572830200195;-0.2283521145582199;0.731917679309845;[];
44.9375;MPIB3;51.96691948610464;18.59109136830125;0.765644371509552;-0.5224658846855164;-0.37507015466690063;[];
45.0;MPIB2;43.47285444043463;37.89651514899964;-0.8081234693527222;-0.5707020163536072;0.14541608095169067;[];
45.0;MPIB1;23.081881034897265;46.11580311722204;0.07934270054101944;-0.3214091956615448;-0.9435720443725586;[];
45.0;MPIB4;54.252969538917796;45.03988934516295;0.6434565186500549;-0.2308715432882309;0.7298073768615723;[];
45.0;MPIB3;51.96691948610464;18.59109136830125;0.765644371509552;-0.5224658846855164;-0.37507015466690063;[];
45.03125;MPIB2;43.3475340676395;38.077084352565066;-0.8225482106208801;-0.5490164160728455;0.148011714220047;[];
45.03125;MPIB1;23.081881034897265;46.11580311722204;0.07948365062475204;-0.31641149520874023;-0.9452481865882874;[];
45.03125;MPIB4;54.252969538917796;45.03988934516295;0.6449448466300964;-0.23338942229747772;0.7276895046234131;[];
45.03125;MPIB3;51.96691948610464;18.59109136830125;0.764427125453949;-0.5246713161468506;-0.37447383999824524;[];
45.09375;MPIB2;43.221818712484165;38.25763736208356;-0.8299729824066162;-0.5379912257194519;0.147048681974411;[];
45.09375;MPIB1;23.081881034897265;46.11580311722204;0.0796198770403862;-0.3114960789680481;-0.9468683004379272;[];
45.09375;MPIB4;54.252969538917796;45.03988934516295;0.6506457328796387;-0.23338942229747772;0.7225967049598694;[];
45.09375;MPIB3;51.96691948610464;18.59109136830125;0.7619316577911377;-0.5291529893875122;-0.37325140833854675;[];
45.125;MPIB2;43.153178120596564;38.3562193167312;-0.8342515230178833;-0.533538818359375;0.138831228017807;[];
45.125;MPIB1;23.081881034897265;46.11580311722204;0.0796198770403862;-0.3114960789680481;-0.9468683004379272;[];
45.125;MPIB4;54.252969538917796;45.03988934516295;0.6563063263893127;-0.23338942229747772;0.7174592614173889;[];
45.125;MPIB3;51.96691948610464;18.59109136830125;0.762653648853302;-0.5313476920127869;-0.36863091588020325;[];
45.1875;MPIB2;43.11570035307278;38.41004507022083;-0.8404305577278137;-0.5313476920127869;0.10611212998628616;[];
45.1875;MPIB1;23.081881034897265;46.11580311722204;0.0796198770403862;-0.3114960789680481;-0.9468683004379272;[];
45.1875;MPIB4;54.252969538917796;45.03988934516295;0.6582300066947937;-0.23338942229747772;0.7156949043273926;[];
45.1875;MPIB3;51.96691948610464;18.59109136830125;0.7623628973960876;-0.533538818359375;-0.3660587668418884;[];
45.25;MPIB2;43.09523748962799;38.439433935039744;-0.8458249568939209;-0.5313476920127869;0.046512775123119354;[];
45.25;MPIB1;23.081881034897265;46.11580311722204;0.0796198770403862;-0.3114960789680481;-0.9468683004379272;[];
45.25;MPIB4;54.252969538917796;45.03988934516295;0.6767346858978271;-0.23338942229747772;0.6982235312461853;[];
45.25;MPIB3;51.96691948610464;18.59109136830125;0.7623628973960876;-0.533538818359375;-0.3660587668418884;[];
45.28125;MPIB2;43.09523748962799;38.439433935039744;-0.8424846529960632;-0.5379912257194519;0.026421168819069862;[];
45.28125;MPIB1;23.081881034897265;46.11580311722204;0.07982267439365387;-0.30401602387428284;-0.9492800235748291;[];
45.28125;MPIB4;54.252969538917796;45.03988934516295;0.6875630021095276;-0.23338942229747772;0.6875630021095276;[];
45.28125;MPIB3;51.96691948610464;18.59109136830125;0.7623628973960876;-0.533538818359375;-0.3660587668418884;[];
45.34375;MPIB2;43.07796445647355;38.46424154995435;-0.842714786529541;-0.5379912257194519;0.01761571504175663;[];
45.34375;MPIB1;23.081881034897265;46.11580311722204;0.07995592802762985;-0.29898834228515625;-0.9508647322654724;[];
45.34375;MPIB4;54.252969538917796;45.03988934516295;0.6894062757492065;-0.23338942229747772;0.685714840888977;[];
45.34375;MPIB3;51.96691948610464;18.59109136830125;0.7623628973960876;-0.533538818359375;-0.3660587668418884;[];
45.375;MPIB2;43.07796445647355;38.46424154995435;-0.8399460315704346;-0.5424286723136902;0.01320781372487545;[];
45.375;MPIB1;23.081881034897265;46.11580311722204;0.08021344244480133;-0.2889999747276306;-0.9539271593093872;[];
45.375;MPIB4;54.252969538917796;45.03988934516295;0.6894062757492065;-0.23338942229747772;0.685714840888977;[];
45.375;MPIB3;51.96691948610464;18.59109136830125;0.7623628973960876;-0.533538818359375;-0.3660587668418884;[];
45.4375;MPIB2;43.07796445647355;38.46424154995435;-0.840004026889801;-0.5424286723136902;0.008778566494584084;[];
45.4375;MPIB1;23.090101935678717;46.01814855105326;0.08040139824151993;-0.28146493434906006;-0.9561623930931091;[];
45.4375;MPIB4;54.252969538917796;45.03988934516295;0.7018467783927917;-0.23338942229747772;0.6729762554168701;[];
45.4375;MPIB3;51.96691948610464;18.59109136830125;0.7623628973960876;-0.533538818359375;-0.3660587668418884;[];
45.5;MPIB2;43.07796445647355;38.46424154995435;-0.840004026889801;-0.5424286723136902;0.008778566494584084;[];
45.5;MPIB1;23.10281144880821;45.867174585563134;0.08052468299865723;-0.276401162147522;-0.9576284885406494;[];
45.5;MPIB4;54.252969538917796;45.03988934516295;0.723105788230896;-0.22069120407104492;0.6545014381408691;[];
45.5;MPIB3;51.96691948610464;18.59109136830125;0.7623628973960876;-0.533538818359375;-0.3660587668418884;[];
45.53125;MPIB2;43.07796445647355;38.46424154995435;-0.840004026889801;-0.5424286723136902;0.008778566494584084;[];
45.53125;MPIB1;23.117971744564443;45.68708822466206;0.08052468299865723;-0.276401162147522;-0.9576284885406494;[];
45.53125;MPIB4;54.252969538917796;45.03988934516295;0.7257152795791626;-0.21554511785507202;0.6533278226852417;[];
45.53125;MPIB3;51.96691948610464;18.59109136830125;0.7623628973960876;-0.533538818359375;-0.3660587668418884;[];
45.59375;MPIB2;43.07796445647355;38.46424154995435;-0.840004026889801;-0.5424286723136902;0.008778566494584084;[];
45.59375;MPIB1;23.201099349406263;45.522447704028;0.057918574661016464;-0.276401162147522;-0.9592633843421936;[];
45.59375;MPIB4;54.252969538917796;45.03988934516295;0.7274040579795837;-0.21554511785507202;0.6514469981193542;[];
45.59375;MPIB3;51.96691948610464;18.59109136830125;0.7623628973960876;-0.533538818359375;-0.3660587668418884;[];
45.625;MPIB2;43.07796445647355;38.46424154995435;-0.837204098701477;-0.5467707514762878;0.006581942550837994;[];
45.625;MPIB1;23.31867330323837;45.36335036903296;0.02013009414076805;-0.2839479446411133;-0.9585992097854614;[];
45.625;MPIB4;54.252969538917796;45.03988934516295;0.729502260684967;-0.21301664412021637;0.6499310731887817;[];
45.625;MPIB3;51.96691948610464;18.59109136830125;0.7623628973960876;-0.533538818359375;-0.3660587668418884;[];
45.6875;MPIB2;43.07796445647355;38.46424154995435;-0.8357331156730652;-0.5490164160728455;0.006570377852767706;[];
45.6875;MPIB1;23.453775678763577;45.20596942169985;0.0025718403048813343;-0.2865208685398102;-0.9580428004264832;[];
45.6875;MPIB4;54.252969538917796;45.03988934516295;0.7404711842536926;-0.20786167681217194;0.6391063332557678;[];
45.6875;MPIB3;51.96691948610464;18.59109136830125;0.7623628973960876;-0.533538818359375;-0.3660587668418884;[];
45.75;MPIB2;43.07796445647355;38.46424154995435;-0.8343089818954468;-0.5511781573295593;0.006559181492775679;[];
45.75;MPIB1;23.596391401286837;45.04751562685729;-0.024830399081110954;-0.2939523458480835;-0.9554693102836609;[];
45.75;MPIB4;54.252969538917796;45.03988934516295;0.7666009664535522;-0.1873737871646881;0.614148736000061;[];
45.75;MPIB3;51.96691948610464;18.59109136830125;0.7623628973960876;-0.533538818359375;-0.3660587668418884;[];
45.78125;MPIB2;43.07796445647355;38.46424154995435;-0.8343089818954468;-0.5511781573295593;0.006559181492775679;[];
45.78125;MPIB1;23.741571611912264;44.887046559010884;-0.044811394065618515;-0.29898834228515625;-0.9531753063201904;[];
45.78125;MPIB4;54.33102408622767;45.09914713933452;0.7860509753227234;-0.16160255670547485;0.5966388583183289;[];
45.78125;MPIB3;51.96691948610464;18.59109136830125;0.7623628973960876;-0.533538818359375;-0.3660587668418884;[];
45.84375;MPIB2;43.07796445647355;38.46424154995435;-0.8343089818954468;-0.5511781573295593;0.006559181492775679;[];
45.84375;MPIB1;23.885800853485193;44.723403551088325;-0.07454278320074081;-0.30401602387428284;-0.9497168660163879;[];
45.84375;MPIB4;54.45292332332701;45.18910789171295;0.8000534176826477;-0.1486269235610962;0.581202507019043;[];
45.84375;MPIB3;51.96691948610464;18.59109136830125;0.7623628973960876;-0.533538818359375;-0.3660587668418884;[];
45.875;MPIB2;43.07796445647355;38.46424154995435;-0.8343089818954468;-0.5511781573295593;0.006559181492775679;[];
45.875;MPIB1;24.02585375585977;44.555049075429395;-0.11883702874183655;-0.31395483016967773;-0.9419410228729248;[];
45.875;MPIB4;54.59950611408635;45.294793850284265;0.8081926107406616;-0.14341038465499878;0.5711662769317627;[];
45.875;MPIB3;51.96691948610464;18.59109136830125;0.7623628973960876;-0.533538818359375;-0.3660587668418884;[];
45.9375;MPIB2;43.07796445647355;38.46424154995435;-0.8299495577812195;-0.5577207207679749;0.006524908356368542;[];
45.9375;MPIB1;24.1565816143941;44.379127745692585;-0.19786301255226135;-0.33869463205337524;-0.919823408126831;[];
45.9375;MPIB4;54.76015823180023;45.4082186861238;0.8144740462303162;-0.1408480852842331;0.5628206729888916;[];
45.9375;MPIB3;51.96691948610464;18.59109136830125;0.7614126205444336;-0.533538818359375;-0.3680310547351837;[];
46.0;MPIB2;43.07796445647355;38.46424154995435;-0.8270507454872131;-0.5620104074478149;0.006502118427306414;[];
46.0;MPIB1;24.272207957103888;44.19339732486537;-0.2983531951904297;-0.3705158829689026;-0.8795665502548218;[];
46.0;MPIB4;54.93006127284548;45.52352747410481;0.8303228616714478;-0.1408480852842331;0.5391651391983032;[];
46.0;MPIB3;51.96691948610464;18.59109136830125;0.7604216933250427;-0.533538818359375;-0.3700738251209259;[];
46.03125;MPIB2;43.07796445647355;38.46424154995435;-0.8270507454872131;-0.5620104074478149;0.006502118427306414;[];
46.03125;MPIB1;24.373386735980603;43.99950911042865;-0.35481658577919006;-0.3874613642692566;-0.8508291840553284;[];
46.03125;MPIB4;55.10638412438243;45.63769573803958;0.8441486954689026;-0.1408480852842331;0.5172504782676697;[];
46.03125;MPIB3;51.96691948610464;18.59109136830125;0.7604216933250427;-0.533538818359375;-0.3700738251209259;[];
46.09375;MPIB2;43.07796445647355;38.46424154995435;-0.8270507454872131;-0.5620104074478149;0.006502118427306414;[];
46.09375;MPIB1;24.464243873872306;43.80020270954034;-0.37484773993492126;-0.3995363116264343;-0.836534321308136;[];
46.09375;MPIB4;55.2884068656781;45.7474748247418;0.8649800419807434;-0.1511862725019455;0.4784597158432007;[];
46.09375;MPIB3;51.96691948610464;18.59109136830125;0.7604216933250427;-0.533538818359375;-0.3700738251209259;[];
46.125;MPIB2;43.07796445647355;38.46424154995435;-0.8270507454872131;-0.5620104074478149;0.006502118427306414;[];
46.125;MPIB1;24.545520305254854;43.596528313755755;-0.4076685309410095;-0.4090942442417145;-0.8163190484046936;[];
46.125;MPIB4;55.47721167217742;45.84751401640165;0.8967702984809875;-0.1847361922264099;0.40204572677612305;[];
46.125;MPIB3;51.96691948610464;18.59109136830125;0.7594610452651978;-0.533538818359375;-0.37204107642173767;[];
46.1875;MPIB2;43.07796445647355;38.46424154995435;-0.8255388736724854;-0.5642287731170654;0.006490232422947884;[];
46.1875;MPIB1;24.616559271270148;43.38894193638279;-0.4476899802684784;-0.4186075031757355;-0.7901066541671753;[];
46.1875;MPIB4;55.671510822350456;45.937974237707266;0.9083463549613953;-0.21807213127613068;0.3568060100078583;[];
46.1875;MPIB3;51.96691948610464;18.59109136830125;0.7574882507324219;-0.533538818359375;-0.3760407567024231;[];
46.25;MPIB2;43.07796445647355;38.46424154995435;-0.8240754008293152;-0.5663641095161438;0.006478726863861084;[];
46.25;MPIB1;24.67718182621411;43.178012786670564;-0.4858520030975342;-0.42095696926116943;-0.7659437656402588;[];
46.25;MPIB4;55.86890235367355;46.022968108758306;0.9087179899215698;-0.22069120407104492;0.35423949360847473;[];
46.25;MPIB3;51.96691948610464;18.59109136830125;0.7555309534072876;-0.533538818359375;-0.37995755672454834;[];
46.28125;MPIB2;43.07796445647355;38.46424154995435;-0.8240754008293152;-0.5663641095161438;0.006478726863861084;[];
46.28125;MPIB1;24.720751118373755;42.96339501833597;-0.5686014294624329;-0.42807504534721375;-0.7024029493331909;[];
46.28125;MPIB4;55.976678142294304;46.06937476774243;0.906837522983551;-0.22069120407104492;0.3590262830257416;[];
46.28125;MPIB3;51.96691948610464;18.59109136830125;0.755737841129303;-0.5313476920127869;-0.382607102394104;[];
46.34375;MPIB2;43.074633687691616;38.46902521641135;-0.8240754008293152;-0.5663641095161438;0.006478726863861084;[];
46.34375;MPIB1;24.741414976262718;42.74626255518123;-0.6586708426475525;-0.42807504534721375;-0.618732750415802;[];
46.34375;MPIB4;56.03552372971626;46.09471280649083;0.9049665927886963;-0.22069120407104492;0.3637163043022156;[];
46.34375;MPIB3;51.96691948610464;18.59109136830125;0.7527060508728027;-0.5313476920127869;-0.38853684067726135;[];
46.375;MPIB2;43.074633687691616;38.46902521641135;-0.8240754008293152;-0.5663641095161438;0.006478726863861084;[];
46.375;MPIB1;24.73681163268145;42.52897809944574;-0.7324118614196777;-0.42807504534721375;-0.5293867588043213;[];
46.375;MPIB4;56.06765342418066;46.10854737725438;0.9049665927886963;-0.22069120407104492;0.3637163043022156;[];
46.375;MPIB3;51.96691948610464;18.59109136830125;0.7496654987335205;-0.5313476920127869;-0.3943707048892975;[];
46.4375;MPIB2;43.074633687691616;38.46902521641135;-0.8240754008293152;-0.5663641095161438;0.006478726863861084;[];
46.4375;MPIB1;24.713743137586675;42.31303794112475;-0.7691896557807922;-0.42807504534721375;-0.47436782717704773;[];
46.4375;MPIB4;56.06765342418066;46.10854737725438;0.9019657373428345;-0.22573775053024292;0.368046373128891;[];
46.4375;MPIB3;51.96691948610464;18.59109136830125;0.7498170733451843;-0.5291529893875122;-0.3970241844654083;[];
46.5;MPIB2;43.074633687691616;38.46902521641135;-0.8240754008293152;-0.5663641095161438;0.006478726863861084;[];
46.5;MPIB1;24.674273247719725;42.09881348012851;-0.7872372269630432;-0.42807504534721375;-0.44377368688583374;[];
46.5;MPIB4;56.06765342418066;46.10854737725438;0.9019657373428345;-0.22573775053024292;0.368046373128891;[];
46.5;MPIB3;51.96691948610464;18.59109136830125;0.7498170733451843;-0.5291529893875122;-0.3970241844654083;[];
46.53125;MPIB2;43.074633687691616;38.46902521641135;-0.8240754008293152;-0.5663641095161438;0.006478726863861084;[];
46.53125;MPIB1;24.624088971626975;41.88603403133581;-0.7952311635017395;-0.42807504534721375;-0.4292842745780945;[];
46.53125;MPIB4;56.10000441273155;46.120225361624506;0.9019657373428345;-0.22573775053024292;0.368046373128891;[];
46.53125;MPIB3;51.96691948610464;18.59109136830125;0.7498170733451843;-0.5291529893875122;-0.3970241844654083;[];
46.59375;MPIB2;43.074633687691616;38.46902521641135;-0.8240754008293152;-0.5663641095161438;0.006478726863861084;[];
46.59375;MPIB1;24.563822099248796;41.67541171686349;-0.8135350346565247;-0.42807504534721375;-0.39349502325057983;[];
46.59375;MPIB4;56.10000441273155;46.120225361624506;0.9000124335289001;-0.22573775053024292;0.3727973699569702;[];
46.59375;MPIB3;51.96691948610464;18.59109136830125;0.7477512359619141;-0.5291529893875122;-0.4009009897708893;[];
46.625;MPIB2;43.074633687691616;38.46902521641135;-0.8240898251533508;-0.5663641095161438;0.004266503732651472;[];
46.625;MPIB1;24.530916383108206;41.56041191980407;-0.8375398516654968;-0.42807504534721375;-0.3394180238246918;[];
46.625;MPIB4;56.10000441273155;46.120225361624506;0.9000124335289001;-0.22573775053024292;0.3727973699569702;[];
46.625;MPIB3;51.96691948610464;18.59109136830125;0.7477512359619141;-0.5291529893875122;-0.4009009897708893;[];
46.6875;MPIB2;43.074633687691616;38.46902521641135;-0.8240898251533508;-0.5663641095161438;0.004266503732651472;[];
46.6875;MPIB1;24.512949860008575;41.49762202331641;-0.8515251278877258;-0.4304995536804199;-0.29916641116142273;[];
46.6875;MPIB4;56.10000441273155;46.120225361624506;0.9000124335289001;-0.22573775053024292;0.3727973699569702;[];
46.6875;MPIB3;51.96691948610464;18.59109136830125;0.7477512359619141;-0.5291529893875122;-0.4009009897708893;[];
46.75;MPIB2;43.074633687691616;38.46902521641135;-0.8240898251533508;-0.5663641095161438;0.004266503732651472;[];
46.75;MPIB1;24.503140137256764;41.46333873585206;-0.8585391640663147;-0.44223135709762573;-0.2593567371368408;[];
46.75;MPIB4;56.10000441273155;46.120225361624506;0.9000124335289001;-0.22573775053024292;0.3727973699569702;[];
46.75;MPIB3;51.96691948610464;18.59109136830125;0.7477512359619141;-0.5291529893875122;-0.4009009897708893;[];
46.78125;MPIB2;43.074633687691616;38.46902521641135;-0.8240898251533508;-0.5663641095161438;0.004266503732651472;[];
46.78125;MPIB1;24.503140137256764;41.46333873585206;-0.8693151473999023;-0.46792641282081604;-0.15892361104488373;[];
46.78125;MPIB4;56.10000441273155;46.120225361624506;0.9000124335289001;-0.22573775053024292;0.3727973699569702;[];
46.78125;MPIB3;51.96691948610464;18.59109136830125;0.7477512359619141;-0.5291529893875122;-0.4009009897708893;[];
46.84375;MPIB2;43.074633687691616;38.46902521641135;-0.8240981101989746;-0.5663641095161438;0.0021332588512450457;[];
46.84375;MPIB1;24.503140137256764;41.46333873585206;-0.8719735145568848;-0.4794096350669861;-0.0987316220998764;[];
46.84375;MPIB4;56.10000441273155;46.120225361624506;0.899044394493103;-0.22573775053024292;0.3751258850097656;[];
46.84375;MPIB3;51.96691948610464;18.59109136830125;0.7477512359619141;-0.5291529893875122;-0.4009009897708893;[];
46.875;MPIB2;43.074633687691616;38.46902521641135;-0.8240981101989746;-0.5663641095161438;0.0021332588512450457;[];
46.875;MPIB1;24.49778402801212;41.42881932137479;-0.873932957649231;-0.4816797375679016;-0.06438092142343521;[];
46.875;MPIB4;56.10000441273155;46.120225361624506;0.8970902562141418;-0.22573775053024292;0.37977534532546997;[];
46.875;MPIB3;51.96691948610464;18.59109136830125;0.7466721534729004;-0.5291529893875122;-0.40290698409080505;[];
46.9375;MPIB2;43.074633687691616;38.46902521641135;-0.8240981101989746;-0.5663641095161438;0.0021332588512450457;[];
46.9375;MPIB1;24.49778402801212;41.42881932137479;-0.8742602467536926;-0.4816797375679016;-0.05977174639701843;[];
46.9375;MPIB4;56.10000441273155;46.120225361624506;0.8970902562141418;-0.22573775053024292;0.37977534532546997;[];
46.9375;MPIB3;51.96691948610464;18.59109136830125;0.7466721534729004;-0.5291529893875122;-0.40290698409080505;[];
47.0;MPIB2;43.074633687691616;38.46902521641135;-0.8240981101989746;-0.5663641095161438;0.0021332588512450457;[];
47.0;MPIB1;24.49778402801212;41.42881932137479;-0.8742602467536926;-0.4816797375679016;-0.05977174639701843;[];
47.0;MPIB4;56.10000441273155;46.120225361624506;0.8960675597190857;-0.22573775053024292;0.38218218088150024;[];
47.0;MPIB3;51.96691948610464;18.59109136830125;0.7466721534729004;-0.5291529893875122;-0.40290698409080505;[];
47.03125;MPIB2;43.074633687691616;38.46902521641135;-0.8240981101989746;-0.5663641095161438;0.0021332588512450457;[];
47.03125;MPIB1;24.49778402801212;41.42881932137479;-0.8745632767677307;-0.4816797375679016;-0.05516091734170914;[];
47.03125;MPIB4;56.10000441273155;46.120225361624506;0.8930352926254272;-0.22573775053024292;0.3892148733139038;[];
47.03125;MPIB3;51.96691948610464;18.59109136830125;0.7466721534729004;-0.5291529893875122;-0.40290698409080505;[];
47.09375;MPIB2;43.074633687691616;38.46902521641135;-0.8240981101989746;-0.5663641095161438;0.0021332588512450457;[];
47.09375;MPIB1;24.49778402801212;41.42881932137479;-0.8775709867477417;-0.4771362841129303;-0.046149034053087234;[];
47.09375;MPIB4;56.10000441273155;46.120225361624506;0.8814728260040283;-0.22573775053024292;0.41473597288131714;[];
47.09375;MPIB3;51.96691948610464;18.59109136830125;0.7466721534729004;-0.5291529893875122;-0.40290698409080505;[];
47.125;MPIB2;43.074633687691616;38.46902521641135;-0.8226290345191956;-0.5684955716133118;0.002129456028342247;[];
47.125;MPIB1;24.49778402801212;41.42881932137479;-0.878963828086853;-0.47477537393569946;-0.043941009789705276;[];
47.125;MPIB4;56.10000441273155;46.120225361624506;0.8759495615959167;-0.22573775053024292;0.426277756690979;[];
47.125;MPIB3;51.96691948610464;18.59109136830125;0.7701926231384277;-0.5313476920127869;-0.3526110053062439;[];
47.1875;MPIB2;43.074633687691616;38.46902521641135;-0.8226290345191956;-0.5684955716133118;0.002129456028342247;[];
47.1875;MPIB1;24.49778402801212;41.42881932137479;-0.8815224766731262;-0.47021257877349854;-0.041696906089782715;[];
47.1875;MPIB4;56.10000441273155;46.120225361624506;0.8759495615959167;-0.22573775053024292;0.426277756690979;[];
47.1875;MPIB3;51.96691948610464;18.59109136830125;0.7815375328063965;-0.44455158710479736;0.43760332465171814;[];
47.25;MPIB2;43.074633687691616;38.46902521641135;-0.8210997581481934;-0.5707020163536072;0.002125497441738844;[];
47.25;MPIB1;24.49778402801212;41.42881932137479;-0.8816275000572205;-0.47021257877349854;-0.039414867758750916;[];
47.25;MPIB4;56.10000441273155;46.120225361624506;0.8759495615959167;-0.22573775053024292;0.426277756690979;[];
47.25;MPIB3;51.96691948610464;18.59109136830125;0.43079331517219543;-0.3681102991104126;0.823921263217926;[];
47.28125;MPIB2;43.074633687691616;38.46902521641135;-0.8196194767951965;-0.5728257298469543;0.0021216655150055885;[];
47.28125;MPIB1;24.49778402801212;41.42881932137479;-0.8828407526016235;-0.46792641282081604;-0.03946910798549652;[];
47.28125;MPIB4;56.10000441273155;46.120225361624506;0.8759495615959167;-0.22573775053024292;0.426277756690979;[];
47.28125;MPIB3;51.96691948610464;18.59109136830125;0.37269461154937744;-0.36078935861587524;0.8549065589904785;[];
47.34375;MPIB2;43.074633687691616;38.46902521641135;-0.8196194767951965;-0.5728257298469543;0.0021216655150055885;[];
47.34375;MPIB1;24.49778402801212;41.42881932137479;-0.8841919898986816;-0.46555230021476746;-0.03723639249801636;[];
47.34375;MPIB4;56.10000441273155;46.120225361624506;0.8759495615959167;-0.22573775053024292;0.426277756690979;[];
47.34375;MPIB3;51.96691948610464;18.59109136830125;0.3637404441833496;-0.36078935861587524;0.8587545156478882;[];
47.375;MPIB2;43.074633687691616;38.46902521641135;-0.8181337714195251;-0.5749456286430359;0.002117819618433714;[];
47.375;MPIB1;24.49778402801212;41.42881932137479;-0.8865886926651001;-0.460964173078537;-0.03733732923865318;[];
47.375;MPIB4;56.10000441273155;46.120225361624506;0.8759495615959167;-0.22573775053024292;0.426277756690979;[];
47.375;MPIB3;51.96691948610464;18.59109136830125;0.3517191410064697;-0.3656129837036133;0.861716628074646;[];
47.4375;MPIB2;43.074633687691616;38.46902521641135;-0.8150902390480042;-0.5792520046234131;0.002109941327944398;[];
47.4375;MPIB1;24.49778402801212;41.42881932137479;-0.8902767300605774;-0.4539734125137329;-0.035184238106012344;[];
47.4375;MPIB4;56.10000441273155;46.120225361624506;0.8759495615959167;-0.22573775053024292;0.426277756690979;[];
47.4375;MPIB3;51.96691948610464;18.59109136830125;0.3419801890850067;-0.3705158829689026;0.8635401129722595;[];
47.5;MPIB2;43.074633687691616;38.46902521641135;-0.8150902390480042;-0.5792520046234131;0.002109941327944398;[];
47.5;MPIB1;24.49778402801212;41.42881932137479;-0.8915828466415405;-0.45157986879348755;-0.03283894062042236;[];
47.5;MPIB4;56.10000441273155;46.120225361624506;0.8759495615959167;-0.22573775053024292;0.426277756690979;[];
47.5;MPIB3;51.96691948610464;18.59109136830125;0.3397437036037445;-0.3705158829689026;0.8644225001335144;[];
47.53125;MPIB2;42.97663402553074;38.469278898174196;-0.8150902390480042;-0.5792520046234131;0.002109941327944398;[];
47.53125;MPIB1;24.49778402801212;41.42881932137479;-0.8939076066017151;-0.446954607963562;-0.03292457014322281;[];
47.53125;MPIB4;56.10000441273155;46.120225361624506;0.8759495615959167;-0.22573775053024292;0.426277756690979;[];
47.53125;MPIB3;51.96691948610464;18.59109136830125;0.3723561465740204;-0.38984647393226624;0.8422005772590637;[];
47.59375;MPIB2;42.825126541614964;38.46953257993704;-0.8150902390480042;-0.5792520046234131;0.002109941327944398;[];
47.59375;MPIB1;24.49778402801212;41.42881932137479;-0.8974746465682983;-0.4399081766605377;-0.03072981722652912;[];
47.59375;MPIB4;56.10000441273155;46.120225361624506;0.8759495615959167;-0.22573775053024292;0.426277756690979;[];
47.59375;MPIB3;51.96691948610464;18.59109136830125;0.5620526671409607;-0.42573419213294983;0.7090651392936707;[];
47.625;MPIB2;42.64440378362757;38.46978626169988;-0.8150902390480042;-0.5792520046234131;0.002109941327944398;[];
47.625;MPIB1;24.49778402801212;41.42881932137479;-0.9009039402008057;-0.43283456563949585;-0.03084723651409149;[];
47.625;MPIB4;56.10000441273155;46.120225361624506;0.8759495615959167;-0.22573775053024292;0.426277756690979;[];
47.625;MPIB3;51.96691948610464;18.59109136830125;0.5880123972892761;-0.4304995536804199;0.6847167611122131;[];
47.6875;MPIB2;42.44772948414425;38.47003994346272;-0.8150902390480042;-0.5792520046234131;0.002109941327944398;[];
47.6875;MPIB1;24.49778402801212;41.42881932137479;-0.9056506156921387;-0.4233904778957367;-0.02153744362294674;[];
47.6875;MPIB4;56.10000441273155;46.120225361624506;0.8759495615959167;-0.22573775053024292;0.426277756690979;[];
47.6875;MPIB3;51.96691948610464;18.59109136830125;0.5880123972892761;-0.4304995536804199;0.6847167611122131;[];
47.75;MPIB2;42.24234564199253;38.470293625225565;-0.8150902390480042;-0.5792520046234131;0.002109941327944398;[];
47.75;MPIB1;24.49778402801212;41.42881932137479;-0.9058274030685425;-0.4233904778957367;-0.011985324323177338;[];
47.75;MPIB4;56.10000441273155;46.120225361624506;0.8759495615959167;-0.22573775053024292;0.426277756690979;[];
47.75;MPIB3;51.96691948610464;18.59109136830125;0.5880123972892761;-0.4304995536804199;0.6847167611122131;[];
47.78125;MPIB2;42.03220638899151;38.47054730698841;-0.8196194767951965;-0.5728257298469543;0.0021216655150055885;[];
47.78125;MPIB1;24.49778402801212;41.42881932137479;-0.9058274030685425;-0.4233904778957367;-0.011985324323177338;[];
47.78125;MPIB4;56.10000441273155;46.120225361624506;0.8759495615959167;-0.22573775053024292;0.426277756690979;[];
47.78125;MPIB3;52.03075950282732;18.66543879727874;0.5880123972892761;-0.4304995536804199;0.6847167611122131;[];
47.84375;MPIB2;41.81947035353964;38.47054730698841;-0.8343347311019897;-0.5511781573295593;-1.0217653887099198E-16;[];
47.84375;MPIB1;24.49778402801212;41.42881932137479;-0.9058274030685425;-0.4233904778957367;-0.011985324323177338;[];
47.84375;MPIB4;56.10000441273155;46.120225361624506;0.8759495615959167;-0.22573775053024292;0.426277756690979;[];
47.84375;MPIB3;52.129456172729306;18.780379927192996;0.5880123972892761;-0.4304995536804199;0.6847167611122131;[];
47.875;MPIB2;41.60531682488221;38.47028422963598;-0.8470998406410217;-0.5313476920127869;-0.002274016384035349;[];
47.875;MPIB1;24.49778402801212;41.425772456228515;-0.9058274030685425;-0.4233904778957367;-0.011985324323177338;[];
47.875;MPIB4;56.10000441273155;46.120225361624506;0.8759495615959167;-0.22573775053024292;0.426277756690979;[];
47.875;MPIB3;52.24737683225953;18.91731969829462;0.5897828936576843;-0.4304995536804199;0.6831923723220825;[];
47.9375;MPIB2;41.390392019603084;38.469513795830096;-0.8593733310699463;-0.5112216472625732;-0.006756232585757971;[];
47.9375;MPIB1;24.49778402801212;41.425772456228515;-0.9058274030685425;-0.4233904778957367;-0.011985324323177338;[];
47.9375;MPIB4;56.10000441273155;46.120225361624506;0.8759495615959167;-0.22573775053024292;0.426277756690979;[];
47.9375;MPIB3;52.37540884964869;19.06660127388787;0.5810185074806213;-0.446954607963562;0.6801267266273499;[];
48.0;MPIB2;41.17504609723959;38.46874336202421;-0.8606939911842346;-0.5089951753616333;-0.0067666154354810715;[];
48.0;MPIB1;24.49778402801212;41.425772456228515;-0.9058274030685425;-0.4233904778957367;-0.011985324323177338;[];
48.0;MPIB4;56.10000441273155;46.120225361624506;0.8759495615959167;-0.22573775053024292;0.426277756690979;[];
48.0;MPIB3;52.50778217510651;19.22361308818907;0.563373863697052;-0.46792641282081604;0.6808637380599976;[];
48.03125;MPIB2;40.959470244921334;38.46797292821833;-0.8606939911842346;-0.5089951753616333;-0.0067666154354810715;[];
48.03125;MPIB1;24.49778402801212;41.425772456228515;-0.9058274030685425;-0.4233904778957367;-0.011985324323177338;[];
48.03125;MPIB4;56.10000441273155;46.120225361624506;0.8759495615959167;-0.22573775053024292;0.426277756690979;[];
48.03125;MPIB3;52.58005801920149;19.3093415487551;0.5333844423294067;-0.4977288246154785;0.6838744878768921;[];
48.09375;MPIB2;40.74376885083318;38.46720249441245;-0.8606939911842346;-0.5089951753616333;-0.0067666154354810715;[];
48.09375;MPIB1;24.49778402801212;41.425772456228515;-0.9058274030685425;-0.4233904778957367;-0.011985324323177338;[];
48.09375;MPIB4;56.10000441273155;46.120225361624506;0.8759495615959167;-0.22573775053024292;0.426277756690979;[];
48.09375;MPIB3;52.61952063466106;19.35614929366099;0.48944878578186035;-0.5446015000343323;0.6810004115104675;[];
48.125;MPIB2;40.527997249451246;38.46668573710161;-0.8607085943222046;-0.5089951753616333;-0.004538609180599451;[];
48.125;MPIB1;24.49778402801212;41.425772456228515;-0.9058274030685425;-0.4233904778957367;-0.011985324323177338;[];
48.125;MPIB4;56.10000441273155;46.120225361624506;0.8759495615959167;-0.22573775053024292;0.426277756690979;[];
48.125;MPIB3;52.64106722520455;19.38170632534812;0.45564550161361694;-0.5856424570083618;0.6703127026557922;[];
48.1875;MPIB2;40.41018594141261;38.46668573710161;-0.8607205748558044;-0.5089951753616333;-1.0540787692053853E-16;[];
48.1875;MPIB1;24.49778402801212;41.425772456228515;-0.9058274030685425;-0.4233904778957367;-0.011985324323177338;[];
48.1875;MPIB4;56.10000441273155;46.120225361624506;0.8759495615959167;-0.22573775053024292;0.426277756690979;[];
48.1875;MPIB3;52.64106722520455;19.38170632534812;0.4425612986087799;-0.6045950651168823;0.6622024178504944;[];
48.25;MPIB2;40.345860959752;38.46668573710161;-0.8512545824050903;-0.5246713161468506;-1.0424862630543732E-16;[];
48.25;MPIB1;24.49778402801212;41.425772456228515;-0.9058274030685425;-0.4233904778957367;-0.011985324323177338;[];
48.25;MPIB4;56.10000441273155;46.120225361624506;0.8759495615959167;-0.22573775053024292;0.426277756690979;[];
48.25;MPIB3;52.64106722520455;19.38170632534812;0.43817007541656494;-0.6107624769210815;0.6594569683074951;[];
48.28125;MPIB2;40.31073951568585;38.46668573710161;-0.8400498628616333;-0.5424286723136902;-1.0287643954833025E-16;[];
48.28125;MPIB1;24.49778402801212;41.425772456228515;-0.9058274030685425;-0.4233904778957367;-0.011985324323177338;[];
48.28125;MPIB4;56.10000441273155;46.120225361624506;0.8759495615959167;-0.22573775053024292;0.426277756690979;[];
48.28125;MPIB3;52.66276221843759;19.407439381739948;0.43817007541656494;-0.6107624769210815;0.6594569683074951;[];
48.34375;MPIB2;40.31073951568585;38.46668573710161;-0.8343231678009033;-0.5511781573295593;-0.004399475641548634;[];
48.34375;MPIB1;24.49778402801212;41.425772456228515;-0.9091563820838928;-0.41625523567199707;-0.009675600565969944;[];
48.34375;MPIB4;56.10000441273155;46.120225361624506;0.8759495615959167;-0.22573775053024292;0.426277756690979;[];
48.34375;MPIB3;52.66276221843759;19.407439381739948;0.43817007541656494;-0.6107624769210815;0.6594569683074951;[];
48.375;MPIB2;40.31073951568585;38.46668573710161;-0.8342627882957458;-0.5511781573295593;-0.010958429425954819;[];
48.375;MPIB1;24.399789588708245;41.424729560860214;-0.9145460724830627;-0.404276967048645;-0.009732958860695362;[];
48.375;MPIB4;56.10000441273155;46.120225361624506;0.8759495615959167;-0.22573775053024292;0.426277756690979;[];
48.375;MPIB3;52.66276221843759;19.407439381739948;0.43817007541656494;-0.6107624769210815;0.6594569683074951;[];
48.4375;MPIB2;40.2753761717819;38.46668573710161;-0.8341948390007019;-0.5511781573295593;-0.015277396887540817;[];
48.4375;MPIB1;24.24828609641156;41.42419401254483;-0.9156278371810913;-0.4019079804420471;-0.005003778729587793;[];
48.4375;MPIB4;56.10000441273155;46.120225361624506;0.8759495615959167;-0.22573775053024292;0.426277756690979;[];
48.4375;MPIB3;52.66276221843759;19.407439381739948;0.43817007541656494;-0.6107624769210815;0.6594569683074951;[];
48.5;MPIB2;40.2753761717819;38.46668573710161;-0.8341026902198792;-0.5511781573295593;-0.01967592164874077;[];
48.5;MPIB1;24.067566657787324;41.42365846422945;-0.9187597632408142;-0.3946968615055084;-0.005020894575864077;[];
48.5;MPIB4;56.10000441273155;46.120225361624506;0.8759495615959167;-0.22573775053024292;0.426277756690979;[];
48.5;MPIB3;52.66276221843759;19.407439381739948;0.43817007541656494;-0.6107624769210815;0.6594569683074951;[];
48.53125;MPIB2;40.2753761717819;38.46668573710161;-0.8341026902198792;-0.5511781573295593;-0.01967592164874077;[];
48.53125;MPIB1;23.87089531061531;41.423122915914064;-0.9197786450386047;-0.39231711626052856;-0.005026462487876415;[];
48.53125;MPIB4;56.10000441273155;46.120225361624506;0.8759495615959167;-0.22573775053024292;0.426277756690979;[];
48.53125;MPIB3;52.66276221843759;19.407439381739948;0.43817007541656494;-0.6107624769210815;0.6594569683074951;[];
48.59375;MPIB2;40.2753761717819;38.46668573710161;-0.8341026902198792;-0.5511781573295593;-0.01967592164874077;[];
48.59375;MPIB1;23.66551422036457;41.42258736759868;-0.9208287000656128;-0.38984647393226624;-0.0050322008319199085;[];
48.59375;MPIB4;56.10000441273155;46.120225361624506;0.8759495615959167;-0.22573775053024292;0.426277756690979;[];
48.59375;MPIB3;52.66276221843759;19.407439381739948;0.43646156787872314;-0.6107624769210815;0.6605889797210693;[];
48.625;MPIB2;40.2753761717819;38.46668573710161;-0.8341026902198792;-0.5511781573295593;-0.01967592164874077;[];
48.625;MPIB1;23.455377609840525;41.4220518192833;-0.9208287000656128;-0.38984647393226624;-0.0050322008319199085;[];
48.625;MPIB4;56.10000441273155;46.120225361624506;0.8759495615959167;-0.22573775053024292;0.426277756690979;[];
48.625;MPIB3;52.66276221843759;19.407439381739948;0.43646156787872314;-0.6107624769210815;0.6605889797210693;[];
48.6875;MPIB2;40.2753761717819;38.46668573710161;-0.8341026902198792;-0.5511781573295593;-0.01967592164874077;[];
48.6875;MPIB1;23.242644484945572;41.42151627096791;-0.9208287000656128;-0.38984647393226624;-0.0050322008319199085;[];
48.6875;MPIB4;56.10000441273155;46.120225361624506;0.8759495615959167;-0.22573775053024292;0.426277756690979;[];
48.6875;MPIB3;52.66276221843759;19.407439381739948;0.43646156787872314;-0.6107624769210815;0.6605889797210693;[];
48.75;MPIB2;40.2753761717819;38.46668573710161;-0.8341026902198792;-0.5511781573295593;-0.01967592164874077;[];
48.75;MPIB1;23.028493663039512;41.42098072265253;-0.9208287000656128;-0.38984647393226624;-0.0050322008319199085;[];
48.75;MPIB4;56.10000441273155;46.120225361624506;0.8754012584686279;-0.2283521145582199;0.42601093649864197;[];
48.75;MPIB3;52.66276221843759;19.407439381739948;0.43646156787872314;-0.6107624769210815;0.6605889797210693;[];
48.78125;MPIB2;40.2753761717819;38.46668573710161;-0.8341026902198792;-0.5511781573295593;-0.01967592164874077;[];
48.78125;MPIB1;22.813568778475428;41.42044517433715;-0.9208287000656128;-0.38984647393226624;-0.0050322008319199085;[];
48.78125;MPIB4;56.10000441273155;46.120225361624506;0.8754012584686279;-0.2283521145582199;0.42601093649864197;[];
48.78125;MPIB3;52.66276221843759;19.407439381739948;0.43646156787872314;-0.6107624769210815;0.6605889797210693;[];
48.84375;MPIB2;40.2753761717819;38.46668573710161;-0.8341026902198792;-0.5511781573295593;-0.01967592164874077;[];
48.84375;MPIB1;22.69621977787301;41.42044517433715;-0.9156379699707031;-0.4019079804420471;-0.0025457916781306267;[];
48.84375;MPIB4;56.10000441273155;46.120225361624506;0.8674538731575012;-0.2283521145582199;0.4419688582420349;[];
48.84375;MPIB3;52.66276221843759;19.407439381739948;0.43646156787872314;-0.6107624769210815;0.6605889797210693;[];
48.875;MPIB2;40.2753761717819;38.46668573710161;-0.8341026902198792;-0.5511781573295593;-0.01967592164874077;[];
48.875;MPIB1;22.632147216101885;41.42044517433715;-0.901405394077301;-0.43283456563949585;0.006913828197866678;[];
48.875;MPIB4;56.10000441273155;46.120225361624506;0.8663068413734436;-0.2283521145582199;0.4442128539085388;[];
48.875;MPIB3;52.66276221843759;19.407439381739948;0.43646156787872314;-0.6107624769210815;0.6605889797210693;[];
48.9375;MPIB2;40.2753761717819;38.46668573710161;-0.8341026902198792;-0.5511781573295593;-0.01967592164874077;[];
48.9375;MPIB1;22.597163593311393;41.42044517433715;-0.8820770978927612;-0.47021257877349854;0.02757817506790161;[];
48.9375;MPIB4;56.10000441273155;46.120225361624506;0.8639524579048157;-0.2283521145582199;0.4487747550010681;[];
48.9375;MPIB3;52.66276221843759;19.407439381739948;0.43646156787872314;-0.6107624769210815;0.6605889797210693;[];
49.0;MPIB2;40.2753761717819;38.46668573710161;-0.8341026902198792;-0.5511781573295593;-0.01967592164874077;[];
49.0;MPIB1;22.597163593311393;41.42044517433715;-0.8793882131576538;-0.47477537393569946;0.03441615402698517;[];
49.0;MPIB4;56.10000441273155;46.120225361624506;0.8543848395347595;-0.2283521145582199;0.4667324721813202;[];
49.0;MPIB3;52.66276221843759;19.407439381739948;0.43646156787872314;-0.6107624769210815;0.6605889797210693;[];
49.03125;MPIB2;40.2753761717819;38.46668573710161;-0.8341026902198792;-0.5511781573295593;-0.01967592164874077;[];
49.03125;MPIB1;22.597163593311393;41.42044517433715;-0.8780194520950317;-0.4771362841129303;0.03663913533091545;[];
49.03125;MPIB4;56.10000441273155;46.120225361624506;0.8066717386245728;-0.2283521145582199;0.5450627207756042;[];
49.03125;MPIB3;52.66276221843759;19.407439381739948;0.43646156787872314;-0.6107624769210815;0.6605889797210693;[];
49.09375;MPIB2;40.2753761717819;38.46668573710161;-0.8341026902198792;-0.5511781573295593;-0.01967592164874077;[];
49.09375;MPIB1;22.56193901993072;41.42044517433715;-0.8780194520950317;-0.4771362841129303;0.03663913533091545;[];
49.09375;MPIB4;56.10000441273155;46.120225361624506;0.7027098536491394;-0.2283521145582199;0.6738038063049316;[];
49.09375;MPIB3;52.66276221843759;19.407439381739948;0.43646156787872314;-0.6107624769210815;0.6605889797210693;[];
49.125;MPIB2;40.2753761717819;38.46668573710161;-0.8341026902198792;-0.5511781573295593;-0.01967592164874077;[];
49.125;MPIB1;22.56193901993072;41.42044517433715;-0.8780194520950317;-0.4771362841129303;0.03663913533091545;[];
49.125;MPIB4;56.10000441273155;46.120225361624506;0.6045874357223511;-0.21554511785507202;0.7667945623397827;[];
49.125;MPIB3;52.66276221843759;19.407439381739948;0.43646156787872314;-0.6107624769210815;0.6605889797210693;[];
49.1875;MPIB2;40.2753761717819;38.46668573710161;-0.8341026902198792;-0.5511781573295593;-0.01967592164874077;[];
49.1875;MPIB1;22.56193901993072;41.42044517433715;-0.8912031054496765;-0.45157986879348755;0.041897907853126526;[];
49.1875;MPIB4;56.10000441273155;46.120225361624506;0.5061759352684021;-0.19245673716068268;0.8406605124473572;[];
49.1875;MPIB3;52.66276221843759;19.407439381739948;0.43646156787872314;-0.6107624769210815;0.6605889797210693;[];
49.25;MPIB2;40.2753761717819;38.46668573710161;-0.8341026902198792;-0.5511781573295593;-0.01967592164874077;[];
49.25;MPIB1;22.56193901993072;41.42044517433715;-0.907337486743927;-0.4186075031757355;0.03786255791783333;[];
49.25;MPIB4;56.14900169571342;46.205097406247404;0.4914396405220032;-0.1847361922264099;0.8510727286338806;[];
49.25;MPIB3;52.66276221843759;19.407439381739948;0.43646156787872314;-0.6107624769210815;0.6605889797210693;[];
49.28125;MPIB2;40.2753761717819;38.46668573710161;-0.8341026902198792;-0.5511781573295593;-0.01967592164874077;[];
49.28125;MPIB1;22.56193901993072;41.42044517433715;-0.9150339365005493;-0.4019079804420471;0.033351313322782516;[];
49.28125;MPIB4;56.22430328255791;46.33656677920857;0.4869450628757477;-0.1847361922264099;0.85365229845047;[];
49.28125;MPIB3;52.66276221843759;19.407439381739948;0.43646156787872314;-0.6107624769210815;0.6605889797210693;[];
49.34375;MPIB2;40.2753761717819;38.46668573710161;-0.8341026902198792;-0.5511781573295593;-0.01967592164874077;[];
49.34375;MPIB1;22.56193901993072;41.42044517433715;-0.9193431735038757;-0.39231711626052856;0.028743302449584007;[];
49.34375;MPIB4;56.31396702097959;46.49347829639757;0.4871805012226105;-0.18219153583049774;0.8540650010108948;[];
49.34375;MPIB3;52.66276221843759;19.407439381739948;0.43646156787872314;-0.6107624769210815;0.6605889797210693;[];
49.375;MPIB2;40.2753761717819;38.46668573710161;-0.8341026902198792;-0.5511781573295593;-0.01967592164874077;[];
49.375;MPIB1;22.460869918479602;41.423244691579384;-0.9204666614532471;-0.38984647393226624;0.026305250823497772;[];
49.375;MPIB4;56.41147249507321;46.664281225948514;0.48764997720718384;-0.17700421810150146;0.8548880815505981;[];
49.375;MPIB3;52.66276221843759;19.407439381739948;0.43646156787872314;-0.6107624769210815;0.6605889797210693;[];
49.4375;MPIB2;40.27225481698409;38.46668573710161;-0.8326733708381653;-0.5533362030982971;-0.01964220590889454;[];
49.4375;MPIB1;22.309416837990625;41.425790621093256;-0.920531690120697;-0.38984647393226624;0.023922452703118324;[];
49.4375;MPIB4;56.5169972901092;46.8404256318228;0.5251851081848145;-0.17700421810150146;0.8323561549186707;[];
49.4375;MPIB3;52.66276221843759;19.407439381739948;0.43646156787872314;-0.6107624769210815;0.6605889797210693;[];
49.5;MPIB2;40.27225481698409;38.46668573710161;-0.8326733708381653;-0.5533362030982971;-0.01964220590889454;[];
49.5;MPIB1;22.12875652957939;41.42833655060713;-0.9215376377105713;-0.3874613642692566;0.02394859492778778;[];
49.5;MPIB4;56.62819736373763;47.01865414994754;0.5382069945335388;-0.17700421810150146;0.8239960074424744;[];
49.5;MPIB3;52.66276221843759;19.407439381739948;0.43646156787872314;-0.6107624769210815;0.6605889797210693;[];
49.53125;MPIB2;40.27225481698409;38.46668573710161;-0.8326733708381653;-0.5533362030982971;-0.01964220590889454;[];
49.53125;MPIB1;21.932149072870402;41.430882480121;-0.9215376377105713;-0.3874613642692566;0.02394859492778778;[];
49.53125;MPIB4;56.68891261099111;47.11596693214679;0.5425444841384888;-0.17700421810150146;0.821146547794342;[];
49.53125;MPIB3;52.66276221843759;19.407439381739948;0.43646156787872314;-0.6107624769210815;0.6605889797210693;[];
49.59375;MPIB2;40.27225481698409;38.46668573710161;-0.8312769532203674;-0.5555702447891235;-0.01522395946085453;[];
49.59375;MPIB1;21.824801389038612;41.430882480121;-0.9215965867042542;-0.3874613642692566;0.021563032642006874;[];
49.59375;MPIB4;56.72206313984202;47.16909971739909;0.5425444841384888;-0.17700421810150146;0.821146547794342;[];
49.59375;MPIB3;52.66276221843759;19.407439381739948;0.43646156787872314;-0.6107624769210815;0.6605889797210693;[];
49.625;MPIB2;40.27225481698409;38.46668573710161;-0.8313136100769043;-0.5555702447891235;-0.01307207252830267;[];
49.625;MPIB1;21.766189546858527;41.430882480121;-0.9226973652839661;-0.3850736916065216;0.016721243038773537;[];
49.625;MPIB4;56.74016333069699;47.19811022151649;0.5425444841384888;-0.17700421810150146;0.821146547794342;[];
49.625;MPIB3;52.66276221843759;19.407439381739948;0.43646156787872314;-0.6107624769210815;0.6605889797210693;[];
49.6875;MPIB2;40.27225481698409;38.46668573710161;-0.8313136100769043;-0.5555702447891235;-0.01307207252830267;[];
49.6875;MPIB1;21.734187477311025;41.430882480121;-0.9226973652839661;-0.3850736916065216;0.016721243038773537;[];
49.6875;MPIB4;56.74016333069699;47.19811022151649;0.5404170155525208;-0.17700421810150146;0.8225482106208801;[];
49.6875;MPIB3;52.66276221843759;19.407439381739948;0.43646156787872314;-0.6107624769210815;0.6605889797210693;[];
49.75;MPIB2;40.27225481698409;38.46668573710161;-0.8313136100769043;-0.5555702447891235;-0.01307207252830267;[];
49.75;MPIB1;21.734187477311025;41.430882480121;-0.9226973652839661;-0.3850736916065216;0.016721243038773537;[];
49.75;MPIB4;56.74016333069699;47.19811022151649;0.5404170155525208;-0.17700421810150146;0.8225482106208801;[];
49.75;MPIB3;52.66276221843759;19.407439381739948;0.43646156787872314;-0.6107624769210815;0.6605889797210693;[];
49.78125;MPIB2;40.27225481698409;38.46668573710161;-0.8313136100769043;-0.5555702447891235;-0.01307207252830267;[];
49.78125;MPIB1;21.734187477311025;41.430882480121;-0.9226973652839661;-0.3850736916065216;0.016721243038773537;[];
49.78125;MPIB4;56.75544199380215;47.22732053621763;0.5404170155525208;-0.17700421810150146;0.8225482106208801;[];
49.78125;MPIB3;52.66276221843759;19.407439381739948;0.43646156787872314;-0.6107624769210815;0.6605889797210693;[];
49.84375;MPIB2;40.27225481698409;38.46668573710161;-0.8313136100769043;-0.5555702447891235;-0.01307207252830267;[];
49.84375;MPIB1;21.701964992696958;41.430882480121;-0.9226973652839661;-0.3850736916065216;0.016721243038773537;[];
49.84375;MPIB4;56.75544199380215;47.22732053621763;0.5404170155525208;-0.17700421810150146;0.8225482106208801;[];
49.84375;MPIB3;52.66276221843759;19.407439381739948;0.43646156787872314;-0.6107624769210815;0.6605889797210693;[];
49.875;MPIB2;40.27225481698409;38.46668573710161;-0.8313136100769043;-0.5555702447891235;-0.01307207252830267;[];
49.875;MPIB1;21.701964992696958;41.430882480121;-0.9226973652839661;-0.3850736916065216;0.016721243038773537;[];
49.875;MPIB4;56.75544199380215;47.22732053621763;0.5404170155525208;-0.17700421810150146;0.8225482106208801;[];
49.875;MPIB3;52.66276221843759;19.407439381739948;0.43646156787872314;-0.6107624769210815;0.6605889797210693;[];
49.9375;MPIB2;40.27225481698409;38.46668573710161;-0.8313136100769043;-0.5555702447891235;-0.01307207252830267;[];
49.9375;MPIB1;21.701964992696958;41.430882480121;-0.9226973652839661;-0.3850736916065216;0.016721243038773537;[];
49.9375;MPIB4;56.75544199380215;47.22732053621763;0.5382069945335388;-0.17700421810150146;0.8239960074424744;[];
49.9375;MPIB3;52.66276221843759;19.407439381739948;0.43646156787872314;-0.6107624769210815;0.6605889797210693;[];
50.0;MPIB2;40.27225481698409;38.46668573710161;-0.8313136100769043;-0.5555702447891235;-0.01307207252830267;[];
50.0;MPIB1;21.701964992696958;41.430882480121;-0.9238021373748779;-0.38259485363960266;0.01195740420371294;[];
50.0;MPIB4;56.75544199380215;47.22732053621763;0.542022168636322;-0.18219153583049774;0.8203559517860413;[];
50.0;MPIB3;52.66276221843759;19.407439381739948;0.43646156787872314;-0.6107624769210815;0.6605889797210693;[];
50.03125;MPIB2;40.27225481698409;38.46668573710161;-0.8313136100769043;-0.5555702447891235;-0.01307207252830267;[];
50.03125;MPIB1;21.701964992696958;41.430882480121;-0.9248183369636536;-0.38020193576812744;0.009487579576671124;[];
50.03125;MPIB4;56.75544199380215;47.22732053621763;0.5678930282592773;-0.19762851297855377;0.7990014553070068;[];
50.03125;MPIB3;52.66276221843759;19.407439381739948;0.43646156787872314;-0.6107624769210815;0.6605889797210693;[];
50.09375;MPIB2;40.27225481698409;38.46668573710161;-0.8298726081848145;-0.5577207207679749;-0.013049413450062275;[];
50.09375;MPIB1;21.701964992696958;41.430882480121;-0.9248183369636536;-0.38020193576812744;0.009487579576671124;[];
50.09375;MPIB4;56.75544199380215;47.22732053621763;0.5814866423606873;-0.20532892644405365;0.7871942520141602;[];
50.09375;MPIB3;52.66276221843759;19.407439381739948;0.43646156787872314;-0.6107624769210815;0.6605889797210693;[];
50.125;MPIB2;40.27225481698409;38.46668573710161;-0.8298726081848145;-0.5577207207679749;-0.013049413450062275;[];
50.125;MPIB1;21.701964992696958;41.430882480121;-0.9248183369636536;-0.38020193576812744;0.009487579576671124;[];
50.125;MPIB4;56.75544199380215;47.22732053621763;0.5835224390029907;-0.20532892644405365;0.7856863737106323;[];
50.125;MPIB3;52.66276221843759;19.407439381739948;0.4217415452003479;-0.5856424570083618;0.6921459436416626;[];
50.1875;MPIB2;40.27225481698409;38.46668573710161;-0.8284570574760437;-0.5598674416542053;-0.010882169008255005;[];
50.1875;MPIB1;21.701964992696958;41.430882480121;-0.9257996082305908;-0.3778064548969269;0.009497646242380142;[];
50.1875;MPIB4;56.8142798658007;47.30569210573191;0.5876572728157043;-0.20532892644405365;0.7825984954833984;[];
50.1875;MPIB3;52.687129820979635;19.502359212300632;0.2250635176897049;-0.42573419213294983;0.8763691782951355;[];
50.25;MPIB2;40.27225481698409;38.46668573710161;-0.8284832835197449;-0.5598674416542053;-0.008658167906105518;[];
50.25;MPIB1;21.701964992696958;41.430882480121;-0.9267747402191162;-0.37540847063064575;0.009507649578154087;[];
50.25;MPIB4;56.905445894060676;47.42670199163237;0.5893587470054626;-0.20786167681217194;0.7806476354598999;[];
50.25;MPIB3;52.71929529272643;19.65035156478598;0.1763075292110443;-0.4019079804420471;0.8985071778297424;[];
50.28125;MPIB2;40.27225481698409;38.46668573710161;-0.8270732760429382;-0.5620104074478149;-0.0022202555555850267;[];
50.28125;MPIB1;21.701964992696958;41.430882480121;-0.9267747402191162;-0.37540847063064575;0.009507649578154087;[];
50.28125;MPIB4;57.01447286133566;47.57083362166068;0.5914522409439087;-0.20786167681217194;0.7790627479553223;[];
50.28125;MPIB3;52.75571840155362;19.827321517608;0.1763075292110443;-0.4019079804420471;0.8985071778297424;[];
50.34375;MPIB2;40.27225481698409;38.46668573710161;-0.8253840804100037;-0.5642287731170654;0.017253441736102104;[];
50.34375;MPIB1;21.701964992696958;41.430882480121;-0.9267747402191162;-0.37540847063064575;0.009507649578154087;[];
50.34375;MPIB4;57.133251902445636;47.72758972544915;0.5914522409439087;-0.20786167681217194;0.7790627479553223;[];
50.34375;MPIB3;52.794466180496784;20.020113242051593;0.1763075292110443;-0.4019079804420471;0.8985071778297424;[];
50.375;MPIB2;40.27225481698409;38.46668573710161;-0.825222909450531;-0.5642287731170654;0.023741723969578743;[];
50.375;MPIB1;21.701964992696958;41.430882480121;-0.9267747402191162;-0.37540847063064575;0.009507649578154087;[];
50.375;MPIB4;57.19810526642459;47.813178568059016;0.5914522409439087;-0.20786167681217194;0.7790627479553223;[];
50.375;MPIB3;52.837250205603596;20.22095913440441;0.20073918998241425;-0.41625523567199707;0.8867709636688232;[];
50.4375;MPIB2;40.27225481698409;38.46668573710161;-0.8251587152481079;-0.5642287731170654;0.025877809152007103;[];
50.4375;MPIB1;21.701964992696958;41.430882480121;-0.9267747402191162;-0.37540847063064575;0.009507649578154087;[];
50.4375;MPIB4;57.2335152072701;47.85991008155199;0.5914522409439087;-0.20786167681217194;0.7790627479553223;[];
50.4375;MPIB3;52.88991114149803;20.42413534995285;0.26788899302482605;-0.44455158710479736;0.8547122478485107;[];
50.5;MPIB2;40.27225481698409;38.46668573710161;-0.8246498703956604;-0.5642287731170654;0.03884829580783844;[];
50.5;MPIB1;21.701964992696958;41.430882480121;-0.9267747402191162;-0.37540847063064575;0.009507649578154087;[];
50.5;MPIB4;57.2528490372174;47.885425490882824;0.5914522409439087;-0.20786167681217194;0.7790627479553223;[];
50.5;MPIB3;52.951378267265;20.627444877352247;0.29829904437065125;-0.44926875829696655;0.842079758644104;[];
50.53125;MPIB2;40.27225481698409;38.46668573710161;-0.8172306418418884;-0.5620104074478149;0.12723685801029205;[];
50.53125;MPIB1;21.701964992696958;41.430882480121;-0.9267747402191162;-0.37540847063064575;0.009507649578154087;[];
50.53125;MPIB4;57.2528490372174;47.885425490882824;0.5914522409439087;-0.20786167681217194;0.7790627479553223;[];
50.53125;MPIB3;53.01765357326076;20.83082719303073;0.29829904437065125;-0.44926875829696655;0.842079758644104;[];
50.59375;MPIB2;40.22708033377424;38.37971870842415;-0.7339629530906677;-0.5620104074478149;0.3812525272369385;[];
50.59375;MPIB1;21.701964992696958;41.430882480121;-0.9267747402191162;-0.37540847063064575;0.009507649578154087;[];
50.59375;MPIB4;57.2528490372174;47.885425490882824;0.5914522409439087;-0.20786167681217194;0.7790627479553223;[];
50.59375;MPIB3;53.08582689479431;21.034503651188658;0.2920485734939575;-0.446954607963562;0.8454954624176025;[];
50.625;MPIB2;40.109952247732394;38.299759695690284;-0.27407461404800415;-0.5620104074478149;0.7803449630737305;[];
50.625;MPIB1;21.701964992696958;41.430882480121;-0.9267747402191162;-0.37540847063064575;0.009507649578154087;[];
50.625;MPIB4;57.27231602940924;47.91111663824333;0.5914522409439087;-0.20786167681217194;0.7790627479553223;[];
50.625;MPIB3;53.14989295383634;21.23996037797386;0.24883109331130981;-0.4186075031757355;0.8733716011047363;[];
50.6875;MPIB2;39.949371721357664;38.27243960035409;0.13788147270679474;-0.5620104074478149;0.8155022263526917;[];
50.6875;MPIB1;21.701964992696958;41.430882480121;-0.9267747402191162;-0.37540847063064575;0.009507649578154087;[];
50.6875;MPIB4;57.27231602940924;47.91111663824333;0.5914522409439087;-0.20786167681217194;0.7790627479553223;[];
50.6875;MPIB3;53.20874887359514;21.447184525724623;0.22185781598091125;-0.4139001667499542;0.8828326463699341;[];
50.75;MPIB2;39.76841082974356;38.287557968423386;0.25702810287475586;-0.5446015000343323;0.7982845306396484;[];
50.75;MPIB1;21.701964992696958;41.430882480121;-0.9267747402191162;-0.37540847063064575;0.009507649578154087;[];
50.75;MPIB4;57.27231602940924;47.91111663824333;0.5914522409439087;-0.20786167681217194;0.7790627479553223;[];
50.75;MPIB3;53.240884209516025;21.560328923538577;0.19376157224178314;-0.41625523567199707;0.8883216977119446;[];
50.78125;MPIB2;39.57946284105061;38.334259672940135;0.33287152647972107;-0.5291529893875122;0.7804534435272217;[];
50.78125;MPIB1;21.701964992696958;41.430882480121;-0.9267747402191162;-0.37540847063064575;0.009507649578154087;[];
50.78125;MPIB4;57.27231602940924;47.91111663824333;0.5914522409439087;-0.20786167681217194;0.7790627479553223;[];
50.78125;MPIB3;53.25843010496692;21.62210577192053;0.18141625821590424;-0.4233904778957367;0.8875556588172913;[];
50.84375;MPIB2;39.40160807738475;38.4232058647689;0.5546385645866394;-0.5157464742660522;0.6529141664505005;[];
50.84375;MPIB1;21.701964992696958;41.430882480121;-0.9267747402191162;-0.37540847063064575;0.009507649578154087;[];
50.84375;MPIB4;57.27231602940924;47.91111663824333;0.5914522409439087;-0.20786167681217194;0.7790627479553223;[];
50.84375;MPIB3;53.26801016499576;21.655835935054938;0.1809747815132141;-0.42807504534721375;0.8853958249092102;[];
50.875;MPIB2;39.267465635888556;38.56250362440477;0.8101216554641724;-0.48403051495552063;0.3306601047515869;[];
50.875;MPIB1;21.701964992696958;41.430882480121;-0.9268208742141724;-0.37540847063064575;0.0022214502096176147;[];
50.875;MPIB4;57.27231602940924;47.91111663824333;0.5914522409439087;-0.20786167681217194;0.7790627479553223;[];
50.875;MPIB3;53.26801016499576;21.655835935054938;0.18052013218402863;-0.43283456563949585;0.8831714987754822;[];
50.9375;MPIB2;39.19473121616207;38.73655888868436;0.8749929666519165;-0.48403051495552063;-0.004530041012912989;[];
50.9375;MPIB1;21.603981781418042;41.42906922673319;-0.9371117353439331;-0.3485085368156433;-0.017341960221529007;[];
50.9375;MPIB4;57.27231602940924;47.91111663824333;0.5914522409439087;-0.20786167681217194;0.7790627479553223;[];
50.9375;MPIB3;53.26801016499576;21.655835935054938;0.18029510974884033;-0.4351666569709778;0.8820706009864807;[];
51.0;MPIB2;39.176645953725185;38.92717674386077;0.8534303307533264;-0.48403051495552063;-0.19310584664344788;[];
51.0;MPIB1;21.452510653117997;41.426739329597694;-0.9432315230369568;-0.3312872350215912;-0.022431161254644394;[];
51.0;MPIB4;57.27231602940924;47.91111663824333;0.5914522409439087;-0.20786167681217194;0.7790627479553223;[];
51.0;MPIB3;53.273240878379056;21.689798415544402;0.18196246027946472;-0.44223135709762573;0.8782055974006653;[];
51.03125;MPIB2;39.22923923513126;39.10676415225211;0.6818833351135254;-0.46555230021476746;-0.5641074180603027;[];
51.03125;MPIB1;21.271835118732156;41.4244094324622;-0.9440858960151672;-0.32884371280670166;-0.022451478987932205;[];
51.03125;MPIB4;57.27231602940924;47.91111663824333;0.5914522409439087;-0.20786167681217194;0.7790627479553223;[];
51.03125;MPIB3;53.273240878379056;21.689798415544402;0.18196246027946472;-0.44223135709762573;0.8782055974006653;[];
51.09375;MPIB2;39.257955170114414;39.204818888623095;0.44922491908073425;-0.4304995536804199;-0.7828106880187988;[];
51.09375;MPIB1;21.075213976771465;41.4220795353267;-0.9440858960151672;-0.32884371280670166;-0.022451478987932205;[];
51.09375;MPIB4;57.27231602940924;47.91111663824333;0.5914522409439087;-0.20786167681217194;0.7790627479553223;[];
51.09375;MPIB3;53.273240878379056;21.689798415544402;0.18148672580718994;-0.446954607963562;0.8759095072746277;[];
51.125;MPIB2;39.302207816435356;39.164614909483646;0.2631553113460541;-0.4304995536804199;-0.8633335828781128;[];
51.125;MPIB1;20.86988653206356;41.419749638191206;-0.9440858960151672;-0.32884371280670166;-0.022451478987932205;[];
51.125;MPIB4;57.27231602940924;47.91111663824333;0.5914522409439087;-0.20786167681217194;0.7790627479553223;[];
51.125;MPIB3;53.273240878379056;21.689798415544402;0.18148672580718994;-0.446954607963562;0.8759095072746277;[];
51.1875;MPIB2;39.34397503718613;39.04625787172756;0.16234616935253143;-0.42807504534721375;-0.8890001773834229;[];
51.1875;MPIB1;20.659805445503594;41.41741974105571;-0.9440858960151672;-0.32884371280670166;-0.022451478987932205;[];
51.1875;MPIB4;57.27231602940924;47.91111663824333;0.5914522409439087;-0.20786167681217194;0.7790627479553223;[];
51.1875;MPIB3;53.273240878379056;21.689798415544402;0.18148672580718994;-0.446954607963562;0.8759095072746277;[];
51.25;MPIB2;39.38160548295964;38.88476283031329;0.13671299815177917;-0.42807504534721375;-0.893301248550415;[];
51.25;MPIB1;20.44712887019091;41.415089843920214;-0.9440858960151672;-0.32884371280670166;-0.022451478987932205;[];
51.25;MPIB4;57.27231602940924;47.91111663824333;0.5914522409439087;-0.20786167681217194;0.7790627479553223;[];
51.25;MPIB3;53.273240878379056;21.689798415544402;0.18148672580718994;-0.446954607963562;0.8759095072746277;[];
51.28125;MPIB2;39.41315890407709;38.69920665674644;0.10150231420993805;-0.42807504534721375;-0.897983729839325;[];
51.28125;MPIB1;20.23302925699477;41.413022958333386;-0.9397746324539185;-0.3411290943622589;-0.019824888557195663;[];
51.28125;MPIB4;57.27231602940924;47.91111663824333;0.5914522409439087;-0.20786167681217194;0.7790627479553223;[];
51.28125;MPIB3;53.273240878379056;21.689798415544402;0.18351516127586365;-0.44926875829696655;0.8743013143539429;[];
51.34375;MPIB2;39.43705282162104;38.5001199438108;0.061617814004421234;-0.4233904778957367;-0.9038087129592896;[];
51.34375;MPIB1;20.018147643332668;41.41120970494558;-0.9380108714103699;-0.34608107805252075;-0.017358599230647087;[];
51.34375;MPIB4;57.27231602940924;47.91111663824333;0.5914522409439087;-0.20786167681217194;0.7790627479553223;[];
51.34375;MPIB3;53.273240878379056;21.689798415544402;0.18351516127586365;-0.44926875829696655;0.8743013143539429;[];
51.375;MPIB2;39.452926594659445;38.293459395314926;0.026265302672982216;-0.4139001667499542;-0.9099036455154419;[];
51.375;MPIB1;19.802839057366555;41.40939645155777;-0.9380108714103699;-0.34608107805252075;-0.017358599230647087;[];
51.375;MPIB4;57.27231602940924;47.91111663824333;0.5914522409439087;-0.20786167681217194;0.7790627479553223;[];
51.375;MPIB3;53.273240878379056;21.689798415544402;0.18351516127586365;-0.44926875829696655;0.8743013143539429;[];
51.4375;MPIB2;39.45748898605018;38.08270873479532;-0.03821771964430809;-0.4090942442417145;-0.9116522073745728;[];
51.4375;MPIB1;19.587297344495482;41.40758319816996;-0.9361727237701416;-0.35102346539497375;-0.01732458360493183;[];
51.4375;MPIB4;57.27231602940924;47.91111663824333;0.5914522409439087;-0.20786167681217194;0.7790627479553223;[];
51.4375;MPIB3;53.273240878379056;21.689798415544402;0.18351516127586365;-0.44926875829696655;0.8743013143539429;[];
51.5;MPIB2;39.452614665349415;37.86976016625164;-0.04543608799576759;-0.4067308008670807;-0.9123784303665161;[];
51.5;MPIB1;19.37163336601077;41.40551631258313;-0.9342948198318481;-0.3558664619922638;-0.019709289073944092;[];
51.5;MPIB4;57.27231602940924;47.91111663824333;0.5914522409439087;-0.20786167681217194;0.7790627479553223;[];
51.5;MPIB3;53.273240878379056;21.689798415544402;0.18351516127586365;-0.44926875829696655;0.8743013143539429;[];
51.53125;MPIB2;39.44723367629706;37.655638086206096;-0.050218794494867325;-0.404276967048645;-0.9132181406021118;[];
51.53125;MPIB1;19.25388082008078;41.40551631258313;-0.9304687976837158;-0.3656129837036133;-0.022127650678157806;[];
51.53125;MPIB4;57.27231602940924;47.91111663824333;0.5893587470054626;-0.20786167681217194;0.7806476354598999;[];
51.53125;MPIB3;53.273240878379056;21.689798415544402;0.18351516127586365;-0.44926875829696655;0.8743013143539429;[];
51.59375;MPIB2;39.441336783898464;37.44090500407327;-0.055096328258514404;-0.4019079804420471;-0.9139823913574219;[];
51.59375;MPIB1;19.189587922535225;41.40551631258313;-0.92756587266922;-0.3729189932346344;-0.02205861359834671;[];
51.59375;MPIB4;57.27231602940924;47.91111663824333;0.5893587470054626;-0.20786167681217194;0.7806476354598999;[];
51.59375;MPIB3;53.273240878379056;21.689798415544402;0.18351516127586365;-0.44926875829696655;0.8743013143539429;[];
51.625;MPIB2;39.43222018787627;37.22583831476206;-0.055409278720617294;-0.38984647393226624;-0.9191738963127136;[];
51.625;MPIB1;19.15448399639797;41.40551631258313;-0.9246056079864502;-0.38020193576812744;-0.021988216787576675;[];
51.625;MPIB4;57.27231602940924;47.91111663824333;0.5849852561950684;-0.210393026471138;0.7832544445991516;[];
51.625;MPIB3;53.273240878379056;21.689798415544402;0.18351516127586365;-0.44926875829696655;0.8743013143539429;[];
51.6875;MPIB2;39.42544806051812;37.01042832730255;-0.01712837442755699;-0.3534461557865143;-0.9352641701698303;[];
51.6875;MPIB1;19.15448399639797;41.40551631258313;-0.9246056079864502;-0.38020193576812744;-0.021988216787576675;[];
51.6875;MPIB4;57.27231602940924;47.91111663824333;0.5849852561950684;-0.210393026471138;0.7832544445991516;[];
51.6875;MPIB3;53.273240878379056;21.689798415544402;0.18351516127586365;-0.44926875829696655;0.8743013143539429;[];
51.75;MPIB2;39.42406158951327;36.7948417247259;0.02233074977993965;-0.3214091956615448;-0.9466462731361389;[];
51.75;MPIB1;19.15448399639797;41.40551631258313;-0.9246056079864502;-0.38020193576812744;-0.021988216787576675;[];
51.75;MPIB4;57.27231602940924;47.91111663824333;0.5849852561950684;-0.210393026471138;0.7832544445991516;[];
51.75;MPIB3;53.273240878379056;21.689798415544402;0.18351516127586365;-0.44926875829696655;0.8743013143539429;[];
51.78125;MPIB2;39.42714284883097;36.57917988718589;0.029850734397768974;-0.31395483016967773;-0.9489384293556213;[];
51.78125;MPIB1;19.119138291078116;41.40551631258313;-0.9246056079864502;-0.38020193576812744;-0.021988216787576675;[];
51.78125;MPIB4;57.27231602940924;47.91111663824333;0.5849852561950684;-0.210393026471138;0.7832544445991516;[];
51.78125;MPIB3;53.273240878379056;21.689798415544402;0.18351516127586365;-0.44926875829696655;0.8743013143539429;[];
51.84375;MPIB2;39.430224108148664;36.363476971351105;0.029927436262369156;-0.3064810633659363;-0.951376736164093;[];
51.84375;MPIB1;19.119138291078116;41.40551631258313;-0.9246056079864502;-0.38020193576812744;-0.021988216787576675;[];
51.84375;MPIB4;57.27231602940924;47.91111663824333;0.5849852561950684;-0.210393026471138;0.7832544445991516;[];
51.84375;MPIB3;53.273240878379056;21.689798415544402;0.18351516127586365;-0.44926875829696655;0.8743013143539429;[];
51.875;MPIB2;39.432018573500514;36.14771960416937;0.017458513379096985;-0.3014575242996216;-0.9532908201217651;[];
51.875;MPIB1;19.119138291078116;41.40551631258313;-0.9246056079864502;-0.38020193576812744;-0.021988216787576675;[];
51.875;MPIB4;57.27231602940924;47.91111663824333;0.5828804969787598;-0.210393026471138;0.7848220467567444;[];
51.875;MPIB3;53.273240878379056;21.689798415544402;0.18351516127586365;-0.44926875829696655;0.8743013143539429;[];
51.9375;MPIB2;39.43151121166285;35.931917389320716;-0.004952213726937771;-0.29147714376449585;-0.9565370082855225;[];
51.9375;MPIB1;19.119138291078116;41.40551631258313;-0.9246056079864502;-0.38020193576812744;-0.021988216787576675;[];
51.9375;MPIB4;57.27231602940924;47.91111663824333;0.5828804969787598;-0.210393026471138;0.7848220467567444;[];
51.9375;MPIB3;53.273240878379056;21.689798415544402;0.18351516127586365;-0.44926875829696655;0.8743013143539429;[];
52.0;MPIB2;39.43074077785697;35.716092401276626;-0.007525892462581396;-0.2889999747276306;-0.9572718143463135;[];
52.0;MPIB1;19.119138291078116;41.40551631258313;-0.9246056079864502;-0.38020193576812744;-0.021988216787576675;[];
52.0;MPIB4;57.27231602940924;47.91111663824333;0.5828804969787598;-0.210393026471138;0.7848220467567444;[];
52.0;MPIB3;53.273240878379056;21.689798415544402;0.18351516127586365;-0.44926875829696655;0.8743013143539429;[];
52.03125;MPIB2;39.439710430323444;35.5006633006854;0.08882660418748856;-0.24102666974067688;-0.9664218425750732;[];
52.03125;MPIB1;19.119138291078116;41.40551631258313;-0.9246056079864502;-0.38020193576812744;-0.021988216787576675;[];
52.03125;MPIB4;57.27231602940924;47.91111663824333;0.5828804969787598;-0.210393026471138;0.7848220467567444;[];
52.03125;MPIB3;53.273240878379056;21.689798415544402;0.18351516127586365;-0.44926875829696655;0.8743013143539429;[];
52.09375;MPIB2;39.471207214318326;35.288717881295156;0.26534125208854675;-0.210393026471138;-0.9408981800079346;[];
52.09375;MPIB1;19.119138291078116;41.40551631258313;-0.9246056079864502;-0.38020193576812744;-0.021988216787576675;[];
52.09375;MPIB4;57.27231602940924;47.91111663824333;0.5828804969787598;-0.210393026471138;0.7848220467567444;[];
52.09375;MPIB3;53.273240878379056;21.689798415544402;0.18351516127586365;-0.44926875829696655;0.8743013143539429;[];
52.125;MPIB2;39.524243276691976;35.081783955016135;0.3575093150138855;-0.210393026471138;-0.9098803997039795;[];
52.125;MPIB1;19.119138291078116;41.40551631258313;-0.9246056079864502;-0.38020193576812744;-0.021988216787576675;[];
52.125;MPIB4;57.27231602940924;47.91111663824333;0.5828804969787598;-0.210393026471138;0.7848220467567444;[];
52.125;MPIB3;53.273240878379056;21.689798415544402;0.18351516127586365;-0.44926875829696655;0.8743013143539429;[];
52.1875;MPIB2;39.592828700957895;34.87916743670564;0.39415353536605835;-0.2232152223587036;-0.8915022611618042;[];
52.1875;MPIB1;19.119138291078116;41.40551631258313;-0.9246056079864502;-0.38020193576812744;-0.021988216787576675;[];
52.1875;MPIB4;57.27231602940924;47.91111663824333;0.5805091261863708;-0.21301664412021637;0.7858709096908569;[];
52.1875;MPIB3;53.273240878379056;21.689798415544402;0.18351516127586365;-0.44926875829696655;0.8743013143539429;[];
52.25;MPIB2;39.67568412647152;34.681693354755026;0.4493832290172577;-0.24353814125061035;-0.8594757914543152;[];
52.25;MPIB1;19.119138291078116;41.40551631258313;-0.9246056079864502;-0.38020193576812744;-0.021988216787576675;[];
52.25;MPIB4;57.27231602940924;47.91111663824333;0.5805091261863708;-0.21301664412021637;0.7858709096908569;[];
52.25;MPIB3;53.273240878379056;21.689798415544402;0.18351516127586365;-0.44926875829696655;0.8743013143539429;[];
52.28125;MPIB2;39.81716922796355;34.546730300317904;0.4726325273513794;-0.25375300645828247;-0.8439081311225891;[];
52.28125;MPIB1;19.119138291078116;41.40551631258313;-0.9246056079864502;-0.38020193576812744;-0.021988216787576675;[];
52.28125;MPIB4;57.27231602940924;47.91111663824333;0.5805091261863708;-0.21301664412021637;0.7858709096908569;[];
52.28125;MPIB3;53.273240878379056;21.689798415544402;0.18351516127586365;-0.44926875829696655;0.8743013143539429;[];
52.34375;MPIB2;39.99080792080677;34.44640615459511;0.4764212667942047;-0.2587572932243347;-0.8402496576309204;[];
52.34375;MPIB1;19.119138291078116;41.40551631258313;-0.9246056079864502;-0.38020193576812744;-0.021988216787576675;[];
52.34375;MPIB4;57.27231602940924;47.91111663824333;0.5805091261863708;-0.21301664412021637;0.7858709096908569;[];
52.34375;MPIB3;53.273240878379056;21.689798415544402;0.18351516127586365;-0.44926875829696655;0.8743013143539429;[];
52.375;MPIB2;40.133951372617375;34.30637918189373;0.4750610589981079;-0.2688373327255249;-0.8378506898880005;[];
52.375;MPIB1;19.119138291078116;41.40551631258313;-0.9246056079864502;-0.38020193576812744;-0.021988216787576675;[];
52.375;MPIB4;57.27231602940924;47.91111663824333;0.5805091261863708;-0.21301664412021637;0.7858709096908569;[];
52.375;MPIB3;53.273240878379056;21.689798415544402;0.18577773869037628;-0.44926875829696655;0.873823344707489;[];
52.4375;MPIB2;40.2586439582866;34.143678432277;0.45493775606155396;-0.2865208685398102;-0.8431397676467896;[];
52.4375;MPIB1;19.119138291078116;41.40551631258313;-0.9246056079864502;-0.38020193576812744;-0.021988216787576675;[];
52.4375;MPIB4;57.27231602940924;47.91111663824333;0.5805091261863708;-0.21301664412021637;0.7858709096908569;[];
52.4375;MPIB3;53.273240878379056;21.689798415544402;0.18577773869037628;-0.44926875829696655;0.873823344707489;[];
52.5;MPIB2;40.36960915276545;33.96672432818369;0.4182373583316803;-0.2939523458480835;-0.8594275116920471;[];
52.5;MPIB1;19.119138291078116;41.40551631258313;-0.9246056079864502;-0.38020193576812744;-0.021988216787576675;[];
52.5;MPIB4;57.27231602940924;47.91111663824333;0.5801793932914734;-0.21554511785507202;0.785424530506134;[];
52.5;MPIB3;53.273240878379056;21.689798415544402;0.18577773869037628;-0.44926875829696655;0.873823344707489;[];
52.53125;MPIB2;40.468176027022864;33.77976620301405;0.37041690945625305;-0.2939523458480835;-0.8810955882072449;[];
52.53125;MPIB1;19.119138291078116;41.40551631258313;-0.9246056079864502;-0.38020193576812744;-0.021988216787576675;[];
52.53125;MPIB4;57.27231602940924;47.91111663824333;0.5801793932914734;-0.21554511785507202;0.785424530506134;[];
52.53125;MPIB3;53.273240878379056;21.689798415544402;0.18577773869037628;-0.44926875829696655;0.873823344707489;[];
52.59375;MPIB2;40.55639384208463;33.58592312628207;0.3355053961277008;-0.2939523458480835;-0.8949716687202454;[];
52.59375;MPIB1;19.119138291078116;41.40551631258313;-0.9246056079864502;-0.38020193576812744;-0.021988216787576675;[];
52.59375;MPIB4;57.27231602940924;47.91111663824333;0.5760298371315002;-0.21554511785507202;0.7884729504585266;[];
52.59375;MPIB3;53.273240878379056;21.689798415544402;0.18577773869037628;-0.44926875829696655;0.873823344707489;[];
52.625;MPIB2;40.63239667839234;33.386121178496694;0.27125778794288635;-0.29651716351509094;-0.9156650304794312;[];
52.625;MPIB1;19.119138291078116;41.40551631258313;-0.9246056079864502;-0.38020193576812744;-0.021988216787576675;[];
52.625;MPIB4;57.27231602940924;47.91111663824333;0.5760298371315002;-0.21554511785507202;0.7884729504585266;[];
52.625;MPIB3;53.273240878379056;21.689798415544402;0.18577773869037628;-0.44926875829696655;0.873823344707489;[];
52.6875;MPIB2;40.698016037861905;33.18204437605121;0.23487456142902374;-0.29898834228515625;-0.9248703718185425;[];
52.6875;MPIB1;19.119138291078116;41.40551631258313;-0.9246056079864502;-0.38020193576812744;-0.021988216787576675;[];
52.6875;MPIB4;57.27231602940924;47.91111663824333;0.5760298371315002;-0.21554511785507202;0.7884729504585266;[];
52.6875;MPIB3;53.273240878379056;21.689798415544402;0.18577773869037628;-0.44926875829696655;0.873823344707489;[];
52.75;MPIB2;40.75371810145697;32.97465474971952;0.19398333132266998;-0.29147714376449585;-0.9366739392280579;[];
52.75;MPIB1;19.119138291078116;41.40551631258313;-0.9246056079864502;-0.38020193576812744;-0.021988216787576675;[];
52.75;MPIB4;57.27231602940924;47.91111663824333;0.5760298371315002;-0.21554511785507202;0.7884729504585266;[];
52.75;MPIB3;53.273240878379056;21.689798415544402;0.18577773869037628;-0.44926875829696655;0.873823344707489;[];
52.78125;MPIB2;40.80022804228837;32.7647509897719;0.15760628879070282;-0.28146493434906006;-0.9465125203132629;[];
52.78125;MPIB1;19.11601849315457;41.40551631258313;-0.9246056079864502;-0.38020193576812744;-0.021988216787576675;[];
52.78125;MPIB4;57.27231602940924;47.91111663824333;0.5760298371315002;-0.21554511785507202;0.7884729504585266;[];
52.78125;MPIB3;53.273240878379056;21.689798415544402;0.18577773869037628;-0.44926875829696655;0.873823344707489;[];
52.84375;MPIB2;40.83968598863234;32.553157877936314;0.13769970834255219;-0.28146493434906006;-0.9496127963066101;[];
52.84375;MPIB1;19.11601849315457;41.40551631258313;-0.9246056079864502;-0.38020193576812744;-0.021988216787576675;[];
52.84375;MPIB4;57.27231602940924;47.91111663824333;0.5760298371315002;-0.21554511785507202;0.7884729504585266;[];
52.84375;MPIB3;53.273240878379056;21.689798415544402;0.2750586271286011;-0.45627835392951965;0.8462120890617371;[];
52.875;MPIB2;40.87402780551689;32.34046725396584;0.12530650198459625;-0.28146493434906006;-0.9513275027275085;[];
52.875;MPIB1;19.11601849315457;41.40551631258313;-0.9246056079864502;-0.38020193576812744;-0.021988216787576675;[];
52.875;MPIB4;57.27231602940924;47.91111663824333;0.5760298371315002;-0.21554511785507202;0.7884729504585266;[];
52.875;MPIB3;53.37298621157379;21.6827332758335;0.6720849871635437;-0.45627835392951965;0.5831243395805359;[];
52.9375;MPIB2;40.905315344488386;32.12714338385027;0.12265859544277191;-0.2839479446411133;-0.9509344100952148;[];
52.9375;MPIB1;19.11601849315457;41.40551631258313;-0.9246056079864502;-0.38020193576812744;-0.021988216787576675;[];
52.9375;MPIB4;57.27231602940924;47.91111663824333;0.5760298371315002;-0.21554511785507202;0.7884729504585266;[];
52.9375;MPIB3;53.507179036541174;21.73584899880163;0.725925087928772;-0.45157986879348755;0.5186822414398193;[];
53.0;MPIB2;40.93493524752567;31.913473761299315;0.12265859544277191;-0.2839479446411133;-0.9509344100952148;[];
53.0;MPIB1;19.11601849315457;41.40551631258313;-0.9246056079864502;-0.38020193576812744;-0.021988216787576675;[];
53.0;MPIB4;57.27231602940924;47.91111663824333;0.5736567974090576;-0.21807213127613068;0.7895072102546692;[];
53.0;MPIB3;53.66047955852946;21.821402224507494;0.7315273880958557;-0.44455158710479736;0.5168802738189697;[];
53.03125;MPIB2;40.96364462123711;31.699615357896732;0.12265859544277191;-0.2839479446411133;-0.9509344100952148;[];
53.03125;MPIB1;19.11601849315457;41.40551631258313;-0.9246056079864502;-0.38020193576812744;-0.021988216787576675;[];
53.03125;MPIB4;57.27231602940924;47.91111663824333;0.1318410336971283;-0.3534461557865143;0.9260833263397217;[];
53.03125;MPIB3;53.82421288430305;21.92466632876534;0.7315273880958557;-0.44455158710479736;0.5168802738189697;[];
53.09375;MPIB2;41.02081263273034;31.27177244704535;0.13217151165008545;-0.2939523458480835;-0.9466091394424438;[];
53.09375;MPIB1;19.11601849315457;41.40551631258313;-0.9246056079864502;-0.38020193576812744;-0.021988216787576675;[];
53.09375;MPIB4;57.27231602940924;47.91111663824333;-0.6594291925430298;-0.5045320391654968;0.5572406053543091;[];
53.09375;MPIB3;53.99378865729295;22.037393201826006;0.7347365617752075;-0.4399081766605377;0.5163015127182007;[];
53.125;MPIB2;41.02081263273034;31.27177244704535;0.13217151165008545;-0.2939523458480835;-0.9466091394424438;[];
53.125;MPIB1;19.11601849315457;41.40551631258313;-0.9246056079864502;-0.38020193576812744;-0.021988216787576675;[];
53.125;MPIB4;57.27231602940924;47.91111663824333;-0.6594291925430298;-0.5045320391654968;0.5572406053543091;[];
53.125;MPIB3;54.166108906817044;22.155915371364557;0.7334467768669128;-0.43283456563949585;0.5240565538406372;[];
53.1875;MPIB2;41.05144803478234;31.058121079719655;0.14350394904613495;-0.31641149520874023;-0.9376742243766785;[];
53.1875;MPIB1;19.11601849315457;41.40551631258313;-0.9246056079864502;-0.38020193576812744;-0.021988216787576675;[];
53.1875;MPIB4;57.27231602940924;47.91111663824333;-0.660922646522522;-0.5045320391654968;0.5554683804512024;[];
53.1875;MPIB3;54.26019577398574;22.220628483449218;0.7297636270523071;-0.42807504534721375;0.5330315828323364;[];
53.25;MPIB2;41.08729381543371;30.84535047446269;0.18023279309272766;-0.3826834261417389;-0.9060914516448975;[];
53.25;MPIB1;19.11601849315457;41.40551631258313;-0.9246056079864502;-0.38020193576812744;-0.021988216787576675;[];
53.25;MPIB4;57.27231602940924;47.91111663824333;-0.6623583436012268;-0.5045320391654968;0.5537557005882263;[];
53.25;MPIB3;54.31156720942681;22.25596184675149;0.7278319001197815;-0.42573419213294983;0.5375288724899292;[];
53.28125;MPIB2;41.106865613942674;30.729177710498618;0.19975268840789795;-0.446954607963562;-0.8719253540039062;[];
53.28125;MPIB1;19.01804620442681;41.403186415447635;-0.9246056079864502;-0.38020193576812744;-0.021988216787576675;[];
53.28125;MPIB4;57.27231602940924;47.91111663824333;-0.6637895703315735;-0.5045320391654968;0.5520392060279846;[];
53.28125;MPIB3;54.33961601643546;22.275253865355353;0.7278319001197815;-0.42573419213294983;0.5375288724899292;[];
53.34375;MPIB2;41.1175518171698;30.665747374006628;0.22915858030319214;-0.5358073711395264;-0.8125946521759033;[];
53.34375;MPIB1;18.866581039840298;41.40085651831214;-0.9246056079864502;-0.38020193576812744;-0.021988216787576675;[];
53.34375;MPIB4;57.27231602940924;47.91111663824333;-0.6681089997291565;-0.5045320391654968;0.5468037724494934;[];
53.34375;MPIB3;54.33961601643546;22.275253865355353;0.7278319001197815;-0.42573419213294983;0.5375288724899292;[];
53.375;MPIB2;41.123386484809515;30.631114406259286;0.2385767102241516;-0.5940809845924377;-0.7681518793106079;[];
53.375;MPIB1;18.68590876164251;41.39852662117664;-0.9246056079864502;-0.38020193576812744;-0.021988216787576675;[];
53.375;MPIB4;57.27231602940924;47.91111663824333;-0.6780880689620972;-0.48855432868003845;0.5490259528160095;[];
53.375;MPIB3;54.33961601643546;22.275253865355353;0.7306562066078186;-0.42573419213294983;0.5336835384368896;[];
53.4375;MPIB2;41.123386484809515;30.631114406259286;0.24610646069049835;-0.6211097240447998;-0.7440168261528015;[];
53.4375;MPIB1;18.489289397560697;41.39619672404115;-0.9246056079864502;-0.38020193576812744;-0.021988216787576675;[];
53.4375;MPIB4;57.27231602940924;47.91111663824333;-0.6086614727973938;-0.4375820457935333;0.661798894405365;[];
53.4375;MPIB3;54.36785801031465;22.294678758227235;0.7334467768669128;-0.43283456563949585;0.5240565538406372;[];
53.5;MPIB2;41.123386484809515;30.631114406259286;0.24752181768417358;-0.6231363415718079;-0.741849422454834;[];
53.5;MPIB1;18.28396292357479;41.39386682690565;-0.9246056079864502;-0.38020193576812744;-0.021988216787576675;[];
53.5;MPIB4;57.27231602940924;47.91111663824333;-0.5338119268417358;-0.4186075031757355;0.7346698045730591;[];
53.5;MPIB3;54.36785801031465;22.294678758227235;0.7352822422981262;-0.4351666569709778;0.5195333361625671;[];
53.53125;MPIB2;41.12657221371083;30.59624290306718;0.24890682101249695;-0.6252336502075195;-0.7396178841590881;[];
53.53125;MPIB1;18.073895740821172;41.39102974267189;-0.927439272403717;-0.3729189932346344;-0.026860477402806282;[];
53.53125;MPIB4;57.27231602940924;47.91111663824333;-0.5261054039001465;-0.4186075031757355;0.7402080297470093;[];
53.53125;MPIB3;54.36785801031465;22.294678758227235;0.7383816838264465;-0.4375820457935333;0.5130682587623596;[];
53.59375;MPIB2;41.12657221371083;30.59624290306718;0.24890682101249695;-0.6252336502075195;-0.7396178841590881;[];
53.59375;MPIB1;17.86124809545049;41.38792970160466;-0.9302661418914795;-0.3656129837036133;-0.029441911727190018;[];
53.59375;MPIB4;57.27231602940924;47.91111663824333;-0.5163379311561584;-0.4186075031757355;0.7470542192459106;[];
53.59375;MPIB3;54.36785801031465;22.294678758227235;0.7374488115310669;-0.4399081766605377;0.5124200582504272;[];
53.625;MPIB2;41.12657221371083;30.59624290306718;0.24890682101249695;-0.6252336502075195;-0.7396178841590881;[];
53.625;MPIB1;17.6471915173272;41.384829660537434;-0.9302661418914795;-0.3656129837036133;-0.029441911727190018;[];
53.625;MPIB4;57.27231602940924;47.91111663824333;-0.49464040994644165;-0.4186075031757355;0.7615941762924194;[];
53.625;MPIB3;54.36785801031465;22.294678758227235;0.7374488115310669;-0.4399081766605377;0.5124200582504272;[];
53.6875;MPIB2;41.12657221371083;30.59624290306718;0.24890682101249695;-0.6252336502075195;-0.7396178841590881;[];
53.6875;MPIB1;17.432365661831568;41.38172961947021;-0.9292815327644348;-0.3681102991104126;-0.029410751536488533;[];
53.6875;MPIB4;57.27231602940924;47.91111663824333;-0.4797518849372864;-0.4139001667499542;0.7735971808433533;[];
53.6875;MPIB3;54.36785801031465;22.294678758227235;0.7374488115310669;-0.4399081766605377;0.5124200582504272;[];
53.75;MPIB2;41.12657221371083;30.59624290306718;0.24890682101249695;-0.6252336502075195;-0.7396178841590881;[];
53.75;MPIB1;17.21711181617127;41.378892535236446;-0.9234922528266907;-0.38259485363960266;-0.02674616500735283;[];
53.75;MPIB4;57.27231602940924;47.91111663824333;-0.46817126870155334;-0.4019079804420471;0.7869021892547607;[];
53.75;MPIB3;54.36785801031465;22.294678758227235;0.7374488115310669;-0.4399081766605377;0.5124200582504272;[];
53.78125;MPIB2;41.12657221371083;30.59624290306718;0.24890682101249695;-0.6252336502075195;-0.7396178841590881;[];
53.78125;MPIB1;17.00162428785393;41.376055451002685;-0.9234922528266907;-0.38259485363960266;-0.02674616500735283;[];
53.78125;MPIB4;57.27231602940924;47.91111663824333;-0.4429768919944763;-0.3826834261417389;0.8107139468193054;[];
53.78125;MPIB3;54.36785801031465;22.294678758227235;0.7374488115310669;-0.4399081766605377;0.5124200582504272;[];
53.84375;MPIB2;41.12657221371083;30.59624290306718;0.24890682101249695;-0.6252336502075195;-0.7396178841590881;[];
53.84375;MPIB1;16.810702665316285;41.44411553618011;-0.9212241172790527;-0.3874613642692566;-0.033930692821741104;[];
53.84375;MPIB4;57.27231602940924;47.91111663824333;-0.4289869964122772;-0.3778064548969269;0.8204665780067444;[];
53.84375;MPIB3;54.36785801031465;22.294678758227235;0.7374488115310669;-0.4399081766605377;0.5124200582504272;[];
53.875;MPIB2;41.12657221371083;30.59624290306718;0.24890682101249695;-0.6252336502075195;-0.7396178841590881;[];
53.875;MPIB1;16.63143794939731;41.54739572729858;-0.9190163016319275;-0.38984647393226624;-0.05796467885375023;[];
53.875;MPIB4;57.27231602940924;47.91111663824333;-0.4190678894519806;-0.3729189932346344;0.8277965784072876;[];
53.875;MPIB3;54.36785801031465;22.294678758227235;0.7374488115310669;-0.4399081766605377;0.5124200582504272;[];
53.9375;MPIB2;41.12657221371083;30.59624290306718;0.24890682101249695;-0.6252336502075195;-0.7396178841590881;[];
53.9375;MPIB1;16.45699949444861;41.668118495593035;-0.9173937439918518;-0.38984647393226624;-0.07962150126695633;[];
53.9375;MPIB4;57.27231602940924;47.91111663824333;-0.40250691771507263;-0.3681102991104126;0.8381034135818481;[];
53.9375;MPIB3;54.36785801031465;22.294678758227235;0.7374488115310669;-0.4399081766605377;0.5124200582504272;[];
54.0;MPIB2;41.12657221371083;30.59624290306718;0.24890682101249695;-0.6252336502075195;-0.7396178841590881;[];
54.0;MPIB1;16.281150714197338;41.793217339525;-0.9071593284606934;-0.39707398414611816;-0.13901188969612122;[];
54.0;MPIB4;57.27231602940924;47.91111663824333;-0.38969236612319946;-0.3656129837036133;0.8452228903770447;[];
54.0;MPIB3;54.36785801031465;22.294678758227235;0.7374488115310669;-0.4399081766605377;0.5124200582504272;[];
54.03125;MPIB2;41.12657221371083;30.59624290306718;0.24890682101249695;-0.6252336502075195;-0.7396178841590881;[];
54.03125;MPIB1;16.101687957473473;41.91662312068078;-0.8970581293106079;-0.4019079804420471;-0.18353776633739471;[];
54.03125;MPIB4;57.27231602940924;47.91111663824333;-0.3856206238269806;-0.36320239305496216;0.8481249213218689;[];
54.03125;MPIB3;54.36785801031465;22.294678758227235;0.7374488115310669;-0.4399081766605377;0.5124200582504272;[];
54.09375;MPIB2;41.12657221371083;30.59624290306718;0.24890682101249695;-0.6252336502075195;-0.7396178841590881;[];
54.09375;MPIB1;15.917222056656215;42.03421562708198;-0.882961094379425;-0.4067308008670807;-0.23426149785518646;[];
54.09375;MPIB4;57.27231602940924;47.91111663824333;-0.3856206238269806;-0.36320239305496216;0.8481249213218689;[];
54.09375;MPIB3;54.36785801031465;22.294678758227235;0.7374488115310669;-0.4399081766605377;0.5124200582504272;[];
54.125;MPIB2;41.12657221371083;30.59624290306718;0.24890682101249695;-0.6252336502075195;-0.7396178841590881;[];
54.125;MPIB1;15.72535672460856;42.139557892123435;-0.8421366214752197;-0.4351666569709778;-0.3183719515800476;[];
54.125;MPIB4;57.27231602940924;47.91111663824333;-0.3856206238269806;-0.36320239305496216;0.8481249213218689;[];
54.125;MPIB3;54.36785801031465;22.294678758227235;0.7374488115310669;-0.4399081766605377;0.5124200582504272;[];
54.1875;MPIB2;41.12657221371083;30.59624290306718;0.24890682101249695;-0.6252336502075195;-0.7396178841590881;[];
54.1875;MPIB1;15.524937681309439;42.22621331822853;-0.7873224020004272;-0.45157986879348755;-0.4196687340736389;[];
54.1875;MPIB4;57.27231602940924;47.91111663824333;-0.3856206238269806;-0.36320239305496216;0.8481249213218689;[];
54.1875;MPIB3;54.36785801031465;22.294678758227235;0.7374488115310669;-0.4399081766605377;0.5124200582504272;[];
54.25;MPIB2;41.12657221371083;30.59624290306718;0.24890682101249695;-0.6252336502075195;-0.7396178841590881;[];
54.25;MPIB1;15.359356553284783;42.353844773037935;-0.728274941444397;-0.45858025550842285;-0.5091577768325806;[];
54.25;MPIB4;57.27231602940924;47.91111663824333;-0.3856206238269806;-0.36320239305496216;0.8481249213218689;[];
54.25;MPIB3;54.36785801031465;22.294678758227235;0.7374488115310669;-0.4399081766605377;0.5124200582504272;[];
54.28125;MPIB2;41.12657221371083;30.59624290306718;0.24890682101249695;-0.6252336502075195;-0.7396178841590881;[];
54.28125;MPIB1;15.201476423918052;42.494604871495824;-0.6444530487060547;-0.45858025550842285;-0.61180579662323;[];
54.28125;MPIB4;57.27231602940924;47.91111663824333;-0.3856206238269806;-0.36320239305496216;0.8481249213218689;[];
54.28125;MPIB3;54.36785801031465;22.294678758227235;0.7374488115310669;-0.4399081766605377;0.5124200582504272;[];
54.34375;MPIB2;41.12657221371083;30.59624290306718;0.24890682101249695;-0.6252336502075195;-0.7396178841590881;[];
54.34375;MPIB1;15.03991375137889;42.63410853326366;-0.564939022064209;-0.46792641282081604;-0.6795656681060791;[];
54.34375;MPIB4;57.27231602940924;47.91111663824333;-0.3856206238269806;-0.36320239305496216;0.8481249213218689;[];
54.34375;MPIB3;54.36785801031465;22.294678758227235;0.7374488115310669;-0.4399081766605377;0.5124200582504272;[];
54.375;MPIB2;41.12657221371083;30.59624290306718;0.24890682101249695;-0.6252336502075195;-0.7396178841590881;[];
54.375;MPIB1;14.868945120195804;42.762770793296255;-0.4727114737033844;-0.47021257877349854;-0.7452277541160583;[];
54.375;MPIB4;57.27231602940924;47.91111663824333;-0.3856206238269806;-0.36320239305496216;0.8481249213218689;[];
54.375;MPIB3;54.36785801031465;22.294678758227235;0.7374488115310669;-0.4399081766605377;0.5124200582504272;[];
54.4375;MPIB2;41.12657221371083;30.59624290306718;0.24890682101249695;-0.6252336502075195;-0.7396178841590881;[];
54.4375;MPIB1;14.687247788450577;42.87542970741373;-0.3797560930252075;-0.4794096350669861;-0.791120171546936;[];
54.4375;MPIB4;57.27231602940924;47.91111663824333;-0.3856206238269806;-0.36320239305496216;0.8481249213218689;[];
54.4375;MPIB3;54.36785801031465;22.294678758227235;0.7374488115310669;-0.4399081766605377;0.5124200582504272;[];
54.5;MPIB2;41.12657221371083;30.59624290306718;0.24890682101249695;-0.6252336502075195;-0.7396178841590881;[];
54.5;MPIB1;14.588041033794525;42.93694148166662;-0.2327313870191574;-0.49997231364250183;-0.8341346979141235;[];
54.5;MPIB4;57.27231602940924;47.91111663824333;-0.3816080689430237;-0.36078935861587524;0.8509652018547058;[];
54.5;MPIB3;54.36785801031465;22.294678758227235;0.7374488115310669;-0.4399081766605377;0.5124200582504272;[];
54.53125;MPIB2;41.12657221371083;30.59316496071841;0.24890682101249695;-0.6252336502075195;-0.7396178841590881;[];
54.53125;MPIB1;14.53387413946075;42.970526914309744;-0.11427053809165955;-0.5112216472625732;-0.8517689108848572;[];
54.53125;MPIB4;57.27231602940924;47.91111663824333;-0.37566614151000977;-0.3558664619922638;0.8556694984436035;[];
54.53125;MPIB3;54.36785801031465;22.294678758227235;0.7374488115310669;-0.4399081766605377;0.5124200582504272;[];
54.59375;MPIB2;41.12657221371083;30.59316496071841;0.24890682101249695;-0.6252336502075195;-0.7396178841590881;[];
54.59375;MPIB1;14.50429901171924;42.988864562662854;-0.03583097085356712;-0.5112216472625732;-0.8586525917053223;[];
54.59375;MPIB4;57.27231602940924;47.91111663824333;-0.37151363492012024;-0.3534461557865143;0.858481228351593;[];
54.59375;MPIB3;54.36785801031465;22.294678758227235;0.7374488115310669;-0.4399081766605377;0.5124200582504272;[];
54.625;MPIB2;41.12657221371083;30.59316496071841;0.24890682101249695;-0.6252336502075195;-0.7396178841590881;[];
54.625;MPIB1;14.50429901171924;42.988864562662854;-0.024587778374552727;-0.5089951753616333;-0.8603693246841431;[];
54.625;MPIB4;57.27231602940924;47.91111663824333;-0.35979944467544556;-0.3411290943622589;0.8683972358703613;[];
54.625;MPIB3;54.36785801031465;22.294678758227235;0.7374488115310669;-0.4399081766605377;0.5124200582504272;[];
54.6875;MPIB2;41.12657221371083;30.59316496071841;0.24890682101249695;-0.6252336502075195;-0.7396178841590881;[];
54.6875;MPIB1;14.50429901171924;42.988864562662854;-0.015784896910190582;-0.4908948540687561;-0.8710287809371948;[];
54.6875;MPIB4;57.27231602940924;47.91111663824333;-0.3480225205421448;-0.32639798521995544;0.8787977695465088;[];
54.6875;MPIB3;54.36785801031465;22.294678758227235;0.7374488115310669;-0.4399081766605377;0.5124200582504272;[];
54.75;MPIB2;41.12657221371083;30.59316496071841;0.24890682101249695;-0.6252336502075195;-0.7396178841590881;[];
54.75;MPIB1;14.474520184534413;43.004343667472995;-0.009053047746419907;-0.47021257877349854;-0.882461667060852;[];
54.75;MPIB4;57.27231602940924;47.91111663824333;-0.3339264392852783;-0.30894404649734497;0.8905000686645508;[];
54.75;MPIB3;54.36785801031465;22.294678758227235;0.7374488115310669;-0.4399081766605377;0.5124200582504272;[];
54.78125;MPIB2;41.12657221371083;30.59316496071841;0.24890682101249695;-0.6252336502075195;-0.7396178841590881;[];
54.78125;MPIB1;14.474520184534413;43.004343667472995;-0.004539388231933117;-0.44926875829696655;-0.8933420181274414;[];
54.78125;MPIB4;57.27231602940924;47.91111663824333;-0.32827264070510864;-0.29651716351509094;0.8968056440353394;[];
54.78125;MPIB3;54.36785801031465;22.294678758227235;0.7374488115310669;-0.4399081766605377;0.5124200582504272;[];
54.84375;MPIB2;41.12657221371083;30.59316496071841;0.24890682101249695;-0.6252336502075195;-0.7396178841590881;[];
54.84375;MPIB1;14.474520184534413;43.004343667472995;-0.002146877581253648;-0.44455158710479736;-0.8957080841064453;[];
54.84375;MPIB4;57.27231602940924;47.91111663824333;-0.3285354673862457;-0.29404398798942566;0.8975236415863037;[];
54.84375;MPIB3;54.36785801031465;22.294678758227235;0.7374488115310669;-0.4399081766605377;0.5124200582504272;[];
54.875;MPIB2;41.12657221371083;30.59316496071841;0.24890682101249695;-0.6252336502075195;-0.7396178841590881;[];
54.875;MPIB1;14.474520184534413;43.004343667472995;-0.002146877581253648;-0.44455158710479736;-0.8957080841064453;[];
54.875;MPIB4;57.27231602940924;47.91111663824333;-0.3285354673862457;-0.29404398798942566;0.8975236415863037;[];
54.875;MPIB3;54.36785801031465;22.294678758227235;0.7374488115310669;-0.4399081766605377;0.5124200582504272;[];
54.9375;MPIB2;41.12657221371083;30.59316496071841;0.24890682101249695;-0.6252336502075195;-0.7396178841590881;[];
54.9375;MPIB1;14.474520184534413;43.004343667472995;-0.002146877581253648;-0.44455158710479736;-0.8957080841064453;[];
54.9375;MPIB4;57.27231602940924;47.91111663824333;-0.3285354673862457;-0.29404398798942566;0.8975236415863037;[];
54.9375;MPIB3;54.36785801031465;22.294678758227235;0.7374488115310669;-0.4399081766605377;0.5124200582504272;[];
55.0;MPIB2;41.12657221371083;30.59316496071841;0.24890682101249695;-0.6252336502075195;-0.7396178841590881;[];
55.0;MPIB1;14.474520184534413;43.004343667472995;-0.002146877581253648;-0.44455158710479736;-0.8957080841064453;[];
55.0;MPIB4;57.27231602940924;47.91111663824333;-0.3285354673862457;-0.29404398798942566;0.8975236415863037;[];
55.0;MPIB3;54.36785801031465;22.294678758227235;0.7374488115310669;-0.4399081766605377;0.5124200582504272;[];
55.03125;MPIB2;41.12657221371083;30.59316496071841;0.24890682101249695;-0.6252336502075195;-0.7396178841590881;[];
55.03125;MPIB1;14.474520184534413;43.004343667472995;8.620363951195031E-5;-0.4375820457935333;-0.8991365432739258;[];
55.03125;MPIB4;57.27231602940924;47.91111663824333;-0.3285354673862457;-0.29404398798942566;0.8975236415863037;[];
55.03125;MPIB3;54.36785801031465;22.294678758227235;0.7374488115310669;-0.4399081766605377;0.5124200582504272;[];
55.09375;MPIB2;41.12657221371083;30.59316496071841;0.24890682101249695;-0.6252336502075195;-0.7396178841590881;[];
55.09375;MPIB1;14.474520184534413;43.004343667472995;0.0024318729992955923;-0.4233904778957367;-0.905903160572052;[];
55.09375;MPIB4;57.27231602940924;47.91111663824333;-0.3285354673862457;-0.29404398798942566;0.8975236415863037;[];
55.09375;MPIB3;54.36785801031465;22.294678758227235;0.7374488115310669;-0.4399081766605377;0.5124200582504272;[];
55.125;MPIB2;41.12657221371083;30.59316496071841;0.24890682101249695;-0.6252336502075195;-0.7396178841590881;[];
55.125;MPIB1;14.474520184534413;43.004343667472995;0.0049103908240795135;-0.404276967048645;-0.9145841598510742;[];
55.125;MPIB4;57.27231602940924;47.91111663824333;-0.3285354673862457;-0.29404398798942566;0.8975236415863037;[];
55.125;MPIB3;54.36785801031465;22.294678758227235;0.7374488115310669;-0.4399081766605377;0.5124200582504272;[];
55.1875;MPIB2;41.12657221371083;30.59316496071841;0.24890682101249695;-0.6252336502075195;-0.7396178841590881;[];
55.1875;MPIB1;14.474520184534413;43.004343667472995;0.0049493201076984406;-0.3874613642692566;-0.9218350052833557;[];
55.1875;MPIB4;57.27231602940924;47.91111663824333;-0.3285354673862457;-0.29404398798942566;0.8975236415863037;[];
55.1875;MPIB3;54.36785801031465;22.294678758227235;0.7374488115310669;-0.4399081766605377;0.5124200582504272;[];
55.25;MPIB2;41.12657221371083;30.59316496071841;0.24890682101249695;-0.6252336502075195;-0.7396178841590881;[];
55.25;MPIB1;14.474520184534413;43.004343667472995;0.007383138407021761;-0.3729189932346344;-0.9277980327606201;[];
55.25;MPIB4;57.27231602940924;47.91111663824333;-0.3261249363422394;-0.29404398798942566;0.8984023332595825;[];
55.25;MPIB3;54.36785801031465;22.294678758227235;0.7374488115310669;-0.4399081766605377;0.5124200582504272;[];
55.28125;MPIB2;41.12657221371083;30.59316496071841;0.24890682101249695;-0.6252336502075195;-0.7396178841590881;[];
55.28125;MPIB1;14.474520184534413;43.004343667472995;0.00739840604364872;-0.3681102991104126;-0.9297166466712952;[];
55.28125;MPIB4;57.27231602940924;47.91111663824333;-0.32406455278396606;-0.29147714376449585;0.8999832272529602;[];
55.28125;MPIB3;54.36785801031465;22.294678758227235;0.7374488115310669;-0.4399081766605377;0.5124200582504272;[];
55.34375;MPIB2;41.12657221371083;30.59316496071841;0.24890682101249695;-0.6252336502075195;-0.7396178841590881;[];
55.34375;MPIB1;14.474520184534413;43.004343667472995;0.007413752842694521;-0.36320239305496216;-0.9316452145576477;[];
55.34375;MPIB4;57.27231602940924;47.91111663824333;-0.32406455278396606;-0.29147714376449585;0.8999832272529602;[];
55.34375;MPIB3;54.36785801031465;22.294678758227235;0.7374488115310669;-0.4399081766605377;0.5124200582504272;[];
55.375;MPIB2;41.12657221371083;30.59316496071841;0.24890682101249695;-0.6252336502075195;-0.7396178841590881;[];
55.375;MPIB1;14.474520184534413;43.004343667472995;0.007428893819451332;-0.3582844138145447;-0.933547854423523;[];
55.375;MPIB4;57.27231602940924;47.91111663824333;-0.321986585855484;-0.2889999747276306;0.9015268087387085;[];
55.375;MPIB3;54.36785801031465;22.294678758227235;0.7374488115310669;-0.4399081766605377;0.5124200582504272;[];
55.4375;MPIB2;41.12657221371083;30.59316496071841;0.24890682101249695;-0.6252336502075195;-0.7396178841590881;[];
55.4375;MPIB1;14.474520184534413;43.004343667472995;0.012310444377362728;-0.3485085368156433;-0.9371901750564575;[];
55.4375;MPIB4;57.27231602940924;47.91111663824333;-0.30346646904945374;-0.2839479446411133;0.9095215797424316;[];
55.4375;MPIB3;54.36785801031465;22.294678758227235;0.7400918006896973;-0.4399081766605377;0.5085952877998352;[];
55.5;MPIB2;41.12657221371083;30.59316496071841;0.24890682101249695;-0.6252336502075195;-0.7396178841590881;[];
55.5;MPIB1;14.474520184534413;43.004343667472995;0.012310444377362728;-0.3485085368156433;-0.9371901750564575;[];
55.5;MPIB4;57.27231602940924;47.91111663824333;-0.27296680212020874;-0.276401162147522;0.9214339852333069;[];
55.5;MPIB3;54.36785801031465;22.294678758227235;0.7448039054870605;-0.44455158710479736;0.49755874276161194;[];
55.53125;MPIB2;41.12657221371083;30.59316496071841;0.2758914530277252;-0.6252336502075195;-0.7299816012382507;[];
55.53125;MPIB1;14.474520184534413;43.004343667472995;0.012310444377362728;-0.3485085368156433;-0.9371901750564575;[];
55.53125;MPIB4;57.27231602940924;47.91111663824333;-0.23663459718227386;-0.276401162147522;0.9314265847206116;[];
55.53125;MPIB3;54.36785801031465;22.294678758227235;0.7862467169761658;-0.44926875829696655;0.4241422712802887;[];
55.59375;MPIB2;41.12657221371083;30.59316496071841;0.404236376285553;-0.6211097240447998;-0.671358585357666;[];
55.59375;MPIB1;14.474520184534413;43.004343667472995;0.012333983555436134;-0.34365129470825195;-0.9389821887016296;[];
55.59375;MPIB4;57.27231602940924;47.91111663824333;-0.20997017621994019;-0.27142199873924255;0.9392510652542114;[];
55.59375;MPIB3;54.36785801031465;22.294678758227235;0.8835277557373047;-0.46792641282081604;-0.018468886613845825;[];
55.625;MPIB2;41.12657221371083;30.59316496071841;0.46340247988700867;-0.5919966697692871;-0.6593228578567505;[];
55.625;MPIB1;14.474520184534413;43.004343667472995;0.012346059083938599;-0.3411290943622589;-0.9399014711380005;[];
55.625;MPIB4;57.27231602940924;47.91111663824333;-0.20769456028938293;-0.2688373327255249;0.9404997229576111;[];
55.625;MPIB3;54.36785801031465;22.294678758227235;0.7831152677536011;-0.47021257877349854;-0.406804621219635;[];
55.6875;MPIB2;41.04820628428607;30.53431957853462;0.49750083684921265;-0.5598674416542053;-0.6625348329544067;[];
55.6875;MPIB1;14.474520184534413;43.004343667472995;0.0123576195910573;-0.33869463205337524;-0.9407815933227539;[];
55.6875;MPIB4;57.27231602940924;47.91111663824333;-0.2052592933177948;-0.2688373327255249;0.941034197807312;[];
55.6875;MPIB3;54.36785801031465;22.294678758227235;0.7298539280891418;-0.47021257877349854;-0.4960487484931946;[];
55.75;MPIB2;40.9449481839176;30.4250709884237;0.6794286966323853;-0.5044492483139038;-0.5327513813972473;[];
55.75;MPIB1;14.474520184534413;43.004343667472995;0.012380910106003284;-0.33372852206230164;-0.9425547122955322;[];
55.75;MPIB4;57.27231602940924;47.91111663824333;-0.1978549361228943;-0.2688373327255249;0.9426187872886658;[];
55.75;MPIB3;54.36785801031465;22.294678758227235;0.7100095152854919;-0.4632597863674164;-0.5302131175994873;[];
55.78125;MPIB2;40.86122921309436;30.271312170562794;0.8486359715461731;-0.46792641282081604;-0.24654096364974976;[];
55.78125;MPIB1;14.474520184534413;43.004343667472995;0.012380910106003284;-0.33372852206230164;-0.9425547122955322;[];
55.78125;MPIB4;57.27231602940924;47.91111663824333;-0.1979972869157791;-0.2663431465625763;0.9432970285415649;[];
55.78125;MPIB3;54.36785801031465;22.294678758227235;0.6977975368499756;-0.45858025550842285;-0.5501191020011902;[];
55.84375;MPIB2;40.87783977617649;30.10915451409946;0.881759524345398;-0.460964173078537;-0.09966842830181122;[];
55.84375;MPIB1;14.474520184534413;43.004343667472995;0.012380910106003284;-0.33372852206230164;-0.9425547122955322;[];
55.84375;MPIB4;57.27231602940924;47.91111663824333;-0.1954643279314041;-0.2663431465625763;0.9438251256942749;[];
55.84375;MPIB3;54.444340887449926;22.233405865126258;0.6943747997283936;-0.45627835392951965;-0.5563287138938904;[];
55.875;MPIB2;40.98456529036464;30.012414247776775;0.8878456354141235;-0.4539734125137329;-0.07457048445940018;[];
55.875;MPIB1;14.474520184534413;43.004343667472995;0.012380910106003284;-0.33372852206230164;-0.9425547122955322;[];
55.875;MPIB4;57.27231602940924;47.91111663824333;-0.1954643279314041;-0.2663431465625763;0.9438251256942749;[];
55.875;MPIB3;54.56258342035153;22.138677968506272;0.6952943801879883;-0.4539734125137329;-0.557065486907959;[];
55.9375;MPIB2;41.140837090040705;29.959340374466535;0.8968556523323059;-0.44223135709762573;-0.0023215990513563156;[];
55.9375;MPIB1;14.474520184534413;43.004343667472995;0.012403443455696106;-0.32884371280670166;-0.9442701935768127;[];
55.9375;MPIB4;57.27231602940924;47.91111663824333;-0.19315797090530396;-0.26384714245796204;0.9450005292892456;[];
55.9375;MPIB3;54.62714385081472;22.086956530944178;0.6952943801879883;-0.4539734125137329;-0.557065486907959;[];
56.0;MPIB2;41.3241047414885;29.933696841409784;0.8974805474281311;-0.4399081766605377;0.030557727441191673;[];
56.0;MPIB1;14.474520184534413;43.004343667472995;0.012403443455696106;-0.32884371280670166;-0.9442701935768127;[];
56.0;MPIB4;57.27231602940924;47.91111663824333;-0.19111546874046326;-0.25625601410865784;0.9475021362304688;[];
56.0;MPIB3;54.662393849941964;22.058716622755128;0.6952943801879883;-0.4539734125137329;-0.557065486907959;[];
56.03125;MPIB2;41.52211212971572;29.923030275871042;0.8974805474281311;-0.4399081766605377;0.030557727441191673;[];
56.03125;MPIB1;14.474520184534413;43.004343667472995;0.0149918207898736;-0.3189568817615509;-0.9476186037063599;[];
56.03125;MPIB4;57.27231602940924;47.91111663824333;-0.18879103660583496;-0.25375300645828247;0.9486413598060608;[];
56.03125;MPIB3;54.662393849941964;22.058716622755128;0.6952943801879883;-0.4539734125137329;-0.557065486907959;[];
56.09375;MPIB2;41.728167415159305;29.920541135546983;0.8974805474281311;-0.4399081766605377;0.030557727441191673;[];
56.09375;MPIB1;14.476333437922221;42.90636045619408;0.01749039813876152;-0.3114960789680481;-0.9500548839569092;[];
56.09375;MPIB4;57.27231602940924;47.91111663824333;-0.1894255131483078;-0.24102666974067688;0.9518294930458069;[];
56.09375;MPIB3;54.692148942881886;22.034878860667533;0.6952943801879883;-0.4539734125137329;-0.557065486907959;[];
56.125;MPIB2;41.93861685299339;29.92387594068353;0.8974805474281311;-0.4399081766605377;0.030557727441191673;[];
56.125;MPIB1;14.478916937221584;42.754895690689835;0.025184551253914833;-0.2839479446411133;-0.9584792256355286;[];
56.125;MPIB4;57.27231602940924;47.91111663824333;-0.18954670429229736;-0.23851358890533447;0.9524384140968323;[];
56.125;MPIB3;54.692148942881886;22.034878860667533;0.6952943801879883;-0.4539734125137329;-0.557065486907959;[];
56.1875;MPIB2;42.151465498311396;29.927210745820076;0.8974805474281311;-0.4399081766605377;0.030557727441191673;[];
56.1875;MPIB1;14.481500436520946;42.574229993186776;0.025222839787602425;-0.2789800465106964;-0.9599364399909973;[];
56.1875;MPIB4;57.27231602940924;47.91111663824333;-0.18978963792324066;-0.23338942229747772;0.953659176826477;[];
56.1875;MPIB3;54.692148942881886;22.034878860667533;0.694796621799469;-0.45157986879348755;-0.5596261620521545;[];
56.25;MPIB2;42.365659262907;29.929268237854586;0.8978026509284973;-0.4399081766605377;0.018853360787034035;[];
56.25;MPIB1;14.484083935820308;42.37762058496048;0.025222839787602425;-0.2789800465106964;-0.9599364399909973;[];
56.25;MPIB4;57.27231602940924;47.91111663824333;-0.18990696966648102;-0.2308715432882309;0.9542487263679504;[];
56.25;MPIB3;54.692148942881886;22.034878860667533;0.694796621799469;-0.45157986879348755;-0.5596261620521545;[];
56.28125;MPIB2;42.58056090884426;29.92619636952807;0.8893561363220215;-0.45627835392951965;-0.02789110504090786;[];
56.28125;MPIB1;14.48666743511967;42.172305909668154;0.025222839787602425;-0.2789800465106964;-0.9599364399909973;[];
56.28125;MPIB4;57.27231602940924;47.91111663824333;-0.19025550782680511;-0.2232152223587036;0.956000030040741;[];
56.28125;MPIB3;54.692148942881886;22.034878860667533;0.694796621799469;-0.45157986879348755;-0.5596261620521545;[];
56.34375;MPIB2;42.765781502432574;29.852768036722438;0.8879259824752808;-0.45858025550842285;-0.03483555093407631;[];
56.34375;MPIB1;14.489250934419033;41.962238158005704;0.025242425501346588;-0.276401162147522;-0.9606817960739136;[];
56.34375;MPIB4;57.27231602940924;47.91111663824333;-0.19059228897094727;-0.21554511785507202;0.9576923251152039;[];
56.34375;MPIB3;54.692148942881886;22.034878860667533;0.6933454871177673;-0.45157986879348755;-0.5614229440689087;[];
56.375;MPIB2;42.93479623955602;29.739247829548162;0.8879259824752808;-0.45858025550842285;-0.03483555093407631;[];
56.375;MPIB1;14.420428937968609;41.774990974701495;0.025242425501346588;-0.276401162147522;-0.9606817960739136;[];
56.375;MPIB4;57.253446050102184;48.00728275722278;-0.1884443610906601;-0.20532892644405365;0.9603594541549683;[];
56.375;MPIB3;54.692148942881886;22.034878860667533;0.6933454871177673;-0.45157986879348755;-0.5614229440689087;[];
56.4375;MPIB2;43.09476521959246;29.603655490896074;0.8878292441368103;-0.45858025550842285;-0.037219028919935226;[];
56.4375;MPIB1;14.314030127091655;41.60020382316813;0.025242425501346588;-0.276401162147522;-0.9606817960739136;[];
56.4375;MPIB4;57.22477118250117;48.15605198632616;-0.18376697599887848;-0.19762851297855377;0.9628787636756897;[];
56.4375;MPIB3;54.692148942881886;22.034878860667533;0.6903750896453857;-0.45157986879348755;-0.5650714635848999;[];
56.5;MPIB2;43.18210829283747;29.529622065392857;0.8879259824752808;-0.45858025550842285;-0.03483555093407631;[];
56.5;MPIB1;14.1871143731546;41.43221984977188;0.025242425501346588;-0.276401162147522;-0.9606817960739136;[];
56.5;MPIB4;57.191250695469535;48.333638055688255;-0.1788746863603592;-0.19245673716068268;0.964846134185791;[];
56.5;MPIB3;54.692148942881886;22.034878860667533;0.6903750896453857;-0.45157986879348755;-0.5650714635848999;[];
56.53125;MPIB2;43.22979761636849;29.489199810372952;0.889744758605957;-0.45627835392951965;-0.009298387914896011;[];
56.53125;MPIB1;14.048996367005657;41.26795041206995;0.025242425501346588;-0.276401162147522;-0.9606817960739136;[];
56.53125;MPIB4;57.15533399192623;48.527004039587354;-0.17637649178504944;-0.19245673716068268;0.9653059244155884;[];
56.53125;MPIB3;54.692148942881886;22.034878860667533;0.6873854994773865;-0.45157986879348755;-0.5687043070793152;[];
56.59375;MPIB2;43.25583599004085;29.46712925656854;0.8909593224525452;-0.4539734125137329;0.004698124248534441;[];
56.59375;MPIB1;13.904761930438553;41.105709111092665;0.025242425501346588;-0.276401162147522;-0.9606817960739136;[];
56.59375;MPIB4;57.118617541822914;48.72907739565764;-0.17128394544124603;-0.19245673716068268;0.9662225246429443;[];
56.59375;MPIB3;54.692148942881886;22.034878860667533;0.6873854994773865;-0.45157986879348755;-0.5687043070793152;[];
56.625;MPIB2;43.25583599004085;29.46712925656854;0.8907753229141235;-0.4539734125137329;0.018705790862441063;[];
56.625;MPIB1;13.77716286200041;40.92986733191657;0.262260377407074;-0.2587572932243347;-0.929607093334198;[];
56.625;MPIB4;57.08197349096645;48.93599384056037;-0.16618666052818298;-0.19245673716068268;0.9671123027801514;[];
56.625;MPIB3;54.692148942881886;22.034878860667533;0.6873854994773865;-0.45157986879348755;-0.5687043070793152;[];
56.6875;MPIB2;43.25583599004085;29.46712925656854;0.8907239437103271;-0.4539734125137329;0.021011579781770706;[];
56.6875;MPIB1;13.661414372789977;40.7451070116623;0.29176002740859985;-0.25375300645828247;-0.922164261341095;[];
56.6875;MPIB4;57.04561904139041;49.14559724449495;-0.16368263959884644;-0.19245673716068268;0.9675391912460327;[];
56.6875;MPIB3;54.692148942881886;22.034878860667533;0.6873854994773865;-0.45157986879348755;-0.5687043070793152;[];
56.75;MPIB2;43.28205370367306;29.44490669126438;0.8907239437103271;-0.4539734125137329;0.021011579781770706;[];
56.75;MPIB1;13.560452802564441;40.551632176087395;0.37280258536338806;-0.2739124894142151;-0.8864966034889221;[];
56.75;MPIB4;57.010433365832114;49.35683328758276;-0.15356285870075226;-0.19245673716068268;0.9691969156265259;[];
56.75;MPIB3;54.692148942881886;22.034878860667533;0.6873854994773865;-0.45157986879348755;-0.5687043070793152;[];
56.78125;MPIB2;43.28205370367306;29.44490669126438;0.8907239437103271;-0.4539734125137329;0.021011579781770706;[];
56.78125;MPIB1;13.504301949354158;40.346000184564986;0.661423921585083;-0.32630735635757446;-0.6752015352249146;[];
56.78125;MPIB4;56.991221984745835;49.47216818050515;-0.13579027354717255;-0.19245673716068268;0.9718462228775024;[];
56.78125;MPIB3;54.692148942881886;22.034878860667533;0.6859108805656433;-0.45157986879348755;-0.5704818964004517;[];
56.84375;MPIB2;43.28205370367306;29.44490669126438;0.8907239437103271;-0.4539734125137329;0.021011579781770706;[];
56.84375;MPIB1;13.479938322166959;40.133923437118085;0.7051303386688232;-0.3411290943622589;-0.6215115189552307;[];
56.84375;MPIB4;56.9807325694544;49.53514103935524;-0.12556038796901703;-0.19509032368659973;0.97269606590271;[];
56.84375;MPIB3;54.692148942881886;22.034878860667533;0.6859108805656433;-0.45157986879348755;-0.5704818964004517;[];
56.875;MPIB2;43.28205370367306;29.44490669126438;0.8907239437103271;-0.4539734125137329;0.021011579781770706;[];
56.875;MPIB1;13.472930522404226;39.91832785252768;0.7051303386688232;-0.3411290943622589;-0.6215115189552307;[];
56.875;MPIB4;56.975005348039986;49.56952422428108;-0.12556038796901703;-0.19509032368659973;0.97269606590271;[];
56.875;MPIB3;54.692148942881886;22.034878860667533;0.6859108805656433;-0.45157986879348755;-0.5704818964004517;[];
56.9375;MPIB2;43.28205370367306;29.44490669126438;0.8907239437103271;-0.4539734125137329;0.021011579781770706;[];
56.9375;MPIB1;13.47461421350988;39.7007645804178;0.6975023746490479;-0.35102346539497375;-0.624600887298584;[];
56.9375;MPIB4;56.975005348039986;49.56952422428108;-0.12556038796901703;-0.19509032368659973;0.97269606590271;[];
56.9375;MPIB3;54.692148942881886;22.034878860667533;0.6859108805656433;-0.45157986879348755;-0.5704818964004517;[];
57.0;MPIB2;43.28205370367306;29.44490669126438;0.8907239437103271;-0.4539734125137329;0.021011579781770706;[];
57.0;MPIB1;13.480124163730466;39.48212695079749;0.6925961375236511;-0.3681102991104126;-0.6202074289321899;[];
57.0;MPIB4;56.975005348039986;49.56952422428108;-0.12556038796901703;-0.19509032368659973;0.97269606590271;[];
57.0;MPIB3;54.692148942881886;22.034878860667533;0.6859108805656433;-0.45157986879348755;-0.5704818964004517;[];
57.03125;MPIB2;43.28205370367306;29.44490669126438;0.8907239437103271;-0.4539734125137329;0.021011579781770706;[];
57.03125;MPIB1;13.491253740926823;39.26308111115961;0.7041202187538147;-0.38259485363960266;-0.5980696678161621;[];
57.03125;MPIB4;56.97187828478445;49.60414422426618;-0.12556038796901703;-0.19509032368659973;0.97269606590271;[];
57.03125;MPIB3;54.692148942881886;22.034878860667533;0.6859108805656433;-0.45157986879348755;-0.5704818964004517;[];
57.09375;MPIB2;43.28205370367306;29.44490669126438;0.8907239437103271;-0.4539734125137329;0.021011579781770706;[];
57.09375;MPIB1;13.515832376017215;39.0452085903772;0.7533873319625854;-0.4090942442417145;-0.5146877765655518;[];
57.09375;MPIB4;56.97187828478445;49.60414422426618;-0.12556038796901703;-0.19509032368659973;0.97269606590271;[];
57.09375;MPIB3;54.70101941422945;22.030282211481335;0.6859108805656433;-0.45157986879348755;-0.5704818964004517;[];
57.125;MPIB2;43.28205370367306;29.44490669126438;0.8907239437103271;-0.4539734125137329;0.021011579781770706;[];
57.125;MPIB1;13.554395693543484;38.82946274241607;0.7838577628135681;-0.41625523567199707;-0.460604727268219;[];
57.125;MPIB4;56.97187828478445;49.60414422426618;-0.12556038796901703;-0.19509032368659973;0.97269606590271;[];
57.125;MPIB3;54.70101941422945;22.030282211481335;0.6859108805656433;-0.45157986879348755;-0.5704818964004517;[];
57.1875;MPIB2;43.28205370367306;29.44490669126438;0.8907239437103271;-0.4539734125137329;0.021011579781770706;[];
57.1875;MPIB1;13.538913929310297;38.62073133837532;0.8374431133270264;-0.4304995536804199;-0.33649757504463196;[];
57.1875;MPIB4;56.97187828478445;49.60414422426618;-0.12556038796901703;-0.19509032368659973;0.97269606590271;[];
57.1875;MPIB3;54.70101941422945;22.030282211481335;0.6859108805656433;-0.45157986879348755;-0.5704818964004517;[];
57.25;MPIB2;43.28205370367306;29.44490669126438;0.8907239437103271;-0.4539734125137329;0.021011579781770706;[];
57.25;MPIB1;13.530460885057096;38.50676397853147;0.8635811805725098;-0.4539734125137329;-0.2191389948129654;[];
57.25;MPIB4;56.97187828478445;49.60414422426618;-0.12556038796901703;-0.19509032368659973;0.97269606590271;[];
57.25;MPIB3;54.70101941422945;22.030282211481335;0.6859108805656433;-0.45157986879348755;-0.5704818964004517;[];
57.28125;MPIB2;43.28205370367306;29.44490669126438;0.8907239437103271;-0.4539734125137329;0.021011579781770706;[];
57.28125;MPIB1;13.525845522358736;38.44453779282898;0.8676109313964844;-0.4771362841129303;-0.139601930975914;[];
57.28125;MPIB4;56.97187828478445;49.60414422426618;-0.12556038796901703;-0.19509032368659973;0.97269606590271;[];
57.28125;MPIB3;54.70101941422945;22.030282211481335;0.6859108805656433;-0.45157986879348755;-0.5704818964004517;[];
57.34375;MPIB2;43.28205370367306;29.44490669126438;0.8907239437103271;-0.4539734125137329;0.021011579781770706;[];
57.34375;MPIB1;13.525845522358736;38.41056229148907;0.8642488718032837;-0.4977288246154785;-0.07242228835821152;[];
57.34375;MPIB4;56.97187828478445;49.60414422426618;-0.12556038796901703;-0.19509032368659973;0.97269606590271;[];
57.34375;MPIB3;54.70101941422945;22.030282211481335;0.6859108805656433;-0.45157986879348755;-0.5704818964004517;[];
57.375;MPIB2;43.28205370367306;29.44490669126438;0.8907239437103271;-0.4539734125137329;0.021011579781770706;[];
57.375;MPIB1;13.525845522358736;38.41056229148907;0.8580126762390137;-0.513526976108551;-0.004359869286417961;[];
57.375;MPIB4;56.97187828478445;49.60414422426618;-0.12556038796901703;-0.19509032368659973;0.97269606590271;[];
57.375;MPIB3;54.70101941422945;22.030282211481335;0.6859108805656433;-0.45157986879348755;-0.5704818964004517;[];
57.4375;MPIB2;43.28205370367306;29.44490669126438;0.8907239437103271;-0.4539734125137329;0.021011579781770706;[];
57.4375;MPIB1;13.525845522358736;38.41056229148907;0.8580211400985718;-0.513526976108551;0.0023033341858536005;[];
57.4375;MPIB4;56.97187828478445;49.60414422426618;-0.12556038796901703;-0.19509032368659973;0.97269606590271;[];
57.4375;MPIB3;54.70101941422945;22.030282211481335;0.6859108805656433;-0.45157986879348755;-0.5704818964004517;[];
57.5;MPIB2;43.28205370367306;29.44490669126438;0.8907239437103271;-0.4539734125137329;0.021011579781770706;[];
57.5;MPIB1;13.525845522358736;38.37635278302096;0.8575974106788635;-0.513526976108551;0.02705972269177437;[];
57.5;MPIB4;56.97187828478445;49.60414422426618;-0.12556038796901703;-0.19509032368659973;0.97269606590271;[];
57.5;MPIB3;54.70101941422945;22.030282211481335;0.6859108805656433;-0.45157986879348755;-0.5704818964004517;[];
57.53125;MPIB2;43.28205370367306;29.44490669126438;0.8907239437103271;-0.4539734125137329;0.021011579781770706;[];
57.53125;MPIB1;13.525845522358736;38.37635278302096;0.8569580912590027;-0.513526976108551;0.04275854304432869;[];
57.53125;MPIB4;56.97187828478445;49.60414422426618;-0.12556038796901703;-0.19509032368659973;0.97269606590271;[];
57.53125;MPIB3;54.70101941422945;22.030282211481335;0.6859108805656433;-0.45157986879348755;-0.5704818964004517;[];
57.59375;MPIB2;43.28205370367306;29.44490669126438;0.8907239437103271;-0.4539734125137329;0.021011579781770706;[];
57.59375;MPIB1;13.525845522358736;38.37635278302096;0.8568445444107056;-0.513526976108551;0.04497671127319336;[];
57.59375;MPIB4;56.97187828478445;49.60414422426618;-0.12556038796901703;-0.19509032368659973;0.97269606590271;[];
57.59375;MPIB3;54.70101941422945;22.030282211481335;0.6859108805656433;-0.45157986879348755;-0.5704818964004517;[];
57.625;MPIB2;43.28205370367306;29.44490669126438;0.8907239437103271;-0.4539734125137329;0.021011579781770706;[];
57.625;MPIB1;13.525845522358736;38.37635278302096;0.8592873811721802;-0.5089951753616333;0.04964979737997055;[];
57.625;MPIB4;56.959332061196164;49.704393536563515;-0.12556038796901703;-0.19509032368659973;0.97269606590271;[];
57.625;MPIB3;54.70101941422945;22.030282211481335;0.6859108805656433;-0.45157986879348755;-0.5704818964004517;[];
57.6875;MPIB2;43.28205370367306;29.44490669126438;0.8907239437103271;-0.4539734125137329;0.021011579781770706;[];
57.6875;MPIB1;13.525845522358736;38.37635278302096;0.8631242513656616;-0.5022124648094177;0.05211356654763222;[];
57.6875;MPIB4;56.95248182232126;49.757461231371394;-0.12556038796901703;-0.19509032368659973;0.97269606590271;[];
57.6875;MPIB3;54.70101941422945;22.030282211481335;0.6859108805656433;-0.45157986879348755;-0.5704818964004517;[];
57.75;MPIB2;43.28205370367306;29.44490669126438;0.8907239437103271;-0.4539734125137329;0.021011579781770706;[];
57.75;MPIB1;13.525845522358736;38.37635278302096;0.8692992329597473;-0.4908948540687561;0.05708848685026169;[];
57.75;MPIB4;56.95248182232126;49.757461231371394;-0.12556038796901703;-0.19509032368659973;0.97269606590271;[];
57.75;MPIB3;54.70101941422945;22.030282211481335;0.6859108805656433;-0.45157986879348755;-0.5704818964004517;[];
57.78125;MPIB2;43.28205370367306;29.44490669126438;0.8907239437103271;-0.4539734125137329;0.021011579781770706;[];
57.78125;MPIB1;13.525845522358736;38.37635278302096;0.8742659687995911;-0.4816797375679016;0.05968792736530304;[];
57.78125;MPIB4;56.94874159146116;49.802256528682506;-0.12556038796901703;-0.19509032368659973;0.97269606590271;[];
57.78125;MPIB3;54.70101941422945;22.030282211481335;0.6859108805656433;-0.45157986879348755;-0.5704818964004517;[];
57.84375;MPIB2;43.28205370367306;29.44490669126438;0.8907239437103271;-0.4539734125137329;0.021011579781770706;[];
57.84375;MPIB1;13.525845522358736;38.37635278302096;0.8767426609992981;-0.4771362841129303;0.059857018291950226;[];
57.84375;MPIB4;56.94874159146116;49.802256528682506;-0.12556038796901703;-0.19509032368659973;0.97269606590271;[];
57.84375;MPIB3;54.70101941422945;22.030282211481335;0.6859108805656433;-0.45157986879348755;-0.5704818964004517;[];
57.875;MPIB2;43.28205370367306;29.44490669126438;0.8907239437103271;-0.4539734125137329;0.021011579781770706;[];
57.875;MPIB1;13.525845522358736;38.37635278302096;0.8767426609992981;-0.4771362841129303;0.059857018291950226;[];
57.875;MPIB4;56.94874159146116;49.802256528682506;-0.12556038796901703;-0.19509032368659973;0.97269606590271;[];
57.875;MPIB3;54.70101941422945;22.030282211481335;0.6859108805656433;-0.45157986879348755;-0.5704818964004517;[];
57.9375;MPIB2;43.28205370367306;29.44490669126438;0.8907239437103271;-0.4539734125137329;0.021011579781770706;[];
57.9375;MPIB1;13.525845522358736;38.37635278302096;0.8780175447463989;-0.47477537393569946;0.05994405597448349;[];
57.9375;MPIB4;56.94874159146116;49.802256528682506;-0.12556038796901703;-0.19509032368659973;0.97269606590271;[];
57.9375;MPIB3;54.70101941422945;22.030282211481335;0.6859108805656433;-0.45157986879348755;-0.5704818964004517;[];
58.0;MPIB2;43.28205370367306;29.44490669126438;0.8907239437103271;-0.4539734125137329;0.021011579781770706;[];
58.0;MPIB1;13.525845522358736;38.37635278302096;0.881340503692627;-0.46792641282081604;0.06484166532754898;[];
58.0;MPIB4;56.94874159146116;49.802256528682506;-0.12556038796901703;-0.19509032368659973;0.97269606590271;[];
58.0;MPIB3;54.70101941422945;22.030282211481335;0.6859108805656433;-0.45157986879348755;-0.5704818964004517;[];
58.03125;MPIB2;43.28205370367306;29.44490669126438;0.8907239437103271;-0.4539734125137329;0.021011579781770706;[];
58.03125;MPIB1;13.525845522358736;38.37635278302096;0.8885701298713684;-0.4539734125137329;0.06537356227636337;[];
58.03125;MPIB4;56.94874159146116;49.802256528682506;-0.12556038796901703;-0.19509032368659973;0.97269606590271;[];
58.03125;MPIB3;54.70101941422945;22.030282211481335;0.6859108805656433;-0.45157986879348755;-0.5704818964004517;[];
58.09375;MPIB2;43.28205370367306;29.44490669126438;0.8907239437103271;-0.4539734125137329;0.021011579781770706;[];
58.09375;MPIB1;13.525845522358736;38.37635278302096;0.8967129588127136;-0.4375820457935333;0.06597264111042023;[];
58.09375;MPIB4;56.94874159146116;49.802256528682506;-0.12556038796901703;-0.19509032368659973;0.97269606590271;[];
58.09375;MPIB3;54.70101941422945;22.030282211481335;0.6859108805656433;-0.45157986879348755;-0.5704818964004517;[];
58.125;MPIB2;43.28205370367306;29.44490669126438;0.8907239437103271;-0.4539734125137329;0.021011579781770706;[];
58.125;MPIB1;13.525845522358736;38.37635278302096;0.9012662768363953;-0.42807504534721375;0.06630763411521912;[];
58.125;MPIB4;56.94874159146116;49.802256528682506;-0.12556038796901703;-0.19509032368659973;0.97269606590271;[];
58.125;MPIB3;54.70101941422945;22.030282211481335;0.6859108805656433;-0.45157986879348755;-0.5704818964004517;[];
58.1875;MPIB2;43.28205370367306;29.44490669126438;0.8907239437103271;-0.4539734125137329;0.021011579781770706;[];
58.1875;MPIB1;13.525845522358736;38.37635278302096;0.9058549404144287;-0.4186075031757355;0.06420081108808517;[];
58.1875;MPIB4;56.94874159146116;49.802256528682506;-0.12556038796901703;-0.19509032368659973;0.97269606590271;[];
58.1875;MPIB3;54.70101941422945;22.030282211481335;0.6861467957496643;-0.45858025550842285;-0.5645833015441895;[];
58.25;MPIB2;43.28205370367306;29.44490669126438;0.8907239437103271;-0.4539734125137329;0.021011579781770706;[];
58.25;MPIB1;13.525845522358736;38.37635278302096;0.9069329500198364;-0.41625523567199707;0.06427721679210663;[];
58.25;MPIB4;56.94874159146116;49.802256528682506;-0.12556038796901703;-0.19509032368659973;0.97269606590271;[];
58.25;MPIB3;54.70101941422945;22.030282211481335;0.6901168823242188;-0.4632597863674164;-0.5558568239212036;[];
58.28125;MPIB2;43.28205370367306;29.44490669126438;0.8907239437103271;-0.4539734125137329;0.021011579781770706;[];
58.28125;MPIB1;13.525845522358736;38.37635278302096;0.9103338122367859;-0.4090942442417145;0.06215035542845726;[];
58.28125;MPIB4;56.94874159146116;49.802256528682506;-0.12556038796901703;-0.19509032368659973;0.97269606590271;[];
58.28125;MPIB3;54.70101941422945;22.030282211481335;0.6915535926818848;-0.4632597863674164;-0.554068386554718;[];
58.34375;MPIB2;43.28205370367306;29.44490669126438;0.8907239437103271;-0.4539734125137329;0.021011579781770706;[];
58.34375;MPIB1;13.525845522358736;38.37635278302096;0.9104916453361511;-0.4090942442417145;0.05979366973042488;[];
58.34375;MPIB4;56.94874159146116;49.802256528682506;-0.12556038796901703;-0.19509032368659973;0.97269606590271;[];
58.34375;MPIB3;54.70101941422945;22.030282211481335;0.6591055989265442;-0.44926875829696655;-0.6029793620109558;[];
58.375;MPIB2;43.28205370367306;29.44490669126438;0.8907239437103271;-0.4539734125137329;0.021011579781770706;[];
58.375;MPIB1;13.525845522358736;38.37635278302096;0.9115455150604248;-0.4067308008670807;0.059862878173589706;[];
58.375;MPIB4;56.94874159146116;49.802256528682506;-0.12556038796901703;-0.19509032368659973;0.97269606590271;[];
58.375;MPIB3;54.70101941422945;22.030282211481335;0.5502828359603882;-0.4139001667499542;-0.7250701189041138;[];
58.4375;MPIB2;43.28205370367306;29.44490669126438;0.8907239437103271;-0.4539734125137329;0.021011579781770706;[];
58.4375;MPIB1;13.525845522358736;38.37635278302096;0.9115455150604248;-0.4067308008670807;0.059862878173589706;[];
58.4375;MPIB4;56.94874159146116;49.802256528682506;-0.12542933225631714;-0.20016539096832275;0.9716808795928955;[];
58.4375;MPIB3;54.70101941422945;22.030282211481335;0.43886634707450867;-0.39231711626052856;-0.8082984685897827;[];
58.5;MPIB2;43.28205370367306;29.44490669126438;0.8907239437103271;-0.4539734125137329;0.021011579781770706;[];
58.5;MPIB1;13.525845522358736;38.373333271809656;0.9115455150604248;-0.4067308008670807;0.059862878173589706;[];
58.5;MPIB4;56.94874159146116;49.802256528682506;-0.12542933225631714;-0.20016539096832275;0.9716808795928955;[];
58.5;MPIB3;54.74665185110098;21.943554599760773;0.42870032787323;-0.38984647393226624;-0.8149232268333435;[];
58.53125;MPIB2;43.28205370367306;29.44490669126438;0.8907239437103271;-0.4539734125137329;0.021011579781770706;[];
58.53125;MPIB1;13.525845522358736;38.373333271809656;0.9115455150604248;-0.4067308008670807;0.059862878173589706;[];
58.53125;MPIB4;56.94874159146116;49.802256528682506;-0.12536005675792694;-0.20279480516910553;0.9711441397666931;[];
58.53125;MPIB3;54.81719960139844;21.809473706540587;0.42870032787323;-0.38984647393226624;-0.8149232268333435;[];
58.59375;MPIB2;43.28205370367306;29.44490669126438;0.8907239437103271;-0.4539734125137329;0.021011579781770706;[];
58.59375;MPIB1;13.525845522358736;38.373333271809656;0.9115455150604248;-0.4067308008670807;0.059862878173589706;[];
58.59375;MPIB4;56.94874159146116;49.802256528682506;-0.1099560409784317;-0.20786167681217194;0.9719383716583252;[];
58.59375;MPIB3;54.90112645704971;21.649420080235757;0.4265892803668976;-0.38984647393226624;-0.8160304427146912;[];
58.625;MPIB2;43.28205370367306;29.44490669126438;0.8907239437103271;-0.4539734125137329;0.021011579781770706;[];
58.625;MPIB1;13.525845522358736;38.373333271809656;0.9136734008789062;-0.4019079804420471;0.06000262126326561;[];
58.625;MPIB4;56.94874159146116;49.802256528682506;-0.10728707909584045;-0.210393026471138;0.9716916680335999;[];
58.625;MPIB3;54.992582962429424;21.47530317840227;0.4262790381908417;-0.4019079804420471;-0.8103205561637878;[];
58.6875;MPIB2;43.28205370367306;29.44490669126438;0.8915860056877136;-0.45157986879348755;0.032753460109233856;[];
58.6875;MPIB1;13.525845522358736;38.373333271809656;0.9169569611549377;-0.3946968615055084;0.0577465295791626;[];
58.6875;MPIB4;56.94874159146116;49.802256528682506;-0.10728707909584045;-0.210393026471138;0.9716916680335999;[];
58.6875;MPIB3;55.09018324248041;21.29460798427732;0.44214239716529846;-0.41625523567199707;-0.7944191098213196;[];
58.75;MPIB2;43.28205370367306;29.44490669126438;0.8907972574234009;-0.44455158710479736;0.09368988871574402;[];
58.75;MPIB1;13.525845522358736;38.373333271809656;0.9191685914993286;-0.38984647393226624;0.05549740046262741;[];
58.75;MPIB4;56.94874159146116;49.802256528682506;-0.10477140545845032;-0.210393026471138;0.9719662070274353;[];
58.75;MPIB3;55.192030230918135;21.110823822223864;0.4498850107192993;-0.4186075031757355;-0.7888157367706299;[];
58.78125;MPIB2;43.37594494432943;29.472985733475554;0.8581570386886597;-0.44455158710479736;0.2566397786140442;[];
58.78125;MPIB1;13.525845522358736;38.373333271809656;0.9191685914993286;-0.38984647393226624;0.05549740046262741;[];
58.78125;MPIB4;56.94874159146116;49.81561072663794;-0.10477140545845032;-0.210393026471138;0.9719662070274353;[];
58.78125;MPIB3;55.29664411580529;20.92561030733009;0.4540384113788605;-0.4186075031757355;-0.786432147026062;[];
58.84375;MPIB2;43.516737264053404;29.528176507569924;0.8050987124443054;-0.47249555587768555;0.35844686627388;[];
58.84375;MPIB1;13.525845522358736;38.373333271809656;0.9191685914993286;-0.38984647393226624;0.05549740046262741;[];
58.84375;MPIB4;56.94874159146116;49.81561072663794;-0.10477140545845032;-0.210393026471138;0.9719662070274353;[];
58.84375;MPIB3;55.40276872632944;20.739616365694843;0.4540384113788605;-0.4186075031757355;-0.786432147026062;[];
58.875;MPIB2;43.68195019179417;29.600736928325915;0.7910472750663757;-0.4794096350669861;0.3799077868461609;[];
58.875;MPIB1;13.525845522358736;38.373333271809656;0.9191685914993286;-0.38984647393226624;0.05549740046262741;[];
58.875;MPIB4;56.94874159146116;49.81561072663794;-0.10477140545845032;-0.210393026471138;0.9719662070274353;[];
58.875;MPIB3;55.50882046151514;20.552684225154252;0.44571906328201294;-0.4186075031757355;-0.79117751121521;[];
58.9375;MPIB2;43.86038665347961;29.683009708919343;0.7889410853385925;-0.4816797375679016;0.38141265511512756;[];
58.9375;MPIB1;13.525845522358736;38.373333271809656;0.9191685914993286;-0.38984647393226624;0.05549740046262741;[];
58.9375;MPIB4;56.94874159146116;49.81561072663794;-0.10477140545845032;-0.210393026471138;0.9719662070274353;[];
58.9375;MPIB3;55.60728692811949;20.36140768887705;0.3771452009677887;-0.4114549458026886;-0.8296592235565186;[];
59.0;MPIB2;43.99069733223591;29.822369071087053;0.7889410853385925;-0.4816797375679016;0.38141265511512756;[];
59.0;MPIB1;13.525845522358736;38.373333271809656;0.9191685914993286;-0.38984647393226624;0.05549740046262741;[];
59.0;MPIB4;56.94874159146116;49.81561072663794;-0.10477140545845032;-0.210393026471138;0.9719662070274353;[];
59.0;MPIB3;55.69425053358236;20.16476603521241;0.31012287735939026;-0.4019079804420471;-0.8614940643310547;[];
59.03125;MPIB2;44.09473133046082;29.992897710414695;0.7866430282592773;-0.48629406094551086;0.38030165433883667;[];
59.03125;MPIB1;13.525845522358736;38.373333271809656;0.9191685914993286;-0.38984647393226624;0.05549740046262741;[];
59.03125;MPIB4;56.94874159146116;49.81561072663794;-0.10477140545845032;-0.210393026471138;0.9719662070274353;[];
59.03125;MPIB3;55.77250915720629;19.96435772341593;0.2874700725078583;-0.4019079804420471;-0.8693172335624695;[];
59.09375;MPIB2;44.18515968162549;30.180183336175247;0.7814276814460754;-0.5022124648094177;0.37022972106933594;[];
59.09375;MPIB1;13.525845522358736;38.373333271809656;0.9191685914993286;-0.38984647393226624;0.05549740046262741;[];
59.09375;MPIB4;56.94874159146116;49.81561072663794;-0.10225503891706467;-0.210393026471138;0.9722341299057007;[];
59.09375;MPIB3;55.84331741287929;19.761043531808895;0.2622663080692291;-0.4019079804420471;-0.8772523403167725;[];
59.125;MPIB2;44.26963591214569;30.376077954035424;0.7823308706283569;-0.5112216472625732;0.35570573806762695;[];
59.125;MPIB1;13.525845522358736;38.373333271809656;0.9191685914993286;-0.38984647393226624;0.05549740046262741;[];
59.125;MPIB4;56.94874159146116;49.81561072663794;-0.10225503891706467;-0.210393026471138;0.9722341299057007;[];
59.125;MPIB3;55.88197872496744;19.650033970297414;0.2530843913555145;-0.4019079804420471;-0.8799459934234619;[];
59.1875;MPIB2;44.35110454749521;30.576581901922623;0.7819952368736267;-0.513526976108551;0.3531132638454437;[];
59.1875;MPIB1;13.525845522358736;38.373333271809656;0.9191685914993286;-0.38984647393226624;0.05549740046262741;[];
59.1875;MPIB4;56.94874159146116;49.81561072663794;-0.0997379794716835;-0.210393026471138;0.9724955558776855;[];
59.1875;MPIB3;55.90308780381929;19.589422742671985;0.24587805569171906;-0.404276967048645;-0.8809038996696472;[];
59.25;MPIB2;44.43190666686823;30.779228085566672;0.7819212079048157;-0.5202569365501404;0.34328827261924744;[];
59.25;MPIB1;13.525845522358736;38.373333271809656;0.9191685914993286;-0.38984647393226624;0.05549740046262741;[];
59.25;MPIB4;56.94874159146116;49.81561072663794;-0.0997379794716835;-0.210393026471138;0.9724955558776855;[];
59.25;MPIB3;55.914613362211185;19.556329008544566;0.24330687522888184;-0.4067308008670807;-0.8804882168769836;[];
59.28125;MPIB2;44.51332541703644;30.98265571756781;0.7817109823226929;-0.526954710483551;0.3334079086780548;[];
59.28125;MPIB1;13.525845522358736;38.373333271809656;0.9191685914993286;-0.38984647393226624;0.05549740046262741;[];
59.28125;MPIB4;56.94874159146116;49.81561072663794;-0.09712699055671692;-0.210393026471138;0.9727598428726196;[];
59.28125;MPIB3;55.914613362211185;19.556329008544566;0.24244754016399384;-0.4139001667499542;-0.8773784041404724;[];
59.34375;MPIB2;44.59604839495539;31.186115154551004;0.7826209664344788;-0.5313476920127869;0.3241722285747528;[];
59.34375;MPIB1;13.525845522358736;38.373333271809656;0.9191685914993286;-0.38984647393226624;0.05549740046262741;[];
59.34375;MPIB4;56.94874159146116;49.81561072663794;-0.09455356746912003;-0.21301664412021637;0.972442090511322;[];
59.34375;MPIB3;55.914613362211185;19.556329008544566;0.24579942226409912;-0.4233904778957367;-0.8718993663787842;[];
59.375;MPIB2;44.680208616516154;31.389288256490147;0.7825371623039246;-0.5358073711395264;0.31695321202278137;[];
59.375;MPIB1;13.525845522358736;38.373333271809656;0.9191685914993286;-0.38984647393226624;0.05549740046262741;[];
59.375;MPIB4;56.94874159146116;49.81561072663794;-0.08438633382320404;-0.21301664412021637;0.9733770489692688;[];
59.375;MPIB3;55.924342271987825;19.523007340483048;0.25307542085647583;-0.4375820457935333;-0.8627615571022034;[];
59.4375;MPIB2;44.7668331762069;31.591575570383725;0.7829384803771973;-0.5446015000343323;0.30054765939712524;[];
59.4375;MPIB1;13.525845522358736;38.373333271809656;0.9191685914993286;-0.38984647393226624;0.05549740046262741;[];
59.4375;MPIB4;56.94874159146116;49.81561072663794;-0.040875665843486786;-0.21807213127613068;0.9750553369522095;[];
59.4375;MPIB3;55.924342271987825;19.523007340483048;0.26107919216156006;-0.44455158710479736;-0.8567918539047241;[];
59.5;MPIB2;44.856946353401085;31.792394664623515;0.7857514023780823;-0.5511781573295593;0.28055164217948914;[];
59.5;MPIB1;13.525845522358736;38.373333271809656;0.9223411679267883;-0.38259485363960266;0.05329305678606033;[];
59.5;MPIB4;56.94874159146116;49.81561072663794;0.11472471058368683;-0.21807213127613068;0.9691449403762817;[];
59.5;MPIB3;55.924342271987825;19.523007340483048;0.26107919216156006;-0.44455158710479736;-0.8567918539047241;[];
59.53125;MPIB2;44.99966249945034;31.93135172319805;0.7919856309890747;-0.5577207207679749;0.24822884798049927;[];
59.53125;MPIB1;13.525845522358736;38.373333271809656;0.934258759021759;-0.3534461557865143;0.046615514904260635;[];
59.53125;MPIB4;56.94874159146116;49.81561072663794;0.30887842178344727;-0.21807213127613068;0.9257417917251587;[];
59.53125;MPIB3;55.924342271987825;19.523007340483048;0.2632962465286255;-0.44455158710479736;-0.8561129570007324;[];
59.59375;MPIB2;45.17183489195811;32.03407474284509;0.7968193292617798;-0.5598674416542053;0.22702071070671082;[];
59.59375;MPIB1;13.525845522358736;38.373333271809656;0.9351696372032166;-0.35102346539497375;0.04666096344590187;[];
59.59375;MPIB4;56.94874159146116;49.81561072663794;0.5229796767234802;-0.21807213127613068;0.8239514231681824;[];
59.59375;MPIB3;55.924342271987825;19.523007340483048;0.2632962465286255;-0.44455158710479736;-0.8561129570007324;[];
59.625;MPIB2;45.360566287834814;32.11528368562958;0.7979776263237;-0.5642287731170654;0.21163232624530792;[];
59.625;MPIB1;13.525845522358736;38.373333271809656;0.9351696372032166;-0.35102346539497375;0.04666096344590187;[];
59.625;MPIB4;56.94874159146116;49.81561072663794;0.5900314450263977;-0.21807213127613068;0.7773458957672119;[];
59.625;MPIB3;55.924342271987825;19.523007340483048;0.2632962465286255;-0.44455158710479736;-0.8561129570007324;[];
59.6875;MPIB2;45.558785264884676;32.18299810379253;0.801737904548645;-0.5642287731170654;0.19690832495689392;[];
59.6875;MPIB1;13.525845522358736;38.373333271809656;0.9351696372032166;-0.35102346539497375;0.04666096344590187;[];
59.6875;MPIB4;56.94874159146116;49.81561072663794;0.6001904606819153;-0.21807213127613068;0.7695292234420776;[];
59.6875;MPIB3;55.924342271987825;19.523007340483048;0.2632962465286255;-0.44455158710479736;-0.8561129570007324;[];
59.75;MPIB2;45.76259650876611;32.241597915750475;0.8052090406417847;-0.5642287731170654;0.1821947991847992;[];
59.75;MPIB1;13.525845522358736;38.373333271809656;0.9351696372032166;-0.35102346539497375;0.04666096344590187;[];
59.75;MPIB4;56.94874159146116;49.81561072663794;0.6062215566635132;-0.21807213127613068;0.7647870182991028;[];
59.75;MPIB3;55.924342271987825;19.523007340483048;0.2632962465286255;-0.44455158710479736;-0.8561129570007324;[];
59.78125;MPIB2;45.969841140105004;32.29346730595901;0.8084102272987366;-0.5642287731170654;0.1674201637506485;[];
59.78125;MPIB1;13.525845522358736;38.373333271809656;0.9351696372032166;-0.35102346539497375;0.04666096344590187;[];
59.78125;MPIB4;56.94874159146116;49.81561072663794;0.6062215566635132;-0.21807213127613068;0.7647870182991028;[];
59.78125;MPIB3;55.924342271987825;19.523007340483048;0.2632962465286255;-0.44455158710479736;-0.8561129570007324;[];
59.84375;MPIB2;46.08299672195935;32.32178799630239;0.810942530632019;-0.5642287731170654;0.15468911826610565;[];
59.84375;MPIB1;13.623747723474821;38.37770079330801;0.9381313323974609;-0.34365129470825195;0.04185085743665695;[];
59.84375;MPIB4;56.94874159146116;49.81561072663794;0.6081992387771606;-0.21807213127613068;0.763215184211731;[];
59.84375;MPIB3;55.924342271987825;19.523007340483048;0.2632962465286255;-0.44455158710479736;-0.8561129570007324;[];
59.875;MPIB2;46.14477967682808;32.33725109502595;0.8132608532905579;-0.5642287731170654;0.1419977992773056;[];
59.875;MPIB1;13.775125878522545;38.381561398490135;0.9410067200660706;-0.3362579047679901;0.037098754197359085;[];
59.875;MPIB4;56.94874159146116;49.81561072663794;0.6081992387771606;-0.21807213127613068;0.763215184211731;[];
59.875;MPIB3;55.924342271987825;19.523007340483048;0.2632962465286255;-0.44455158710479736;-0.8561129570007324;[];
59.9375;MPIB2;46.17851317410464;32.345693947909666;0.8146161437034607;-0.5663641095161438;0.1246708407998085;[];
59.9375;MPIB1;13.955701907808475;38.38542200367226;0.9410067200660706;-0.3362579047679901;0.037098754197359085;[];
59.9375;MPIB4;56.94874159146116;49.81561072663794;0.6081992387771606;-0.21807213127613068;0.763215184211731;[];
59.9375;MPIB3;55.924342271987825;19.523007340483048;0.2632962465286255;-0.44455158710479736;-0.8561129570007324;[];
60.0;MPIB2;46.17851317410464;32.345693947909666;0.8141171336174011;-0.5684955716133118;0.11805199831724167;[];
60.0;MPIB1;14.152230014212137;38.38901972187011;0.941102921962738;-0.3362579047679901;0.03457252308726311;[];
60.0;MPIB4;56.94874159146116;49.81561072663794;0.6081992387771606;-0.21807213127613068;0.763215184211731;[];
60.0;MPIB3;55.924342271987825;19.523007340483048;0.2632962465286255;-0.44455158710479736;-0.8561129570007324;[];
60.03125;MPIB2;46.17851317410464;32.345693947909666;0.8150200843811035;-0.5684955716133118;0.11164811253547668;[];
60.03125;MPIB1;14.357476963485738;38.39236391706652;0.9411892294883728;-0.3362579047679901;0.03213627636432648;[];
60.03125;MPIB4;56.94874159146116;49.81561072663794;0.6081992387771606;-0.21807213127613068;0.763215184211731;[];
60.03125;MPIB3;55.924342271987825;19.523007340483048;0.2632962465286255;-0.44455158710479736;-0.8561129570007324;[];
60.09375;MPIB2;46.21247901170025;32.35030374611961;0.8158726096153259;-0.5684955716133118;0.10523732006549835;[];
60.09375;MPIB1;14.567507736737639;38.394938023977716;0.9405393004417419;-0.33869463205337524;0.02471310831606388;[];
60.09375;MPIB4;56.94874159146116;49.81561072663794;0.6081992387771606;-0.21807213127613068;0.763215184211731;[];
60.09375;MPIB3;55.924342271987825;19.523007340483048;0.2632962465286255;-0.44455158710479736;-0.8561129570007324;[];
60.125;MPIB2;46.21247901170025;32.35030374611961;0.8148888349533081;-0.5707020163536072;0.10082422196865082;[];
60.125;MPIB1;14.780156840981022;38.397258528026555;0.9397201538085938;-0.3411290943622589;0.02225751429796219;[];
60.125;MPIB4;56.94874159146116;49.81561072663794;0.6081992387771606;-0.21807213127613068;0.763215184211731;[];
60.125;MPIB3;55.924342271987825;19.523007340483048;0.2632962465286255;-0.44455158710479736;-0.8561129570007324;[];
60.1875;MPIB2;46.21247901170025;32.35030374611961;0.8154091238975525;-0.5707020163536072;0.0965258851647377;[];
60.1875;MPIB1;14.99424145497153;38.399316020061065;0.93885737657547;-0.34365129470825195;0.019715487957000732;[];
60.1875;MPIB4;56.94874159146116;49.81561072663794;0.6081992387771606;-0.21807213127613068;0.763215184211731;[];
60.1875;MPIB3;55.924342271987825;19.523007340483048;0.2632962465286255;-0.44455158710479736;-0.8561129570007324;[];
60.25;MPIB2;46.21247901170025;32.35030374611961;0.8154091238975525;-0.5707020163536072;0.0965258851647377;[];
60.25;MPIB1;15.20911487906642;38.401119879430894;0.9389052987098694;-0.34365129470825195;0.01728510484099388;[];
60.25;MPIB4;56.94874159146116;49.81561072663794;0.6081992387771606;-0.21807213127613068;0.763215184211731;[];
60.25;MPIB3;55.924342271987825;19.523007340483048;0.2632962465286255;-0.44455158710479736;-0.8561129570007324;[];
60.28125;MPIB2;46.21247901170025;32.35030374611961;0.8154091238975525;-0.5707020163536072;0.0965258851647377;[];
60.28125;MPIB1;15.326435782249291;38.401119879430894;0.9389052987098694;-0.34365129470825195;0.01728510484099388;[];
60.28125;MPIB4;56.94874159146116;49.81561072663794;0.6081992387771606;-0.21807213127613068;0.763215184211731;[];
60.28125;MPIB3;55.924342271987825;19.523007340483048;0.2632962465286255;-0.44455158710479736;-0.8561129570007324;[];
60.34375;MPIB2;46.21247901170025;32.35030374611961;0.8154091238975525;-0.5707020163536072;0.0965258851647377;[];
60.34375;MPIB1;15.390493002827611;38.401119879430894;0.9389052987098694;-0.34365129470825195;0.01728510484099388;[];
60.34375;MPIB4;56.94874159146116;49.81561072663794;0.6081992387771606;-0.21807213127613068;0.763215184211731;[];
60.34375;MPIB3;55.924342271987825;19.523007340483048;0.2632962465286255;-0.44455158710479736;-0.8561129570007324;[];
60.375;MPIB2;46.21247901170025;32.35030374611961;0.8154091238975525;-0.5707020163536072;0.0965258851647377;[];
60.375;MPIB1;15.425468249325831;38.401119879430894;0.9389052987098694;-0.34365129470825195;0.01728510484099388;[];
60.375;MPIB4;56.94874159146116;49.81561072663794;0.6081992387771606;-0.21807213127613068;0.763215184211731;[];
60.375;MPIB3;55.924342271987825;19.523007340483048;0.2632962465286255;-0.44455158710479736;-0.8561129570007324;[];
60.4375;MPIB2;46.21247901170025;32.35030374611961;0.8154091238975525;-0.5707020163536072;0.0965258851647377;[];
60.4375;MPIB1;15.425468249325831;38.401119879430894;0.9389052987098694;-0.34365129470825195;0.01728510484099388;[];
60.4375;MPIB4;56.94874159146116;49.81561072663794;0.6081992387771606;-0.21807213127613068;0.763215184211731;[];
60.4375;MPIB3;55.924342271987825;19.523007340483048;0.2632962465286255;-0.44455158710479736;-0.8561129570007324;[];
60.5;MPIB2;46.21247901170025;32.35030374611961;0.815656304359436;-0.5707020163536072;0.09441480785608292;[];
60.5;MPIB1;15.425468249325831;38.401119879430894;0.9389052987098694;-0.34365129470825195;0.01728510484099388;[];
60.5;MPIB4;56.94874159146116;49.81561072663794;0.6081992387771606;-0.21807213127613068;0.763215184211731;[];
60.5;MPIB3;55.924342271987825;19.523007340483048;0.2632962465286255;-0.44455158710479736;-0.8561129570007324;[];
60.53125;MPIB2;46.21247901170025;32.35030374611961;0.815656304359436;-0.5707020163536072;0.09441480785608292;[];
60.53125;MPIB1;15.46068438872237;38.401119879430894;0.9389052987098694;-0.34365129470825195;0.01728510484099388;[];
60.53125;MPIB4;56.94874159146116;49.81561072663794;0.6081992387771606;-0.21807213127613068;0.763215184211731;[];
60.53125;MPIB3;55.924342271987825;19.523007340483048;0.2632962465286255;-0.44455158710479736;-0.8561129570007324;[];
60.59375;MPIB2;46.21247901170025;32.35030374611961;0.815656304359436;-0.5707020163536072;0.09441480785608292;[];
60.59375;MPIB1;15.46068438872237;38.401119879430894;0.9407045245170593;-0.33869463205337524;0.017318228259682655;[];
60.59375;MPIB4;56.94874159146116;49.81561072663794;0.6081992387771606;-0.21807213127613068;0.763215184211731;[];
60.59375;MPIB3;55.924342271987825;19.523007340483048;0.2632962465286255;-0.44455158710479736;-0.8561129570007324;[];
60.625;MPIB2;46.21247901170025;32.35030374611961;0.815656304359436;-0.5707020163536072;0.09441480785608292;[];
60.625;MPIB1;15.46068438872237;38.401119879430894;0.9433801770210266;-0.3312872350215912;0.014924743212759495;[];
60.625;MPIB4;56.94874159146116;49.81561072663794;0.6081992387771606;-0.21807213127613068;0.763215184211731;[];
60.625;MPIB3;55.924342271987825;19.523007340483048;0.2632962465286255;-0.44455158710479736;-0.8561129570007324;[];
60.6875;MPIB2;46.21247901170025;32.35030374611961;0.815656304359436;-0.5707020163536072;0.09441480785608292;[];
60.6875;MPIB1;15.46068438872237;38.401119879430894;0.9459558129310608;-0.3238593637943268;0.014965491369366646;[];
60.6875;MPIB4;56.94874159146116;49.81561072663794;0.6081992387771606;-0.21807213127613068;0.763215184211731;[];
60.6875;MPIB3;55.924342271987825;19.523007340483048;0.2632962465286255;-0.44455158710479736;-0.8561129570007324;[];
60.75;MPIB2;46.21247901170025;32.35030374611961;0.815656304359436;-0.5707020163536072;0.09441480785608292;[];
60.75;MPIB1;15.46068438872237;38.401119879430894;0.9476200938224792;-0.3189568817615509;0.0149918207898736;[];
60.75;MPIB4;56.94874159146116;49.81561072663794;0.6081992387771606;-0.21807213127613068;0.763215184211731;[];
60.75;MPIB3;55.924342271987825;19.523007340483048;0.2632962465286255;-0.44455158710479736;-0.8561129570007324;[];
60.78125;MPIB2;46.21247901170025;32.35030374611961;0.815656304359436;-0.5707020163536072;0.09441480785608292;[];
60.78125;MPIB1;15.46068438872237;38.401119879430894;0.9517282843589783;-0.3064810633659363;0.015056814067065716;[];
60.78125;MPIB4;56.94874159146116;49.81561072663794;0.6081992387771606;-0.21807213127613068;0.763215184211731;[];
60.78125;MPIB3;55.924342271987825;19.523007340483048;0.2632962465286255;-0.44455158710479736;-0.8561129570007324;[];
60.84375;MPIB2;46.21247901170025;32.35030374611961;0.815656304359436;-0.5707020163536072;0.09441480785608292;[];
60.84375;MPIB1;15.46068438872237;38.401119879430894;0.9533314108848572;-0.3014575242996216;0.015082176774740219;[];
60.84375;MPIB4;56.94874159146116;49.81561072663794;0.6081992387771606;-0.21807213127613068;0.763215184211731;[];
60.84375;MPIB3;55.924342271987825;19.523007340483048;0.2632962465286255;-0.44455158710479736;-0.8561129570007324;[];
60.875;MPIB2;46.21247901170025;32.35030374611961;0.815656304359436;-0.5707020163536072;0.09441480785608292;[];
60.875;MPIB1;15.46068438872237;38.401119879430894;0.954108715057373;-0.29898834228515625;0.015094473958015442;[];
60.875;MPIB4;56.94874159146116;49.81561072663794;0.6081992387771606;-0.21807213127613068;0.763215184211731;[];
60.875;MPIB3;55.924342271987825;19.523007340483048;0.2632962465286255;-0.44455158710479736;-0.8561129570007324;[];
60.9375;MPIB2;46.21247901170025;32.35030374611961;0.815656304359436;-0.5707020163536072;0.09441480785608292;[];
60.9375;MPIB1;15.46068438872237;38.401119879430894;0.9579266309738159;-0.2865208685398102;0.015154875814914703;[];
60.9375;MPIB4;56.94874159146116;49.81561072663794;0.6081992387771606;-0.21807213127613068;0.763215184211731;[];
60.9375;MPIB3;55.924342271987825;19.523007340483048;0.2632962465286255;-0.44455158710479736;-0.8561129570007324;[];
61.0;MPIB2;46.21247901170025;32.35030374611961;0.815656304359436;-0.5707020163536072;0.09441480785608292;[];
61.0;MPIB1;15.46068438872237;38.401119879430894;0.9586924910545349;-0.2839479446411133;0.01516699232161045;[];
61.0;MPIB4;56.94874159146116;49.81561072663794;0.6081992387771606;-0.21807213127613068;0.763215184211731;[];
61.0;MPIB3;55.924342271987825;19.523007340483048;0.2632962465286255;-0.44455158710479736;-0.8561129570007324;[];
61.03125;MPIB2;46.21247901170025;32.35030374611961;0.815656304359436;-0.5707020163536072;0.09441480785608292;[];
61.03125;MPIB1;15.46068438872237;38.401119879430894;0.9608955979347229;-0.276401162147522;0.01520184613764286;[];
61.03125;MPIB4;56.94874159146116;49.81561072663794;0.6081992387771606;-0.21807213127613068;0.763215184211731;[];
61.03125;MPIB3;55.924342271987825;19.523007340483048;0.2632962465286255;-0.44455158710479736;-0.8561129570007324;[];
61.09375;MPIB2;46.21247901170025;32.35030374611961;0.815656304359436;-0.5707020163536072;0.09441480785608292;[];
61.09375;MPIB1;15.46068438872237;38.401119879430894;0.9623140096664429;-0.27142199873924255;0.015224285423755646;[];
61.09375;MPIB4;56.94874159146116;49.81561072663794;0.6081992387771606;-0.21807213127613068;0.763215184211731;[];
61.09375;MPIB3;55.924342271987825;19.523007340483048;0.2632962465286255;-0.44455158710479736;-0.8561129570007324;[];
61.125;MPIB2;46.21247901170025;32.35030374611961;0.815656304359436;-0.5707020163536072;0.09441480785608292;[];
61.125;MPIB1;15.46068438872237;38.401119879430894;0.9630392789840698;-0.2688373327255249;0.015235760249197483;[];
61.125;MPIB4;56.94874159146116;49.81561072663794;0.6081992387771606;-0.21807213127613068;0.763215184211731;[];
61.125;MPIB3;55.924342271987825;19.523007340483048;0.2632962465286255;-0.44455158710479736;-0.8561129570007324;[];
61.1875;MPIB2;46.21247901170025;32.35030374611961;0.815656304359436;-0.5707020163536072;0.09441480785608292;[];
61.1875;MPIB1;15.46068438872237;38.401119879430894;0.9630392789840698;-0.2688373327255249;0.015235760249197483;[];
61.1875;MPIB4;56.94874159146116;49.81561072663794;0.6081992387771606;-0.21807213127613068;0.763215184211731;[];
61.1875;MPIB3;55.924342271987825;19.523007340483048;0.2632962465286255;-0.44455158710479736;-0.8561129570007324;[];
61.25;MPIB2;46.21247901170025;32.35030374611961;0.815656304359436;-0.5707020163536072;0.09441480785608292;[];
61.25;MPIB1;15.46068438872237;38.401119879430894;0.9630392789840698;-0.2688373327255249;0.015235760249197483;[];
61.25;MPIB4;56.94874159146116;49.81561072663794;0.6081992387771606;-0.21807213127613068;0.763215184211731;[];
61.25;MPIB3;55.924342271987825;19.523007340483048;0.2632962465286255;-0.44455158710479736;-0.8561129570007324;[];
61.28125;MPIB2;46.21247901170025;32.35030374611961;0.815656304359436;-0.5707020163536072;0.09441480785608292;[];
61.28125;MPIB1;15.46068438872237;38.401119879430894;0.9630392789840698;-0.2688373327255249;0.015235760249197483;[];
61.28125;MPIB4;56.94874159146116;49.81561072663794;0.6081992387771606;-0.21807213127613068;0.763215184211731;[];
61.28125;MPIB3;55.924342271987825;19.523007340483048;0.2632962465286255;-0.44455158710479736;-0.8561129570007324;[];
61.34375;MPIB2;46.21247901170025;32.35030374611961;0.815656304359436;-0.5707020163536072;0.09441480785608292;[];
61.34375;MPIB1;15.46068438872237;38.401119879430894;0.9630392789840698;-0.2688373327255249;0.015235760249197483;[];
61.34375;MPIB4;56.94874159146116;49.81561072663794;0.6081992387771606;-0.21807213127613068;0.763215184211731;[];
61.34375;MPIB3;55.924342271987825;19.523007340483048;0.2632962465286255;-0.44455158710479736;-0.8561129570007324;[];
61.375;MPIB2;46.21247901170025;32.35030374611961;0.815656304359436;-0.5707020163536072;0.09441480785608292;[];
61.375;MPIB1;15.46068438872237;38.401119879430894;0.9637321829795837;-0.2663431465625763;0.015246721915900707;[];
61.375;MPIB4;56.94874159146116;49.81561072663794;0.6081992387771606;-0.21807213127613068;0.763215184211731;[];
61.375;MPIB3;55.924342271987825;19.523007340483048;0.2632962465286255;-0.44455158710479736;-0.8561129570007324;[];
61.4375;MPIB2;46.21247901170025;32.35030374611961;0.815656304359436;-0.5707020163536072;0.09441480785608292;[];
61.4375;MPIB1;15.46068438872237;38.401119879430894;0.9637321829795837;-0.2663431465625763;0.015246721915900707;[];
61.4375;MPIB4;56.94874159146116;49.81561072663794;0.6081992387771606;-0.21807213127613068;0.763215184211731;[];
61.4375;MPIB3;55.968605478410154;19.435572981588223;0.4039444327354431;-0.446954607963562;-0.798073947429657;[];
61.5;MPIB2;46.21247901170025;32.35030374611961;0.815656304359436;-0.5707020163536072;0.09441480785608292;[];
61.5;MPIB1;15.46068438872237;38.401119879430894;0.9637321829795837;-0.2663431465625763;0.015246721915900707;[];
61.5;MPIB4;56.94874159146116;49.81561072663794;0.6069150567054749;-0.21301664412021637;0.765661895275116;[];
61.5;MPIB3;56.06778981714933;19.324774284934364;0.6846734881401062;-0.446954607963562;-0.575588047504425;[];
61.53125;MPIB2;46.21247901170025;32.35030374611961;0.815656304359436;-0.5707020163536072;0.09441480785608292;[];
61.53125;MPIB1;15.463792750475818;38.401119879430894;0.9644185304641724;-0.26384714245796204;0.015257581137120724;[];
61.53125;MPIB4;56.94874159146116;49.81561072663794;0.6032201051712036;-0.210393026471138;0.7692989110946655;[];
61.53125;MPIB3;56.20427445342011;19.211120185697723;0.751436173915863;-0.446954607963562;-0.4852099120616913;[];
61.59375;MPIB2;46.21247901170025;32.35030374611961;0.8181192278862;-0.5684955716133118;0.08604595810174942;[];
61.59375;MPIB1;15.463792750475818;38.401119879430894;0.9664634466171265;-0.25625601410865784;0.015289932489395142;[];
61.59375;MPIB4;56.94874159146116;49.81561072663794;0.6012266874313354;-0.210393026471138;0.7708578705787659;[];
61.59375;MPIB3;56.364799010307024;19.10208290095767;0.789033055305481;-0.4375820457935333;-0.4310547113418579;[];
61.625;MPIB2;46.21247901170025;32.35030374611961;0.8219007849693298;-0.5642287731170654;0.07768931984901428;[];
61.625;MPIB1;15.463792750475818;38.401119879430894;0.9664634466171265;-0.25625601410865784;0.015289932489395142;[];
61.625;MPIB4;56.94874159146116;49.81561072663794;0.5958033800125122;-0.20532892644405365;0.7764147520065308;[];
61.625;MPIB3;56.54089931744079;19.00035958296624;0.8135868906974792;-0.43283456563949585;-0.38806602358818054;[];
61.6875;MPIB2;46.21247901170025;32.35030374611961;0.8236046433448792;-0.5620104074478149;0.07569987326860428;[];
61.6875;MPIB1;15.463792750475818;38.401119879430894;0.9664634466171265;-0.25625601410865784;0.015289932489395142;[];
61.6875;MPIB4;56.94874159146116;49.81561072663794;0.5958033800125122;-0.20532892644405365;0.7764147520065308;[];
61.6875;MPIB3;56.72572521528673;18.903096697400542;0.8166335225105286;-0.4304995536804199;-0.38424617052078247;[];
61.75;MPIB2;46.21247901170025;32.35030374611961;0.8254392743110657;-0.5598674416542053;0.07148122042417526;[];
61.75;MPIB1;15.463792750475818;38.401119879430894;0.9664634466171265;-0.25625601410865784;0.015289932489395142;[];
61.75;MPIB4;56.94874159146116;49.81561072663794;0.592020571231842;-0.20279480516910553;0.7799665331840515;[];
61.75;MPIB3;56.91553010135476;18.808728853165633;0.818612277507782;-0.4304995536804199;-0.38001298904418945;[];
61.78125;MPIB2;46.21247901170025;32.35030374611961;0.8272401690483093;-0.5577207207679749;0.06732417643070221;[];
61.78125;MPIB1;15.463792750475818;38.401119879430894;0.9664634466171265;-0.25625601410865784;0.015289932489395142;[];
61.78125;MPIB4;56.94874159146116;49.81561072663794;0.5844672918319702;-0.19762851297855377;0.7869585752487183;[];
61.78125;MPIB3;57.1080535153078;18.71594170168092;0.8196577429771423;-0.42807504534721375;-0.3804982900619507;[];
61.84375;MPIB2;46.21247901170025;32.35030374611961;0.8296345472335815;-0.5555702447891235;0.054403748363256454;[];
61.84375;MPIB1;15.463792750475818;38.401119879430894;0.9671237468719482;-0.25375300645828247;0.015300378203392029;[];
61.84375;MPIB4;56.94874159146116;49.81561072663794;0.5844672918319702;-0.19762851297855377;0.7869585752487183;[];
61.84375;MPIB3;57.30206124565848;18.624017608538082;0.8226854205131531;-0.42095696926116943;-0.3819037973880768;[];
61.875;MPIB2;46.21247901170025;32.35030374611961;0.8297725319862366;-0.5555702447891235;0.05225598067045212;[];
61.875;MPIB1;15.463792750475818;38.401119879430894;0.9671237468719482;-0.25375300645828247;0.015300378203392029;[];
61.875;MPIB4;56.94874159146116;49.81561072663794;0.5806863903999329;-0.19509032368659973;0.7903837561607361;[];
61.875;MPIB3;57.49666459771652;18.53210510036115;0.8216801881790161;-0.4186075031757355;-0.38662075996398926;[];
61.9375;MPIB2;46.21247901170025;32.35030374611961;0.8315227031707764;-0.5533362030982971;0.04796556383371353;[];
61.9375;MPIB1;15.463792750475818;38.401119879430894;0.9671237468719482;-0.25375300645828247;0.015300378203392029;[];
61.9375;MPIB4;56.94874159146116;49.81561072663794;0.5806863903999329;-0.19509032368659973;0.7903837561607361;[];
61.9375;MPIB3;57.60291804028179;18.481920865067508;0.8186147212982178;-0.4186075031757355;-0.3930688202381134;[];
62.0;MPIB2;46.21247901170025;32.35030374611961;0.8326197266578674;-0.5533362030982971;0.02179758995771408;[];
62.0;MPIB1;15.463792750475818;38.401119879430894;0.9671237468719482;-0.25375300645828247;0.015300378203392029;[];
62.0;MPIB4;56.94874159146116;49.81561072663794;0.5806863903999329;-0.19509032368659973;0.7903837561607361;[];
62.0;MPIB3;57.66093242666102;18.45452026941453;0.8175942897796631;-0.4186075031757355;-0.3951866328716278;[];
62.03125;MPIB2;46.21247901170025;32.35030374611961;0.8229900002479553;-0.5533362030982971;-0.12813355028629303;[];
62.03125;MPIB1;15.561780327794963;38.40267009402885;0.9671237468719482;-0.25375300645828247;0.015300378203392029;[];
62.03125;MPIB4;56.94874159146116;49.81561072663794;0.5806863903999329;-0.19509032368659973;0.7903837561607361;[];
62.03125;MPIB3;57.69260828530332;18.43955954245027;0.8145226836204529;-0.42095696926116943;-0.399014413356781;[];
62.09375;MPIB2;46.303069667503934;32.39265147532569;0.78294438123703;-0.5533362030982971;-0.2841281294822693;[];
62.09375;MPIB1;15.713264762504423;38.40447395339868;0.9677587151527405;-0.2511554956436157;0.017816292122006416;[];
62.09375;MPIB4;56.94874159146116;49.81561072663794;0.5785625576972961;-0.19509032368659973;0.7919397354125977;[];
62.09375;MPIB3;57.69260828530332;18.43955954245027;0.8135047554969788;-0.4233904778957367;-0.3985157608985901;[];
62.125;MPIB2;46.45145962447823;32.43037999652719;0.6778014898300171;-0.5358073711395264;-0.5033972859382629;[];
62.125;MPIB1;15.89395346305048;38.40653144543319;0.9683563113212585;-0.24864903092384338;0.020334947854280472;[];
62.125;MPIB4;56.94874159146116;49.81561072663794;0.5744547843933105;-0.19509032368659973;0.7949244379997253;[];
62.125;MPIB3;57.69260828530332;18.43955954245027;0.8115250468254089;-0.42807504534721375;-0.3975459635257721;[];
62.1875;MPIB2;46.632085008013796;32.44209442141758;0.5521359443664551;-0.5089951753616333;-0.6602922081947327;[];
62.1875;MPIB1;16.090587694595342;38.4085889374677;0.9683563113212585;-0.24864903092384338;0.020334947854280472;[];
62.1875;MPIB4;56.94874159146116;49.81561072663794;0.5744547843933105;-0.19509032368659973;0.7949244379997253;[];
62.1875;MPIB3;57.72450231222615;18.42693095146322;0.8104900121688843;-0.4304995536804199;-0.39703890681266785;[];
62.25;MPIB2;46.82531699113598;32.41610456773168;0.38556748628616333;-0.4816797375679016;-0.7869189381599426;[];
62.25;MPIB1;16.29592818707681;38.41064642950221;0.9683563113212585;-0.24864903092384338;0.020334947854280472;[];
62.25;MPIB4;56.94874159146116;49.81561072663794;0.5723187327384949;-0.19509032368659973;0.796463668346405;[];
62.25;MPIB3;57.72450231222615;18.42693095146322;0.8104900121688843;-0.4304995536804199;-0.39703890681266785;[];
62.28125;MPIB2;47.021964663320986;32.36076861735111;0.3106814920902252;-0.4771362841129303;-0.822032630443573;[];
62.28125;MPIB1;16.50602229858191;38.41270392153672;0.9683563113212585;-0.24864903092384338;0.020334947854280472;[];
62.28125;MPIB4;56.94874159146116;49.81561072663794;0.5723187327384949;-0.19509032368659973;0.796463668346405;[];
62.28125;MPIB3;57.72450231222615;18.42693095146322;0.8104900121688843;-0.4304995536804199;-0.39703890681266785;[];
62.34375;MPIB2;47.15815061176883;32.23688758835536;0.25949621200561523;-0.47021257877349854;-0.8434940576553345;[];
62.34375;MPIB1;16.71871188637533;38.41476141357123;0.9683563113212585;-0.24864903092384338;0.020334947854280472;[];
62.34375;MPIB4;56.94874159146116;49.81561072663794;0.5681876540184021;-0.19509032368659973;0.7994159460067749;[];
62.34375;MPIB3;57.72450231222615;18.42693095146322;0.8104900121688843;-0.4304995536804199;-0.39703890681266785;[];
62.375;MPIB2;47.25463959873244;32.073780233615906;0.19985508918762207;-0.46555230021476746;-0.8621136546134949;[];
62.375;MPIB1;16.93281860438674;38.41681890560574;0.9670315384864807;-0.25375300645828247;0.020307129248976707;[];
62.375;MPIB4;56.94874159146116;49.81561072663794;0.568489134311676;-0.19245673716068268;0.7998401522636414;[];
62.375;MPIB3;57.72450231222615;18.42693095146322;0.8104900121688843;-0.4304995536804199;-0.39703890681266785;[];
62.4375;MPIB2;47.320623212684595;31.887630397959697;0.12108824402093887;-0.45157986879348755;-0.8839321732521057;[];
62.4375;MPIB1;17.14769907558707;38.41887639764025;0.9643266201019287;-0.26384714245796204;0.02025032788515091;[];
62.4375;MPIB4;56.94874159146116;49.81561072663794;0.568489134311676;-0.19245673716068268;0.7998401522636414;[];
62.4375;MPIB3;57.72450231222615;18.42693095146322;0.8104900121688843;-0.4304995536804199;-0.39703890681266785;[];
62.5;MPIB2;47.36357846160738;31.688237791957505;0.0631563812494278;-0.44926875829696655;-0.8911183476448059;[];
62.5;MPIB1;17.363002016077644;38.42093388967476;0.9600585103034973;-0.2789800465106964;0.020160699263215065;[];
62.5;MPIB4;56.94874159146116;49.81561072663794;0.5603823661804199;-0.18991589546203613;0.8061437606811523;[];
62.5;MPIB3;57.72450231222615;18.42693095146322;0.8104900121688843;-0.4304995536804199;-0.39703890681266785;[];
62.53125;MPIB2;47.39088324722833;31.481445131797983;0.035152725875377655;-0.446954607963562;-0.8938227891921997;[];
62.53125;MPIB1;17.578535624827396;38.42299138170927;0.9555811882019043;-0.2939523458480835;0.020066678524017334;[];
62.53125;MPIB4;56.94874159146116;49.81561072663794;0.5022390484809875;-0.1873737871646881;0.8441632986068726;[];
62.53125;MPIB3;57.72450231222615;18.42693095146322;0.8104900121688843;-0.4304995536804199;-0.39703890681266785;[];
62.59375;MPIB2;47.40784915394353;31.27055793548297;0.01878015510737896;-0.446954607963562;-0.8943166136741638;[];
62.59375;MPIB1;17.794195178461337;38.425048873743776;0.9540177583694458;-0.29898834228515625;0.02003384754061699;[];
62.59375;MPIB4;56.98553161967561;49.906442945165736;0.3697327673435211;-0.1744559109210968;0.9125950932502747;[];
62.59375;MPIB3;57.72450231222615;18.42693095146322;0.8104900121688843;-0.4304995536804199;-0.39703890681266785;[];
62.625;MPIB2;47.41762929739683;31.05741488639046;0.0047291661612689495;-0.44223135709762573;-0.8968461751937866;[];
62.625;MPIB1;18.00992349801004;38.427106365778286;0.9532405138015747;-0.3014575242996216;0.020017525181174278;[];
62.625;MPIB4;57.032462398575035;50.050289287857254;0.2700422406196594;-0.16935580968856812;0.9478204846382141;[];
62.625;MPIB3;57.72450231222615;18.42693095146322;0.8104900121688843;-0.4304995536804199;-0.39703890681266785;[];
62.6875;MPIB2;47.42296925634258;30.94103876806855;0.0047291661612689495;-0.44223135709762573;-0.8968461751937866;[];
62.6875;MPIB1;18.225689363752622;38.429163857812796;0.9516375660896301;-0.3064810633659363;0.019983863458037376;[];
62.6875;MPIB4;57.07493343499323;50.22537049188921;0.169513538479805;-0.16935580968856812;0.9708510637283325;[];
62.6875;MPIB3;57.72450231222615;18.42693095146322;0.8104900121688843;-0.4304995536804199;-0.39703890681266785;[];
62.75;MPIB2;47.42296925634258;30.87749740008431;0.0047291661612689495;-0.44223135709762573;-0.8968461751937866;[];
62.75;MPIB1;18.441469828859567;38.431484361861635;0.950783908367157;-0.30894404649734497;0.022519560530781746;[];
62.75;MPIB4;57.11192573496032;50.41798789535159;0.13890478014945984;-0.16935580968856812;0.9757007956504822;[];
62.75;MPIB3;57.72450231222615;18.42693095146322;0.8104900121688843;-0.4304995536804199;-0.39703890681266785;[];
62.78125;MPIB2;47.42296925634258;30.842803809135148;0.0047291661612689495;-0.44223135709762573;-0.8968461751937866;[];
62.78125;MPIB1;18.55928597649256;38.431484361861635;0.9481967687606812;-0.31641149520874023;0.027370672672986984;[];
62.78125;MPIB4;57.14516346381197;50.6202855799375;0.13134709000587463;-0.16415658593177795;0.977634608745575;[];
62.78125;MPIB3;57.72450231222615;18.42693095146322;0.8104900121688843;-0.4304995536804199;-0.39703890681266785;[];
62.84375;MPIB2;47.42296925634258;30.842803809135148;0.0047291661612689495;-0.44223135709762573;-0.8968461751937866;[];
62.84375;MPIB1;18.62361360057207;38.431484361861635;0.945603609085083;-0.3238593637943268;0.02983657829463482;[];
62.84375;MPIB4;57.17635119659644;50.827868698630795;0.13134709000587463;-0.16415658593177795;0.977634608745575;[];
62.84375;MPIB3;57.72450231222615;18.42693095146322;0.8104900121688843;-0.4304995536804199;-0.39703890681266785;[];
62.875;MPIB2;47.42296925634258;30.842803809135148;0.0047291661612689495;-0.44223135709762573;-0.8968461751937866;[];
62.875;MPIB1;18.658736487399096;38.431484361861635;0.9447622895240784;-0.32630735635757446;0.02981003187596798;[];
62.875;MPIB4;57.206419631398376;51.03833766468193;0.13134709000587463;-0.16415658593177795;0.977634608745575;[];
62.875;MPIB3;57.72450231222615;18.42693095146322;0.8104900121688843;-0.4304995536804199;-0.39703890681266785;[];
62.9375;MPIB2;47.42296925634258;30.807871265197377;0.0047291661612689495;-0.44223135709762573;-0.8968461751937866;[];
62.9375;MPIB1;18.658736487399096;38.431484361861635;0.9429486989974976;-0.3312872350215912;0.03219635412096977;[];
62.9375;MPIB4;57.23587692943079;51.250382303573446;0.13134709000587463;-0.16415658593177795;0.977634608745575;[];
62.9375;MPIB3;57.72450231222615;18.42693095146322;0.8104900121688843;-0.4304995536804199;-0.39703890681266785;[];
63.0;MPIB2;47.42296925634258;30.807871265197377;0.0047291661612689495;-0.44223135709762573;-0.8968461751937866;[];
63.0;MPIB1;18.658736487399096;38.431484361861635;0.9420881867408752;-0.33372852206230164;0.0321669727563858;[];
63.0;MPIB4;57.263219851466374;51.46350974917354;0.11342373490333557;-0.16415658593177795;0.9798758029937744;[];
63.0;MPIB3;57.72450231222615;18.42693095146322;0.8104900121688843;-0.4304995536804199;-0.39703890681266785;[];
63.03125;MPIB2;47.42296925634258;30.807871265197377;0.0047291661612689495;-0.44223135709762573;-0.8968461751937866;[];
63.03125;MPIB1;18.69410128400102;38.431484361861635;0.941102921962738;-0.3362579047679901;0.03457252308726311;[];
63.03125;MPIB4;57.28122095695835;51.67782918487163;0.031014403328299522;-0.16415658593177795;0.985930860042572;[];
63.03125;MPIB3;57.72450231222615;18.42693095146322;0.8104900121688843;-0.4304995536804199;-0.39703890681266785;[];
63.09375;MPIB2;47.42296925634258;30.807871265197377;0.0047291661612689495;-0.44223135709762573;-0.8968461751937866;[];
63.09375;MPIB1;18.69410128400102;38.431484361861635;0.941102921962738;-0.3362579047679901;0.03457252308726311;[];
63.09375;MPIB4;57.28207990923215;51.89243625378643;-0.08995010703802109;-0.1847361922264099;0.9786453247070312;[];
63.09375;MPIB3;57.72450231222615;18.42693095146322;0.8104900121688843;-0.4304995536804199;-0.39703890681266785;[];
63.125;MPIB2;47.42296925634258;30.807871265197377;0.0047291661612689495;-0.44223135709762573;-0.8968461751937866;[];
63.125;MPIB1;18.69410128400102;38.431484361861635;0.941102921962738;-0.3362579047679901;0.03457252308726311;[];
63.125;MPIB4;57.26826749765564;52.106633455778194;-0.13830552995204926;-0.19245673716068268;0.9714915156364441;[];
63.125;MPIB3;57.72450231222615;18.42693095146322;0.8104900121688843;-0.4304995536804199;-0.39703890681266785;[];
63.1875;MPIB2;47.42296925634258;30.807871265197377;0.0047291661612689495;-0.44223135709762573;-0.8968461751937866;[];
63.1875;MPIB1;18.69410128400102;38.431484361861635;0.941102921962738;-0.3362579047679901;0.03457252308726311;[];
63.1875;MPIB4;57.24640210063012;52.32053268497299;-0.143426313996315;-0.19245673716068268;0.9707487225532532;[];
63.1875;MPIB3;57.72450231222615;18.42693095146322;0.8104900121688843;-0.4304995536804199;-0.39703890681266785;[];
63.25;MPIB2;47.42296925634258;30.807871265197377;0.0047291661612689495;-0.44223135709762573;-0.8968461751937866;[];
63.25;MPIB1;18.69410128400102;38.431484361861635;0.941102921962738;-0.3362579047679901;0.03457252308726311;[];
63.25;MPIB4;57.219378056412324;52.53415361779318;-0.15105348825454712;-0.19245673716068268;0.9695911407470703;[];
63.25;MPIB3;57.72450231222615;18.42693095146322;0.8104900121688843;-0.4304995536804199;-0.39703890681266785;[];
63.28125;MPIB2;47.42296925634258;30.807871265197377;0.0047291661612689495;-0.44223135709762573;-0.8968461751937866;[];
63.28125;MPIB1;18.69410128400102;38.431484361861635;0.941102921962738;-0.3362579047679901;0.03457252308726311;[];
63.28125;MPIB4;57.18953739050016;52.7476226007752;-0.15105348825454712;-0.19245673716068268;0.9695911407470703;[];
63.28125;MPIB3;57.72450231222615;18.42693095146322;0.8104900121688843;-0.4304995536804199;-0.39703890681266785;[];
63.34375;MPIB2;47.42296925634258;30.807871265197377;0.0047291661612689495;-0.44223135709762573;-0.8968461751937866;[];
63.34375;MPIB1;18.69410128400102;38.431484361861635;0.941102921962738;-0.3362579047679901;0.03457252308726311;[];
63.34375;MPIB4;57.158158848964376;52.96100861913595;-0.15105348825454712;-0.19245673716068268;0.9695911407470703;[];
63.34375;MPIB3;57.72450231222615;18.42693095146322;0.8104900121688843;-0.4304995536804199;-0.39703890681266785;[];
63.375;MPIB2;47.42296925634258;30.807871265197377;0.0047291661612689495;-0.44223135709762573;-0.8968461751937866;[];
63.375;MPIB1;18.69410128400102;38.431484361861635;0.941102921962738;-0.3362579047679901;0.03457252308726311;[];
63.375;MPIB4;57.14102616329592;53.077517398693715;-0.15105348825454712;-0.19245673716068268;0.9695911407470703;[];
63.375;MPIB3;57.72450231222615;18.42693095146322;0.8104900121688843;-0.4304995536804199;-0.39703890681266785;[];
63.4375;MPIB2;47.42296925634258;30.807871265197377;0.0047291661612689495;-0.44223135709762573;-0.8968461751937866;[];
63.4375;MPIB1;18.79515634998313;38.43508208005949;0.941102921962738;-0.3362579047679901;0.03457252308726311;[];
63.4375;MPIB4;57.13167171583427;53.14113119972117;-0.15105348825454712;-0.19245673716068268;0.9695911407470703;[];
63.4375;MPIB3;57.72450231222615;18.42693095146322;0.8104900121688843;-0.4304995536804199;-0.39703890681266785;[];
63.5;MPIB2;47.42296925634258;30.807871265197377;0.0047291661612689495;-0.44223135709762573;-0.8968461751937866;[];
63.5;MPIB1;18.946561675452585;38.43867979825734;0.941102921962738;-0.3362579047679901;0.03457252308726311;[];
63.5;MPIB4;57.126564186927;53.175864339116515;-0.15356285870075226;-0.19245673716068268;0.9691969156265259;[];
63.5;MPIB3;57.72450231222615;18.42693095146322;0.8104900121688843;-0.4304995536804199;-0.39703890681266785;[];
63.53125;MPIB2;47.42296925634258;30.807871265197377;0.0047291661612689495;-0.44223135709762573;-0.8968461751937866;[];
63.53125;MPIB1;19.127162575722537;38.44227751645519;0.941102921962738;-0.3362579047679901;0.03457252308726311;[];
63.53125;MPIB4;57.126564186927;53.175864339116515;-0.15356285870075226;-0.19245673716068268;0.9691969156265259;[];
63.53125;MPIB3;57.72450231222615;18.42693095146322;0.8104900121688843;-0.4304995536804199;-0.39703890681266785;[];
63.59375;MPIB2;47.42296925634258;30.807871265197377;0.0047291661612689495;-0.44223135709762573;-0.8968461751937866;[];
63.59375;MPIB1;19.225770678723507;38.44227751645519;0.9402297139167786;-0.33869463205337524;0.03454044461250305;[];
63.59375;MPIB4;57.126564186927;53.175864339116515;-0.15356285870075226;-0.19245673716068268;0.9691969156265259;[];
63.59375;MPIB3;57.72450231222615;18.42693095146322;0.8104900121688843;-0.4304995536804199;-0.39703890681266785;[];
63.625;MPIB2;47.42296925634258;30.807871265197377;0.0047291661612689495;-0.44223135709762573;-0.8968461751937866;[];
63.625;MPIB1;19.279610709215717;38.44227751645519;0.9384313821792603;-0.34365129470825195;0.03447438031435013;[];
63.625;MPIB4;57.126564186927;53.2108367038914;-0.15356285870075226;-0.19245673716068268;0.9691969156265259;[];
63.625;MPIB3;57.72450231222615;18.42693095146322;0.8104900121688843;-0.4304995536804199;-0.39703890681266785;[];
63.6875;MPIB2;47.42296925634258;30.807871265197377;0.0047291661612689495;-0.44223135709762573;-0.8968461751937866;[];
63.6875;MPIB1;19.279610709215717;38.44227751645519;0.9384313821792603;-0.34365129470825195;0.03447438031435013;[];
63.6875;MPIB4;57.126564186927;53.2108367038914;-0.15356285870075226;-0.19245673716068268;0.9691969156265259;[];
63.6875;MPIB3;57.72450231222615;18.42693095146322;0.8104900121688843;-0.4304995536804199;-0.39703890681266785;[];
63.75;MPIB2;47.42296925634258;30.807871265197377;0.0047291661612689495;-0.44223135709762573;-0.8968461751937866;[];
63.75;MPIB1;19.325057947537744;38.44227751645519;0.9375390410423279;-0.34608107805252075;0.03444160148501396;[];
63.75;MPIB4;57.126564186927;53.2108367038914;-0.15356285870075226;-0.19245673716068268;0.9691969156265259;[];
63.75;MPIB3;57.72450231222615;18.42693095146322;0.8104900121688843;-0.4304995536804199;-0.39703890681266785;[];
63.78125;MPIB2;47.42296925634258;30.807871265197377;0.0047291661612689495;-0.44223135709762573;-0.8968461751937866;[];
63.78125;MPIB1;19.325057947537744;38.44227751645519;0.9338728189468384;-0.3558664619922638;0.03430691733956337;[];
63.78125;MPIB4;57.126564186927;53.2108367038914;-0.15356285870075226;-0.19245673716068268;0.9691969156265259;[];
63.78125;MPIB3;57.72450231222615;18.42693095146322;0.8104900121688843;-0.4304995536804199;-0.39703890681266785;[];
63.84375;MPIB2;47.42296925634258;30.807871265197377;0.0047291661612689495;-0.44223135709762573;-0.8968461751937866;[];
63.84375;MPIB1;19.325057947537744;38.44227751645519;0.9319840669631958;-0.36078935861587524;0.03423753008246422;[];
63.84375;MPIB4;57.126564186927;53.2108367038914;-0.15356285870075226;-0.19245673716068268;0.9691969156265259;[];
63.84375;MPIB3;57.72450231222615;18.42693095146322;0.8104900121688843;-0.4304995536804199;-0.39703890681266785;[];
63.875;MPIB2;47.42296925634258;30.807871265197377;0.0047291661612689495;-0.44223135709762573;-0.8968461751937866;[];
63.875;MPIB1;19.325057947537744;38.44227751645519;0.928403913974762;-0.3705158829689026;0.026799332350492477;[];
63.875;MPIB4;57.126564186927;53.2108367038914;-0.15356285870075226;-0.19245673716068268;0.9691969156265259;[];
63.875;MPIB3;57.72450231222615;18.42693095146322;0.8104900121688843;-0.4304995536804199;-0.39703890681266785;[];
63.9375;MPIB2;47.42296925634258;30.804787935071232;0.0047291661612689495;-0.44223135709762573;-0.8968461751937866;[];
63.9375;MPIB1;19.325057947537744;38.44227751645519;0.928403913974762;-0.3705158829689026;0.026799332350492477;[];
63.9375;MPIB4;57.126564186927;53.2108367038914;-0.15356285870075226;-0.19245673716068268;0.9691969156265259;[];
63.9375;MPIB3;57.72450231222615;18.42693095146322;0.8104900121688843;-0.4304995536804199;-0.39703890681266785;[];
64.0;MPIB2;47.42296925634258;30.804787935071232;0.0047291661612689495;-0.44223135709762573;-0.8968461751937866;[];
64.0;MPIB1;19.325057947537744;38.44227751645519;0.928403913974762;-0.3705158829689026;0.026799332350492477;[];
64.0;MPIB4;57.126564186927;53.2108367038914;-0.15356285870075226;-0.19245673716068268;0.9691969156265259;[];
64.0;MPIB3;57.72450231222615;18.42693095146322;0.8104900121688843;-0.4304995536804199;-0.39703890681266785;[];
64.03125;MPIB2;47.42296925634258;30.804787935071232;0.0047291661612689495;-0.44223135709762573;-0.8968461751937866;[];
64.03125;MPIB1;19.325057947537744;38.44227751645519;0.928403913974762;-0.3705158829689026;0.026799332350492477;[];
64.03125;MPIB4;57.126564186927;53.2108367038914;-0.15356285870075226;-0.19245673716068268;0.9691969156265259;[];
64.03125;MPIB3;57.72450231222615;18.42693095146322;0.8104900121688843;-0.4304995536804199;-0.39703890681266785;[];
64.09375;MPIB2;47.42296925634258;30.804787935071232;0.0047291661612689495;-0.44223135709762573;-0.8968461751937866;[];
64.09375;MPIB1;19.325057947537744;38.44227751645519;0.928403913974762;-0.3705158829689026;0.026799332350492477;[];
64.09375;MPIB4;57.126564186927;53.2108367038914;-0.15356285870075226;-0.19245673716068268;0.9691969156265259;[];
64.09375;MPIB3;57.72450231222615;18.42693095146322;0.8104900121688843;-0.4304995536804199;-0.39703890681266785;[];
64.125;MPIB2;47.42296925634258;30.804787935071232;0.0047291661612689495;-0.44223135709762573;-0.8968461751937866;[];
64.125;MPIB1;19.325057947537744;38.44227751645519;0.9293597340583801;-0.3681102991104126;0.026826921850442886;[];
64.125;MPIB4;57.126564186927;53.2108367038914;-0.15356285870075226;-0.19245673716068268;0.9691969156265259;[];
64.125;MPIB3;57.72450231222615;18.42693095146322;0.8104900121688843;-0.4304995536804199;-0.39703890681266785;[];
64.1875;MPIB2;47.42296925634258;30.804787935071232;0.0047291661612689495;-0.44223135709762573;-0.8968461751937866;[];
64.1875;MPIB1;19.325057947537744;38.44227751645519;0.9293597340583801;-0.3681102991104126;0.026826921850442886;[];
64.1875;MPIB4;57.126564186927;53.2108367038914;-0.15356285870075226;-0.19245673716068268;0.9691969156265259;[];
64.1875;MPIB3;57.72450231222615;18.42693095146322;0.8611896634101868;-0.4351666569709778;-0.2624192535877228;[];
64.25;MPIB2;47.42296925634258;30.804787935071232;0.0047291661612689495;-0.44223135709762573;-0.8968461751937866;[];
64.25;MPIB1;19.325057947537744;38.44227751645519;0.9293597340583801;-0.3681102991104126;0.026826921850442886;[];
64.25;MPIB4;57.126564186927;53.2108367038914;-0.15356285870075226;-0.19245673716068268;0.9691969156265259;[];
64.25;MPIB3;57.72450231222615;18.42693095146322;0.8767521381378174;-0.3874613642692566;0.2847996950149536;[];
64.28125;MPIB2;47.42296925634258;30.804787935071232;0.0047291661612689495;-0.44223135709762573;-0.8968461751937866;[];
64.28125;MPIB1;19.325057947537744;38.44227751645519;0.9293597340583801;-0.3681102991104126;0.026826921850442886;[];
64.28125;MPIB4;57.126564186927;53.2108367038914;-0.15356285870075226;-0.19245673716068268;0.9691969156265259;[];
64.28125;MPIB3;57.72450231222615;18.42693095146322;0.735267162322998;-0.34608107805252075;0.582707405090332;[];
64.34375;MPIB2;47.42296925634258;30.804787935071232;0.0047291661612689495;-0.44223135709762573;-0.8968461751937866;[];
64.34375;MPIB1;19.325057947537744;38.44227751645519;0.9293597340583801;-0.3681102991104126;0.026826921850442886;[];
64.34375;MPIB4;57.126564186927;53.2108367038914;-0.15356285870075226;-0.19245673716068268;0.9691969156265259;[];
64.34375;MPIB3;57.79984439371333;18.489594037221906;0.7227141857147217;-0.3411290943622589;0.6010437607765198;[];
64.375;MPIB2;47.42296925634258;30.804787935071232;0.0047291661612689495;-0.44223135709762573;-0.8968461751937866;[];
64.375;MPIB1;19.325057947537744;38.44227751645519;0.9293597340583801;-0.3681102991104126;0.026826921850442886;[];
64.375;MPIB4;57.126564186927;53.2108367038914;-0.15356285870075226;-0.19245673716068268;0.9691969156265259;[];
64.375;MPIB3;57.91259556708519;18.59069948057578;0.6862913370132446;-0.34365129470825195;0.6409727931022644;[];
64.4375;MPIB2;47.42296925634258;30.804787935071232;0.0047291661612689495;-0.44223135709762573;-0.8968461751937866;[];
64.4375;MPIB1;19.240647584649196;38.439449823911104;0.9293597340583801;-0.3681102991104126;0.026826921850442886;[];
64.4375;MPIB4;57.126564186927;53.2108367038914;-0.15356285870075226;-0.19245673716068268;0.9691969156265259;[];
64.4375;MPIB3;58.04235608285012;18.716273941808595;0.6510255336761475;-0.3534461557865143;0.6716979742050171;[];
64.5;MPIB2;47.42296925634258;30.804787935071232;0.0047291661612689495;-0.44223135709762573;-0.8968461751937866;[];
64.5;MPIB1;19.18716201088182;38.439449823911104;0.9293597340583801;-0.3681102991104126;0.026826921850442886;[];
64.5;MPIB4;57.126564186927;53.2108367038914;-0.15356285870075226;-0.19245673716068268;0.9691969156265259;[];
64.5;MPIB3;58.18028875105642;18.856272148142295;0.6384616494178772;-0.36078935861587524;0.6798037886619568;[];
64.53125;MPIB2;47.42296925634258;30.804787935071232;0.0047291661612689495;-0.44223135709762573;-0.8968461751937866;[];
64.53125;MPIB1;19.18716201088182;38.439449823911104;0.9293597340583801;-0.3681102991104126;0.026826921850442886;[];
64.53125;MPIB4;57.126564186927;53.2108367038914;-0.15356285870075226;-0.19245673716068268;0.9691969156265259;[];
64.53125;MPIB3;58.255599996644605;18.932711177679096;0.6384616494178772;-0.36078935861587524;0.6798037886619568;[];
64.59375;MPIB2;47.42296925634258;30.804787935071232;0.0047291661612689495;-0.44223135709762573;-0.8968461751937866;[];
64.59375;MPIB1;19.14201397519946;38.439449823911104;0.9303444027900696;-0.3656129837036133;0.02685534581542015;[];
64.59375;MPIB4;57.126564186927;53.2108367038914;-0.15356285870075226;-0.19245673716068268;0.9691969156265259;[];
64.59375;MPIB3;58.29671994151204;18.9744468926539;0.6384616494178772;-0.36078935861587524;0.6798037886619568;[];
64.625;MPIB2;47.42296925634258;30.804787935071232;0.0047291661612689495;-0.44223135709762573;-0.8968461751937866;[];
64.625;MPIB1;19.14201397519946;38.439449823911104;0.9331137537956238;-0.3582844138145447;0.02944248728454113;[];
64.625;MPIB4;57.126564186927;53.21392354881414;-0.15356285870075226;-0.19245673716068268;0.9691969156265259;[];
64.625;MPIB3;58.319171434017335;18.997234595676986;0.6384616494178772;-0.36078935861587524;0.6798037886619568;[];
64.6875;MPIB2;47.42296925634258;30.804787935071232;0.0047291661612689495;-0.44223135709762573;-0.8968461751937866;[];
64.6875;MPIB1;19.14201397519946;38.439449823911104;0.9331137537956238;-0.3582844138145447;0.02944248728454113;[];
64.6875;MPIB4;57.126564186927;53.21392354881414;-0.15356285870075226;-0.19245673716068268;0.9691969156265259;[];
64.6875;MPIB3;58.319171434017335;18.997234595676986;0.6384616494178772;-0.36078935861587524;0.6798037886619568;[];
64.75;MPIB2;47.42296925634258;30.804787935071232;0.0047291661612689495;-0.44223135709762573;-0.8968461751937866;[];
64.75;MPIB1;19.14201397519946;38.439449823911104;0.9348762035369873;-0.3534461557865143;0.031920723617076874;[];
64.75;MPIB4;57.126564186927;53.21392354881414;-0.15356285870075226;-0.19245673716068268;0.9691969156265259;[];
64.75;MPIB3;58.319171434017335;18.997234595676986;0.6384616494178772;-0.36078935861587524;0.6798037886619568;[];
64.78125;MPIB2;47.42296925634258;30.804787935071232;0.0047291661612689495;-0.44223135709762573;-0.8968461751937866;[];
64.78125;MPIB1;19.14201397519946;38.439449823911104;0.9348762035369873;-0.3534461557865143;0.031920723617076874;[];
64.78125;MPIB4;57.126564186927;53.21392354881414;-0.15356285870075226;-0.19245673716068268;0.9691969156265259;[];
64.78125;MPIB3;58.34177756174745;19.020179249583293;0.6360598802566528;-0.36320239305496216;0.6807693839073181;[];
64.84375;MPIB2;47.42296925634258;30.804787935071232;0.0047291661612689495;-0.44223135709762573;-0.8968461751937866;[];
64.84375;MPIB1;19.14201397519946;38.439449823911104;0.9348762035369873;-0.3534461557865143;0.031920723617076874;[];
64.84375;MPIB4;57.126564186927;53.21392354881414;-0.15356285870075226;-0.19245673716068268;0.9691969156265259;[];
64.84375;MPIB3;58.34177756174745;19.020179249583293;0.6360598802566528;-0.36320239305496216;0.6807693839073181;[];
64.875;MPIB2;47.42296925634258;30.804787935071232;0.0047291661612689495;-0.44223135709762573;-0.8968461751937866;[];
64.875;MPIB1;19.14201397519946;38.439449823911104;0.9348762035369873;-0.3534461557865143;0.031920723617076874;[];
64.875;MPIB4;57.126564186927;53.21392354881414;-0.15356285870075226;-0.19245673716068268;0.9691969156265259;[];
64.875;MPIB3;58.34177756174745;19.020179249583293;0.6342301368713379;-0.36320239305496216;0.6824743747711182;[];
64.9375;MPIB2;47.42348601365342;30.70678930854106;0.0047291661612689495;-0.44223135709762573;-0.8968461751937866;[];
64.9375;MPIB1;19.14201397519946;38.439449823911104;0.9348762035369873;-0.3534461557865143;0.031920723617076874;[];
64.9375;MPIB4;57.126564186927;53.21392354881414;-0.15356285870075226;-0.19245673716068268;0.9691969156265259;[];
64.9375;MPIB3;58.34177756174745;19.020179249583293;0.6342301368713379;-0.36320239305496216;0.6824743747711182;[];
65.0;MPIB2;47.42400277096425;30.5552834257104;0.0047291661612689495;-0.44223135709762573;-0.8968461751937866;[];
65.0;MPIB1;19.14201397519946;38.439449823911104;0.9357876777648926;-0.35102346539497375;0.031951844692230225;[];
65.0;MPIB4;57.126564186927;53.21392354881414;-0.15356285870075226;-0.19245673716068268;0.9691969156265259;[];
65.0;MPIB3;58.34177756174745;19.020179249583293;0.631820797920227;-0.3656129837036133;0.6834210157394409;[];
65.03125;MPIB2;47.424519528275084;30.3745625775463;0.0047291661612689495;-0.44223135709762573;-0.8968461751937866;[];
65.03125;MPIB1;19.14201397519946;38.439449823911104;0.9443991780281067;-0.32630735635757446;0.039681218564510345;[];
65.03125;MPIB4;57.126564186927;53.21392354881414;-0.1586713343858719;-0.19245673716068268;0.9683736562728882;[];
65.03125;MPIB3;58.34177756174745;19.020179249583293;0.622021496295929;-0.37540847063064575;0.6870888471603394;[];
65.09375;MPIB2;47.42503628558592;30.17789035645734;0.0047291661612689495;-0.44223135709762573;-0.8968461751937866;[];
65.09375;MPIB1;19.14201397519946;38.439449823911104;0.9493798613548279;-0.3114960789680481;0.03989049419760704;[];
65.09375;MPIB4;57.126564186927;53.21392354881414;-0.1586713343858719;-0.19245673716068268;0.9683736562728882;[];
65.09375;MPIB3;58.34177756174745;19.020179249583293;0.617739200592041;-0.3778064548969269;0.6896328926086426;[];
65.125;MPIB2;47.42555304289675;29.97250868473978;0.0047291661612689495;-0.44223135709762573;-0.8968461751937866;[];
65.125;MPIB1;19.14201397519946;38.439449823911104;0.9493798613548279;-0.3114960789680481;0.03989049419760704;[];
65.125;MPIB4;57.126564186927;53.21392354881414;-0.1586713343858719;-0.19245673716068268;0.9683736562728882;[];
65.125;MPIB3;58.34177756174745;19.020179249583293;0.617739200592041;-0.3778064548969269;0.6896328926086426;[];
65.1875;MPIB2;47.426069800207586;29.76237165242665;0.0047291661612689495;-0.44223135709762573;-0.8968461751937866;[];
65.1875;MPIB1;19.14201397519946;38.439449823911104;0.9493798613548279;-0.3114960789680481;0.03989049419760704;[];
65.1875;MPIB4;57.126564186927;53.21392354881414;-0.1586713343858719;-0.19245673716068268;0.9683736562728882;[];
65.1875;MPIB3;58.34177756174745;19.020179249583293;0.617739200592041;-0.3778064548969269;0.6896328926086426;[];
65.25;MPIB2;47.42658655751842;29.54963819292675;0.0047291661612689495;-0.44223135709762573;-0.8968461751937866;[];
65.25;MPIB1;19.14201397519946;38.439449823911104;0.9493798613548279;-0.3114960789680481;0.03989049419760704;[];
65.25;MPIB4;57.126564186927;53.21392354881414;-0.1586713343858719;-0.19245673716068268;0.9683736562728882;[];
65.25;MPIB3;58.34177756174745;19.020179249583293;0.617739200592041;-0.3778064548969269;0.6896328926086426;[];
65.28125;MPIB2;47.42710331482925;29.33548708401821;0.0047291661612689495;-0.44223135709762573;-0.8968461751937866;[];
65.28125;MPIB1;19.14201397519946;38.439449823911104;0.9493798613548279;-0.3114960789680481;0.03989049419760704;[];
65.28125;MPIB4;57.126564186927;53.21392354881414;-0.1586713343858719;-0.19245673716068268;0.9683736562728882;[];
65.28125;MPIB3;58.34177756174745;19.020179249583293;0.617739200592041;-0.3778064548969269;0.6896328926086426;[];
65.34375;MPIB2;47.42762007214009;29.12056193844265;0.0047291661612689495;-0.44223135709762573;-0.8968461751937866;[];
65.34375;MPIB1;19.14201397519946;38.439449823911104;0.9493798613548279;-0.3114960789680481;0.03989049419760704;[];
65.34375;MPIB4;57.126564186927;53.21392354881414;-0.1586713343858719;-0.19245673716068268;0.9683736562728882;[];
65.34375;MPIB3;58.34177756174745;19.020179249583293;0.617739200592041;-0.3778064548969269;0.6896328926086426;[];
65.375;MPIB2;47.42839050594597;28.905215830277285;0.007050717249512672;-0.44223135709762573;-0.8968309164047241;[];
65.375;MPIB1;19.14201397519946;38.439449823911104;0.9493798613548279;-0.3114960789680481;0.03989049419760704;[];
65.375;MPIB4;57.126564186927;53.21392354881414;-0.1586713343858719;-0.19245673716068268;0.9683736562728882;[];
65.375;MPIB3;58.34177756174745;19.020179249583293;0.617739200592041;-0.3778064548969269;0.6896328926086426;[];
65.4375;MPIB2;47.42916093975185;28.689639876511194;0.007050717249512672;-0.44223135709762573;-0.8968309164047241;[];
65.4375;MPIB1;19.14201397519946;38.439449823911104;0.9493798613548279;-0.3114960789680481;0.03989049419760704;[];
65.4375;MPIB4;57.126564186927;53.21392354881414;-0.1586713343858719;-0.19245673716068268;0.9683736562728882;[];
65.4375;MPIB3;58.34177756174745;19.020179249583293;0.617739200592041;-0.3778064548969269;0.6896328926086426;[];
65.5;MPIB2;47.43044810415125;28.473943851055196;0.011779638938605785;-0.44223135709762573;-0.8967812657356262;[];
65.5;MPIB1;19.14201397519946;38.439449823911104;0.9493798613548279;-0.3114960789680481;0.03989049419760704;[];
65.5;MPIB4;57.126564186927;53.21392354881414;-0.16117751598358154;-0.19245673716068268;0.9679597020149231;[];
65.5;MPIB3;58.34177756174745;19.020179249583293;0.617739200592041;-0.3778064548969269;0.6896328926086426;[];
65.53125;MPIB2;47.43044810415125;28.35617380747692;0.018731314688920975;-0.45157986879348755;-0.8919907808303833;[];
65.53125;MPIB1;19.14201397519946;38.439449823911104;0.9493798613548279;-0.3114960789680481;0.03989049419760704;[];
65.53125;MPIB4;57.126564186927;53.21392354881414;-0.16117751598358154;-0.19245673716068268;0.9679597020149231;[];
65.53125;MPIB3;58.34177756174745;19.020179249583293;0.617739200592041;-0.3778064548969269;0.6896328926086426;[];
65.59375;MPIB2;47.43044810415125;28.291871356214273;0.023255396634340286;-0.45858025550842285;-0.8883047103881836;[];
65.59375;MPIB1;19.22646781844037;38.443563900871936;0.9493798613548279;-0.3114960789680481;0.03989049419760704;[];
65.59375;MPIB4;57.126564186927;53.21392354881414;-0.16618666052818298;-0.19245673716068268;0.9671123027801514;[];
65.59375;MPIB3;58.34177756174745;19.020179249583293;0.617739200592041;-0.3778064548969269;0.6896328926086426;[];
65.625;MPIB2;47.43044810415125;28.256762213746867;0.02774731069803238;-0.47021257877349854;-0.8820717930793762;[];
65.625;MPIB1;19.37784162902551;38.44767797783277;0.9493798613548279;-0.3114960789680481;0.03989049419760704;[];
65.625;MPIB4;57.126564186927;53.21392354881414;-0.16618666052818298;-0.19245673716068268;0.9671123027801514;[];
65.625;MPIB3;58.34177756174745;19.020179249583293;0.617739200592041;-0.3778064548969269;0.6896328926086426;[];
65.6875;MPIB2;47.43044810415125;28.256762213746867;0.03428709879517555;-0.48855432868003845;-0.8718127012252808;[];
65.6875;MPIB1;19.558442689469985;38.450768627908815;0.9505774974822998;-0.30894404649734497;0.029993519186973572;[];
65.6875;MPIB4;57.126564186927;53.21392354881414;-0.16878223419189453;-0.19245673716068268;0.9666627049446106;[];
65.6875;MPIB3;58.34177756174745;19.020179249583293;0.617739200592041;-0.3778064548969269;0.6896328926086426;[];
65.75;MPIB2;47.43044810415125;28.256762213746867;0.03408268094062805;-0.4977288246154785;-0.8666149973869324;[];
65.75;MPIB1;19.755029069513853;38.452826119943325;0.950840950012207;-0.30894404649734497;0.019967135041952133;[];
65.75;MPIB4;57.126564186927;53.21392354881414;-0.1737845242023468;-0.19245673716068268;0.9657759666442871;[];
65.75;MPIB3;58.34177756174745;19.020179249583293;0.617739200592041;-0.3778064548969269;0.6896328926086426;[];
65.78125;MPIB2;47.43044810415125;28.221411256169176;0.033559031784534454;-0.5202569365501404;-0.8533002734184265;[];
65.78125;MPIB1;19.960363767707236;38.45335227278554;0.9510368704795837;-0.30894404649734497;0.005106102209538221;[];
65.78125;MPIB4;57.126564186927;53.21392354881414;-0.17637649178504944;-0.19245673716068268;0.9653059244155884;[];
65.78125;MPIB3;58.34177756174745;19.020179249583293;0.617739200592041;-0.3778064548969269;0.6896328926086426;[];
65.84375;MPIB2;47.43044810415125;28.221411256169176;0.026412364095449448;-0.5424286723136902;-0.8396345376968384;[];
65.84375;MPIB1;20.17047504816503;38.45387842562775;0.9510368704795837;-0.30894404649734497;0.005106102209538221;[];
65.84375;MPIB4;57.126564186927;53.21392354881414;-0.1788746863603592;-0.19245673716068268;0.964846134185791;[];
65.84375;MPIB3;58.34177756174745;19.020179249583293;0.617739200592041;-0.3778064548969269;0.6896328926086426;[];
65.875;MPIB2;47.52844809413767;28.2182909946537;0.0;-0.5577207207679749;-0.8299751877784729;[];
65.875;MPIB1;20.383194342842103;38.45440457846996;0.9510368704795837;-0.30894404649734497;0.005106102209538221;[];
65.875;MPIB4;57.126564186927;53.21392354881414;-0.1788746863603592;-0.19245673716068268;0.964846134185791;[];
65.875;MPIB3;58.34177756174745;19.020179249583293;0.617739200592041;-0.3778064548969269;0.6896328926086426;[];
65.9375;MPIB2;47.6798475224619;28.213679443357734;-0.038779426366090775;-0.5663641095161438;-0.8231879472732544;[];
65.9375;MPIB1;20.499339091226375;38.45440457846996;0.9510471820831299;-0.30894404649734497;0.002553060185164213;[];
65.9375;MPIB4;57.126564186927;53.21392354881414;-0.1788746863603592;-0.19245673716068268;0.964846134185791;[];
65.9375;MPIB3;58.34177756174745;19.020179249583293;0.617739200592041;-0.3778064548969269;0.6896328926086426;[];
66.0;MPIB2;47.86007671952555;28.204457203170506;-0.07755159586668015;-0.5663641095161438;-0.8204437494277954;[];
66.0;MPIB1;20.56275413121;38.45440457846996;0.9485883116722107;-0.31641149520874023;0.002546459436416626;[];
66.0;MPIB4;57.126564186927;53.21392354881414;-0.1788746863603592;-0.19245673716068268;0.964846134185791;[];
66.0;MPIB3;58.34177756174745;19.020179249583293;0.617739200592041;-0.3778064548969269;0.6896328926086426;[];
66.03125;MPIB2;48.05511045652001;28.183084328755967;-0.13788147270679474;-0.5620104074478149;-0.8155022263526917;[];
66.03125;MPIB1;20.59737874706275;38.45440457846996;0.9477249979972839;-0.3189568817615509;0.005088320467621088;[];
66.03125;MPIB4;57.126564186927;53.21392354881414;-0.18395987153053284;-0.19245673716068268;0.963889479637146;[];
66.03125;MPIB3;58.34177756174745;19.020179249583293;0.617739200592041;-0.3778064548969269;0.6896328926086426;[];
66.09375;MPIB2;48.21295157646794;28.085607407063776;-0.20292158424854279;-0.5533362030982971;-0.8078078627586365;[];
66.09375;MPIB1;20.59737874706275;38.45440457846996;0.9468796253204346;-0.3214091956615448;0.007534977979958057;[];
66.09375;MPIB4;57.126564186927;53.21392354881414;-0.22405166923999786;-0.19509032368659973;0.9548318982124329;[];
66.09375;MPIB3;58.34177756174745;19.020179249583293;0.617739200592041;-0.3778064548969269;0.6896328926086426;[];
66.125;MPIB2;48.34429937141004;27.943166280844196;-0.26079386472702026;-0.5467707514762878;-0.7955756783485413;[];
66.125;MPIB1;20.59737874706275;38.45440457846996;0.9468796253204346;-0.3214091956615448;0.007534977979958057;[];
66.125;MPIB4;57.126564186927;53.21392354881414;-0.32687607407569885;-0.20279480516910553;0.9230320453643799;[];
66.125;MPIB3;58.34177756174745;19.020179249583293;0.617739200592041;-0.3778064548969269;0.6896328926086426;[];
66.1875;MPIB2;48.44641687071526;27.770126739455577;-0.38724616169929504;-0.5358073711395264;-0.7502427697181702;[];
66.1875;MPIB1;20.6322418408364;38.45440457846996;0.9468569755554199;-0.3214091956615448;0.009986035525798798;[];
66.1875;MPIB4;57.079120979573645;53.29967400198825;-0.47404569387435913;-0.20279480516910553;0.8568061590194702;[];
66.1875;MPIB3;58.34177756174745;19.020179249583293;0.617739200592041;-0.3778064548969269;0.6896328926086426;[];
66.25;MPIB2;48.515745091383884;27.57657243989871;-0.5171425938606262;-0.5179625153541565;-0.6813173890113831;[];
66.25;MPIB1;20.6322418408364;38.45440457846996;0.9468569755554199;-0.3214091956615448;0.009986035525798798;[];
66.25;MPIB4;57.0009222355834;53.42937473612605;-0.5225216150283813;-0.20279480516910553;0.8281348347663879;[];
66.25;MPIB3;58.34177756174745;19.020179249583293;0.617739200592041;-0.3778064548969269;0.6896328926086426;[];
66.28125;MPIB2;48.55700116696354;27.37094970683961;-0.5848081111907959;-0.5157464742660522;-0.6260353326797485;[];
66.28125;MPIB1;20.6322418408364;38.45440457846996;0.9468569755554199;-0.3214091956615448;0.009986035525798798;[];
66.28125;MPIB4;56.90484689598611;53.58237831977587;-0.5336482524871826;-0.20016539096832275;0.8216542601585388;[];
66.28125;MPIB3;58.34177756174745;19.020179249583293;0.617739200592041;-0.3778064548969269;0.6896328926086426;[];
66.34375;MPIB2;48.571941077628864;27.1589678461645;-0.6499804258346558;-0.5157464742660522;-0.5580736994743347;[];
66.34375;MPIB1;20.6322418408364;38.45440457846996;0.9468569755554199;-0.3214091956615448;0.009986035525798798;[];
66.34375;MPIB4;56.79836646255717;53.74768308103819;-0.5406555533409119;-0.19509032368659973;0.8182876110076904;[];
66.34375;MPIB3;58.34177756174745;19.020179249583293;0.617739200592041;-0.3778064548969269;0.6896328926086426;[];
66.375;MPIB2;48.58009826979961;27.043225736792152;-0.7184582948684692;-0.5157464742660522;-0.46662449836730957;[];
66.375;MPIB1;20.733313480229526;38.455438078772545;0.9468569755554199;-0.3214091956615448;0.009986035525798798;[];
66.375;MPIB4;56.685774449547125;53.91941828807026;-0.5452520847320557;-0.19245673716068268;0.8158580660820007;[];
66.375;MPIB3;58.34177756174745;19.020179249583293;0.617739200592041;-0.3778064548969269;0.6896328926086426;[];
66.4375;MPIB2;48.58455209724217;26.980030537734564;-0.7496491074562073;-0.5157464742660522;-0.41466495394706726;[];
66.4375;MPIB1;20.884812889608042;38.45647157907513;0.9468569755554199;-0.3214091956615448;0.009986035525798798;[];
66.4375;MPIB4;56.5694244143333;54.094381508596456;-0.5497458577156067;-0.18991589546203613;0.8134344816207886;[];
66.4375;MPIB3;58.34177756174745;19.020179249583293;0.617739200592041;-0.3778064548969269;0.6896328926086426;[];
66.5;MPIB2;48.58455209724217;26.94552595504132;-0.7712866067886353;-0.5157464742660522;-0.3728776276111603;[];
66.5;MPIB1;21.06552601604062;38.45750507937771;0.946021556854248;-0.3238593637943268;0.009977225214242935;[];
66.5;MPIB4;56.449122939707195;54.26979054319091;-0.5690590143203735;-0.1873737871646881;0.8006419539451599;[];
66.5;MPIB3;58.34177756174745;19.020179249583293;0.5732940435409546;-0.39231711626052856;0.7192718386650085;[];
66.53125;MPIB2;48.58455209724217;26.94552595504132;-0.796766459941864;-0.5224658846855164;-0.3034917414188385;[];
66.53125;MPIB1;21.16419539453352;38.45750507937771;0.9450723528862;-0.32630735635757446;0.017398638650774956;[];
66.53125;MPIB4;56.320768014109944;54.44090596869097;-0.6281552910804749;-0.1873737871646881;0.7551666498184204;[];
66.53125;MPIB3;58.34177756174745;19.020179249583293;0.5732940435409546;-0.39231711626052856;0.7192718386650085;[];
66.59375;MPIB2;48.58455209724217;26.94552595504132;-0.8202533721923828;-0.5401714444160461;-0.18791496753692627;[];
66.59375;MPIB1;21.218068881448175;38.45750507937771;0.9440880417823792;-0.32884371280670166;0.022360967472195625;[];
66.59375;MPIB4;56.1830364348898;54.60523990497987;-0.6777281165122986;-0.18991589546203613;0.7103385329246521;[];
66.59375;MPIB3;58.39686234905662;19.101227432726432;0.51474529504776;-0.4019079804420471;0.757256031036377;[];
66.625;MPIB2;48.58455209724217;26.910783721158623;-0.8208332061767578;-0.5555702447891235;-0.13223466277122498;[];
66.625;MPIB1;21.218068881448175;38.45750507937771;0.9431726932525635;-0.3312872350215912;0.024782299995422363;[];
66.625;MPIB4;56.03926646365289;54.76498306832457;-0.6869322061538696;-0.18991589546203613;0.7014415860176086;[];
66.625;MPIB3;58.47660164250442;19.22995921194328;0.4635620713233948;-0.404276967048645;0.788415789604187;[];
66.6875;MPIB2;48.57048858154177;26.810731543207055;-0.7851225137710571;-0.6087107062339783;0.11384759843349457;[];
66.6875;MPIB1;21.263544360876153;38.45750507937771;0.9431726932525635;-0.3312872350215912;0.024782299995422363;[];
66.6875;MPIB4;55.8918312775952;54.92185713154933;-0.6906213760375977;-0.18991589546203613;0.6978095769882202;[];
66.6875;MPIB3;58.56576342380754;19.386974383280318;0.4248719811439514;-0.4090942442417145;0.8074986934661865;[];
66.75;MPIB2;48.539682009954156;26.660871231527665;-0.7615281939506531;-0.6211097240447998;0.18494388461112976;[];
66.75;MPIB1;21.263544360876153;38.45750507937771;0.9431726932525635;-0.3312872350215912;0.024782299995422363;[];
66.75;MPIB4;55.74202855386602;55.07680019842502;-0.6942914128303528;-0.18991589546203613;0.6941582560539246;[];
66.75;MPIB3;58.6593949732337;19.559784045319844;0.418101042509079;-0.4114549458026886;0.8098298907279968;[];
66.78125;MPIB2;48.522861619913584;26.579047491846666;-0.7590520977973938;-0.6211097240447998;0.19485731422901154;[];
66.78125;MPIB1;21.263544360876153;38.45750507937771;0.9431726932525635;-0.3312872350215912;0.024782299995422363;[];
66.78125;MPIB4;55.66023625720959;55.161399122765516;-0.6953659057617188;-0.19509032368659973;0.6916425228118896;[];
66.78125;MPIB3;58.7554670163388;19.74121750028462;0.4161053001880646;-0.42095696926116943;0.8059642910957336;[];
66.84375;MPIB2;48.513677685884694;26.53437172479164;-0.7564561367034912;-0.6231363415718079;0.19844841957092285;[];
66.84375;MPIB1;21.263544360876153;38.45750507937771;0.9431726932525635;-0.3312872350215912;0.024782299995422363;[];
66.84375;MPIB4;55.61557765804787;55.20759014082063;-0.6971539855003357;-0.19509032368659973;0.6898401975631714;[];
66.84375;MPIB3;58.852871569147055;19.92735954673347;0.4130169451236725;-0.4351666569709778;0.7999824285507202;[];
66.875;MPIB2;48.513677685884694;26.53437172479164;-0.7527245283126831;-0.6252336502075195;0.2059004008769989;[];
66.875;MPIB1;21.263544360876153;38.45750507937771;0.9449063539505005;-0.32630735635757446;0.024827852845191956;[];
66.875;MPIB4;55.59119406007335;55.23281043960813;-0.7007818222045898;-0.19509032368659973;0.6861544847488403;[];
66.875;MPIB3;58.95100367233795;20.116072484431243;0.4130169451236725;-0.4351666569709778;0.7999824285507202;[];
66.9375;MPIB2;48.50866325732248;26.496660189080956;-0.7478373050689697;-0.6272518038749695;0.21725748479366302;[];
66.9375;MPIB1;21.263544360876153;38.45750507937771;0.9457477927207947;-0.3238593637943268;0.024849962443113327;[];
66.9375;MPIB4;55.59119406007335;55.23281043960813;-0.7079139351844788;-0.19509032368659973;0.6787937879562378;[];
66.9375;MPIB3;59.0486121412232;20.306658403732882;0.40608254075050354;-0.42807504534721375;0.807325541973114;[];
67.0;MPIB2;48.50866325732248;26.496660189080956;-0.7384657263755798;-0.6292657256126404;0.2420729100704193;[];
67.0;MPIB1;21.263544360876153;38.45750507937771;0.9457477927207947;-0.3238593637943268;0.024849962443113327;[];
67.0;MPIB4;55.59119406007335;55.23281043960813;-0.7167683243751526;-0.19509032368659973;0.6694372892379761;[];
67.0;MPIB3;59.139643588225226;20.50115750580798;0.3584827184677124;-0.3656129837036133;0.8589248657226562;[];
67.03125;MPIB2;48.50866325732248;26.496660189080956;-0.7210707664489746;-0.6292657256126404;0.2898064851760864;[];
67.03125;MPIB1;21.263544360876153;38.45750507937771;0.9474116563796997;-0.3189568817615509;0.024893682450056076;[];
67.03125;MPIB4;55.56664251944858;55.25820444384394;-0.7319139242172241;-0.19762851297855377;0.6520796418190002;[];
67.03125;MPIB3;59.21520378050582;20.701878865906338;0.24833126366138458;-0.33869463205337524;0.907500147819519;[];
67.09375;MPIB2;48.50866325732248;26.496660189080956;-0.7116023302078247;-0.6292657256126404;0.31233471632003784;[];
67.09375;MPIB1;21.263544360876153;38.45750507937771;0.9483257532119751;-0.31641149520874023;0.022461337968707085;[];
67.09375;MPIB4;55.56664251944858;55.25820444384394;-0.7540513277053833;-0.21554511785507202;0.6204083561897278;[];
67.09375;MPIB3;59.27582724269223;20.90753801662072;0.18638058006763458;-0.33372852206230164;0.924027681350708;[];
67.125;MPIB2;48.50866325732248;26.496660189080956;-0.7099454998970032;-0.6292657256126404;0.3160826563835144;[];
67.125;MPIB1;21.263544360876153;38.45750507937771;0.950783908367157;-0.30894404649734497;0.022519560530781746;[];
67.125;MPIB4;55.56664251944858;55.25820444384394;-0.7654975056648254;-0.2232152223587036;0.6034457683563232;[];
67.125;MPIB3;59.32299117259117;21.11681222299066;0.13536284863948822;-0.33372852206230164;0.9328674674034119;[];
67.1875;MPIB2;48.50866325732248;26.496660189080956;-0.7099454998970032;-0.6292657256126404;0.3160826563835144;[];
67.1875;MPIB1;21.263544360876153;38.45750507937771;0.9515805244445801;-0.3064810633659363;0.022538427263498306;[];
67.1875;MPIB4;55.56664251944858;55.25820444384394;-0.7708757519721985;-0.2283521145582199;0.5946118831634521;[];
67.1875;MPIB3;59.3615311418971;21.328236724429814;0.12298111617565155;-0.3362579047679901;0.9336732029914856;[];
67.25;MPIB2;48.50866325732248;26.496660189080956;-0.7099454998970032;-0.6292657256126404;0.3160826563835144;[];
67.25;MPIB1;21.263544360876153;38.45750507937771;0.9524278044700623;-0.30401602387428284;0.020000457763671875;[];
67.25;MPIB4;55.56664251944858;55.25820444384394;-0.7729932069778442;-0.23338942229747772;0.5898875594139099;[];
67.25;MPIB3;59.382573967582175;21.443674515623997;0.11451670527458191;-0.36078935861587524;0.9255552291870117;[];
67.28125;MPIB2;48.50866325732248;26.496660189080956;-0.7099454998970032;-0.6292657256126404;0.3160826563835144;[];
67.28125;MPIB1;21.263544360876153;38.45750507937771;0.9524278044700623;-0.30401602387428284;0.020000457763671875;[];
67.28125;MPIB4;55.56664251944858;55.25820444384394;-0.7729932069778442;-0.23338942229747772;0.5898875594139099;[];
67.28125;MPIB3;59.3940633517409;21.506703556937026;0.10747584700584412;-0.4067308008670807;0.9071646928787231;[];
67.34375;MPIB2;48.50866325732248;26.496660189080956;-0.7099454998970032;-0.6292657256126404;0.3160826563835144;[];
67.34375;MPIB1;21.263544360876153;38.45750507937771;0.9524278044700623;-0.30401602387428284;0.020000457763671875;[];
67.34375;MPIB4;55.56664251944858;55.25820444384394;-0.7729932069778442;-0.23338942229747772;0.5898875594139099;[];
67.34375;MPIB3;59.400336556220054;21.541117417491193;0.10618643462657928;-0.4304995536804199;0.8962812423706055;[];
67.375;MPIB2;48.50866325732248;26.496660189080956;-0.7099454998970032;-0.6292657256126404;0.3160826563835144;[];
67.375;MPIB1;21.263544360876153;38.45750507937771;0.9540664553642273;-0.29898834228515625;0.01756421849131584;[];
67.375;MPIB4;55.56664251944858;55.25820444384394;-0.7729932069778442;-0.23338942229747772;0.5898875594139099;[];
67.375;MPIB3;59.400336556220054;21.541117417491193;0.09256703406572342;-0.46555230021476746;0.8801212310791016;[];
67.4375;MPIB2;48.50866325732248;26.496660189080956;-0.7099454998970032;-0.6292657256126404;0.3160826563835144;[];
67.4375;MPIB1;21.263544360876153;38.45750507937771;0.9548795819282532;-0.29651716351509094;0.015106669627130032;[];
67.4375;MPIB4;55.56664251944858;55.25820444384394;-0.7729932069778442;-0.23338942229747772;0.5898875594139099;[];
67.4375;MPIB3;59.400336556220054;21.541117417491193;0.08755842596292496;-0.47249555587768555;0.876927375793457;[];
67.5;MPIB2;48.50866325732248;26.496660189080956;-0.7099454998970032;-0.6292657256126404;0.3160826563835144;[];
67.5;MPIB1;21.263544360876153;38.45750507937771;0.9548795819282532;-0.29651716351509094;0.015106669627130032;[];
67.5;MPIB4;55.56664251944858;55.25820444384394;-0.7729932069778442;-0.23338942229747772;0.5898875594139099;[];
67.5;MPIB3;59.40376172626361;21.575768304383757;0.07342632859945297;-0.4816797375679016;0.8732194304466248;[];
67.53125;MPIB2;48.50866325732248;26.496660189080956;-0.7099454998970032;-0.6292657256126404;0.3160826563835144;[];
67.53125;MPIB1;21.37508890936988;38.459055293975666;0.9579266309738159;-0.2865208685398102;0.015154875814914703;[];
67.53125;MPIB4;55.56664251944858;55.25820444384394;-0.7729932069778442;-0.23338942229747772;0.5898875594139099;[];
67.53125;MPIB3;59.40376172626361;21.575768304383757;0.061859194189310074;-0.48403051495552063;0.8728153705596924;[];
67.59375;MPIB2;48.50866325732248;26.496660189080956;-0.7099454998970032;-0.6292657256126404;0.3160826563835144;[];
67.59375;MPIB1;21.526581547168576;38.46034245837507;0.962351381778717;-0.27142199873924255;0.012640933506190777;[];
67.59375;MPIB4;55.56664251944858;55.25820444384394;-0.7729932069778442;-0.23338942229747772;0.5898875594139099;[];
67.59375;MPIB3;59.40376172626361;21.575768304383757;0.0549955815076828;-0.48403051495552063;0.8732746839523315;[];
67.625;MPIB2;48.50866325732248;26.496660189080956;-0.7099454998970032;-0.6292657256126404;0.3160826563835144;[];
67.625;MPIB1;21.70728795138234;38.46162962277447;0.9630767107009888;-0.2688373327255249;0.012650460936129093;[];
67.625;MPIB4;55.56664251944858;55.25820444384394;-0.7730315923690796;-0.24102666974067688;0.586756706237793;[];
67.625;MPIB3;59.40376172626361;21.575768304383757;0.052734848111867905;-0.48403051495552063;0.873414158821106;[];
67.6875;MPIB2;48.50866325732248;26.496660189080956;-0.7099454998970032;-0.6292657256126404;0.3160826563835144;[];
67.6875;MPIB1;21.903945073911473;38.46291678717387;0.9630767107009888;-0.2688373327255249;0.012650460936129093;[];
67.6875;MPIB4;55.56664251944858;55.25820444384394;-0.778602123260498;-0.2511554956436157;0.5750244855880737;[];
67.6875;MPIB3;59.40376172626361;21.575768304383757;0.05039001256227493;-0.48403051495552063;0.8735525608062744;[];
67.75;MPIB2;48.50866325732248;26.496660189080956;-0.7124084234237671;-0.6292657256126404;0.3104916214942932;[];
67.75;MPIB1;22.109311289652396;38.46420395157327;0.9630767107009888;-0.2688373327255249;0.012650460936129093;[];
67.75;MPIB4;55.56664251944858;55.25820444384394;-0.7883067727088928;-0.2739124894142151;0.5509027242660522;[];
67.75;MPIB3;59.40376172626361;21.575768304383757;0.04366935044527054;-0.4816797375679016;0.8752123713493347;[];
67.78125;MPIB2;48.50866325732248;26.496660189080956;-0.7195326089859009;-0.6292657256126404;0.29360470175743103;[];
67.78125;MPIB1;22.31942883379031;38.46575416617122;0.9601500034332275;-0.2789800465106964;0.015190050937235355;[];
67.78125;MPIB4;55.56664251944858;55.25820444384394;-0.7978832125663757;-0.28146493434906006;0.5330178737640381;[];
67.78125;MPIB3;59.40376172626361;21.575768304383757;0.04373135045170784;-0.4794096350669861;0.8764550089836121;[];
67.84375;MPIB2;48.50866325732248;26.496660189080956;-0.7255114912986755;-0.6292657256126404;0.27850309014320374;[];
67.84375;MPIB1;22.53214060353423;38.46730438076918;0.9601500034332275;-0.2789800465106964;0.015190050937235355;[];
67.84375;MPIB4;55.56664251944858;55.25820444384394;-0.7972745299339294;-0.2839479446411133;0.5326111912727356;[];
67.84375;MPIB3;59.40376172626361;21.575768304383757;0.04373135045170784;-0.4794096350669861;0.8764550089836121;[];
67.875;MPIB2;48.50866325732248;26.496660189080956;-0.7311986684799194;-0.6292657256126404;0.263209730386734;[];
67.875;MPIB1;22.74606997207809;38.47372638729428;0.9529463648796082;-0.29651716351509094;0.06258174777030945;[];
67.875;MPIB4;55.56664251944858;55.25820444384394;-0.7972745299339294;-0.2839479446411133;0.5326111912727356;[];
67.875;MPIB3;59.40376172626361;21.575768304383757;0.04373135045170784;-0.4794096350669861;0.8764550089836121;[];
67.9375;MPIB2;48.50866325732248;26.485417774289346;-0.7358956933021545;-0.6292657256126404;0.249776691198349;[];
67.9375;MPIB1;22.95873100710105;38.49761243597567;0.9310383200645447;-0.3064810633659363;0.197941854596138;[];
67.9375;MPIB4;55.56664251944858;55.25820444384394;-0.7972745299339294;-0.2839479446411133;0.5326111912727356;[];
67.9375;MPIB3;59.40376172626361;21.575768304383757;0.04373135045170784;-0.4794096350669861;0.8764550089836121;[];
68.0;MPIB2;48.50866325732248;26.485417774289346;-0.7415814399719238;-0.6292657256126404;0.23235277831554413;[];
68.0;MPIB1;23.15905551126457;38.560770088519746;0.8151730895042419;-0.31641149520874023;0.4850969612598419;[];
68.0;MPIB4;55.56664251944858;55.25820444384394;-0.7972745299339294;-0.2839479446411133;0.5326111912727356;[];
68.0;MPIB3;59.40376172626361;21.575768304383757;0.04373135045170784;-0.4794096350669861;0.8764550089836121;[];
68.03125;MPIB2;48.50866325732248;26.485417774289346;-0.7527529001235962;-0.6272518038749695;0.1995609998703003;[];
68.03125;MPIB1;23.346481565759177;38.6545119649858;0.7581226825714111;-0.3064810633659363;0.5755549073219299;[];
68.03125;MPIB4;55.56664251944858;55.25820444384394;-0.7972745299339294;-0.2839479446411133;0.5326111912727356;[];
68.03125;MPIB3;59.40376172626361;21.575768304383757;0.04373135045170784;-0.4794096350669861;0.8764550089836121;[];
68.09375;MPIB2;48.50866325732248;26.485417774289346;-0.7705773711204529;-0.6169684529304504;0.15958505868911743;[];
68.09375;MPIB1;23.52639673732142;38.76556463035331;0.7554593086242676;-0.29898834228515625;0.5829516053199768;[];
68.09375;MPIB4;55.56664251944858;55.25820444384394;-0.7972745299339294;-0.2839479446411133;0.5326111912727356;[];
68.09375;MPIB3;59.40376172626361;21.575768304383757;0.04373135045170784;-0.4794096350669861;0.8764550089836121;[];
68.125;MPIB2;48.50866325732248;26.485417774289346;-0.7753258943557739;-0.61492919921875;0.14366228878498077;[];
68.125;MPIB1;23.70205570367716;38.886269624243766;0.7563759684562683;-0.2889999747276306;0.5867889523506165;[];
68.125;MPIB4;55.56664251944858;55.25820444384394;-0.7972745299339294;-0.2839479446411133;0.5326111912727356;[];
68.125;MPIB3;59.40376172626361;21.575768304383757;0.04373135045170784;-0.4794096350669861;0.8764550089836121;[];
68.1875;MPIB2;48.50866325732248;26.485417774289346;-0.778699517250061;-0.6128858327865601;0.13381017744541168;[];
68.1875;MPIB1;23.87539078172017;39.012244790119865;0.7563759684562683;-0.2889999747276306;0.5867889523506165;[];
68.1875;MPIB4;55.56664251944858;55.25820444384394;-0.7972745299339294;-0.2839479446411133;0.5326111912727356;[];
68.1875;MPIB3;59.40376172626361;21.575768304383757;0.04373135045170784;-0.4794096350669861;0.8764550089836121;[];
68.25;MPIB2;48.50866325732248;26.485417774289346;-0.7823301553726196;-0.6107624769210815;0.12180311232805252;[];
68.25;MPIB1;24.04745701659715;39.14109747023437;0.7575699090957642;-0.2839479446411133;0.587715208530426;[];
68.25;MPIB4;55.56664251944858;55.25820444384394;-0.7972745299339294;-0.2839479446411133;0.5326111912727356;[];
68.25;MPIB3;59.40376172626361;21.575768304383757;0.04373135045170784;-0.4794096350669861;0.8764550089836121;[];
68.28125;MPIB2;48.50866325732248;26.485417774289346;-0.7848252058029175;-0.6087107062339783;0.11587958037853241;[];
68.28125;MPIB1;24.218668912085832;39.27172891726147;0.7559894919395447;-0.2839479446411133;0.5897467732429504;[];
68.28125;MPIB4;55.56664251944858;55.25820444384394;-0.7972745299339294;-0.2839479446411133;0.5326111912727356;[];
68.28125;MPIB3;59.40376172626361;21.575768304383757;0.04373135045170784;-0.4794096350669861;0.8764550089836121;[];
68.34375;MPIB2;48.50866325732248;26.485417774289346;-0.7851225137710571;-0.6087107062339783;0.11384759843349457;[];
68.34375;MPIB1;24.38846283946748;39.4045316845812;0.7466813325881958;-0.2839479446411133;0.601488471031189;[];
68.34375;MPIB4;55.56664251944858;55.25820444384394;-0.7972745299339294;-0.2839479446411133;0.5326111912727356;[];
68.34375;MPIB3;59.40376172626361;21.575768304383757;0.04373135045170784;-0.4794096350669861;0.8764550089836121;[];
68.375;MPIB2;48.50866325732248;26.485417774289346;-0.7851225137710571;-0.6087107062339783;0.11384759843349457;[];
68.375;MPIB1;24.555511646636887;39.54088915088835;0.7262541055679321;-0.2889999747276306;0.6236833333969116;[];
68.375;MPIB4;55.56664251944858;55.25820444384394;-0.7972745299339294;-0.2839479446411133;0.5326111912727356;[];
68.375;MPIB3;59.40376172626361;21.575768304383757;0.04373135045170784;-0.4794096350669861;0.8764550089836121;[];
68.4375;MPIB2;48.50866325732248;26.485417774289346;-0.785711944103241;-0.6087107062339783;0.10970602929592133;[];
68.4375;MPIB1;24.646720305945564;39.61534033613975;0.7068285346031189;-0.3014575242996216;0.6398918628692627;[];
68.4375;MPIB4;55.56664251944858;55.25820444384394;-0.7972745299339294;-0.2839479446411133;0.5326111912727356;[];
68.4375;MPIB3;59.40376172626361;21.575768304383757;0.04373135045170784;-0.4794096350669861;0.8764550089836121;[];
68.5;MPIB2;48.50866325732248;26.485417774289346;-0.785711944103241;-0.6087107062339783;0.10970602929592133;[];
68.5;MPIB1;24.696520239712527;39.65599068800867;0.6776410341262817;-0.3238593637943268;0.6601961851119995;[];
68.5;MPIB4;55.56664251944858;55.25820444384394;-0.7972745299339294;-0.2839479446411133;0.5326111912727356;[];
68.5;MPIB3;59.40376172626361;21.57882677397714;0.04373135045170784;-0.4794096350669861;0.8764550089836121;[];
68.53125;MPIB2;48.50866325732248;26.485417774289346;-0.785711944103241;-0.6087107062339783;0.10970602929592133;[];
68.53125;MPIB1;24.723711006707504;39.67818578270712;0.6647821664810181;-0.32630735635757446;0.6719591021537781;[];
68.53125;MPIB4;55.56664251944858;55.25820444384394;-0.7972745299339294;-0.2839479446411133;0.5326111912727356;[];
68.53125;MPIB3;59.40376172626361;21.57882677397714;0.04373135045170784;-0.4794096350669861;0.8764550089836121;[];
68.59375;MPIB2;48.50866325732248;26.485417774289346;-0.7859932780265808;-0.6087107062339783;0.10767178237438202;[];
68.59375;MPIB1;24.723711006707504;39.67818578270712;0.6647821664810181;-0.32630735635757446;0.6719591021537781;[];
68.59375;MPIB4;55.56664251944858;55.25820444384394;-0.7972745299339294;-0.2839479446411133;0.5326111912727356;[];
68.59375;MPIB3;59.40376172626361;21.57882677397714;0.04373135045170784;-0.4794096350669861;0.8764550089836121;[];
68.625;MPIB2;48.50866325732248;26.485417774289346;-0.7859932780265808;-0.6087107062339783;0.10767178237438202;[];
68.625;MPIB1;24.723711006707504;39.67818578270712;0.6647821664810181;-0.32630735635757446;0.6719591021537781;[];
68.625;MPIB4;55.56664251944858;55.25820444384394;-0.7972745299339294;-0.2839479446411133;0.5326111912727356;[];
68.625;MPIB3;59.40376172626361;21.57882677397714;0.04373135045170784;-0.4794096350669861;0.8764550089836121;[];
68.6875;MPIB2;48.50866325732248;26.485417774289346;-0.7862794995307922;-0.6087107062339783;0.10556142777204514;[];
68.6875;MPIB1;24.7510890508006;39.7005337466839;0.6647821664810181;-0.32630735635757446;0.6719591021537781;[];
68.6875;MPIB4;55.56664251944858;55.25820444384394;-0.7972745299339294;-0.2839479446411133;0.5326111912727356;[];
68.6875;MPIB3;59.40376172626361;21.57882677397714;0.04373135045170784;-0.4794096350669861;0.8764550089836121;[];
68.75;MPIB2;48.411468481383494;26.49795467906395;-0.7868154644966125;-0.6087107062339783;0.10148931294679642;[];
68.75;MPIB1;24.7510890508006;39.7005337466839;0.6647821664810181;-0.32630735635757446;0.6719591021537781;[];
68.75;MPIB4;55.56664251944858;55.25820444384394;-0.7972745299339294;-0.2839479446411133;0.5326111912727356;[];
68.75;MPIB3;59.40376172626361;21.57882677397714;0.04373135045170784;-0.4794096350669861;0.8764550089836121;[];
68.78125;MPIB2;48.30000001192093;26.517336734640566;-0.7868154644966125;-0.6087107062339783;0.10148931294679642;[];
68.78125;MPIB1;24.7510890508006;39.7005337466839;0.6647821664810181;-0.32630735635757446;0.6719591021537781;[];
68.78125;MPIB4;55.56664251944858;55.25820444384394;-0.7972745299339294;-0.2839479446411133;0.5326111912727356;[];
68.78125;MPIB3;59.40376172626361;21.57882677397714;0.04373135045170784;-0.4794096350669861;0.8764550089836121;[];
68.84375;MPIB2;48.30000001192093;26.517336734640566;-0.7870851159095764;-0.6087107062339783;0.09937676787376404;[];
68.84375;MPIB1;24.7510890508006;39.7005337466839;0.6647821664810181;-0.32630735635757446;0.6719591021537781;[];
68.84375;MPIB4;55.56664251944858;55.25820444384394;-0.7972745299339294;-0.2839479446411133;0.5326111912727356;[];
68.84375;MPIB3;59.40376172626361;21.57882677397714;0.04373135045170784;-0.4794096350669861;0.8764550089836121;[];
68.875;MPIB2;48.30000001192093;26.564700271436067;-0.7873396873474121;-0.6087107062339783;0.09733899682760239;[];
68.875;MPIB1;24.7510890508006;39.7005337466839;0.6647821664810181;-0.32630735635757446;0.6719591021537781;[];
68.875;MPIB4;55.56664251944858;55.25820444384394;-0.7972745299339294;-0.2839479446411133;0.5326111912727356;[];
68.875;MPIB3;59.40376172626361;21.57882677397714;0.04373135045170784;-0.4794096350669861;0.8764550089836121;[];
68.9375;MPIB2;48.30000001192093;26.564700271436067;-0.7873396873474121;-0.6087107062339783;0.09733899682760239;[];
68.9375;MPIB1;24.7510890508006;39.7005337466839;0.6647821664810181;-0.32630735635757446;0.6719591021537781;[];
68.9375;MPIB4;55.56664251944858;55.25820444384394;-0.7972745299339294;-0.2839479446411133;0.5326111912727356;[];
68.9375;MPIB3;59.40376172626361;21.57882677397714;0.04373135045170784;-0.4794096350669861;0.8764550089836121;[];
69.0;MPIB2;48.20274048298597;26.615998992861478;-0.7873396873474121;-0.6087107062339783;0.09733899682760239;[];
69.0;MPIB1;24.7510890508006;39.7005337466839;0.6647821664810181;-0.32630735635757446;0.6719591021537781;[];
69.0;MPIB4;55.56664251944858;55.25820444384394;-0.7972745299339294;-0.2839479446411133;0.5326111912727356;[];
69.0;MPIB3;59.40376172626361;21.57882677397714;0.04373135045170784;-0.4794096350669861;0.8764550089836121;[];
69.03125;MPIB2;48.052346444384206;26.64190995589985;-0.7875890135765076;-0.6087107062339783;0.0953005701303482;[];
69.03125;MPIB1;24.7510890508006;39.7005337466839;0.6647821664810181;-0.32630735635757446;0.6719591021537781;[];
69.03125;MPIB4;55.56664251944858;55.25820444384394;-0.7972745299339294;-0.2839479446411133;0.5326111912727356;[];
69.03125;MPIB3;59.40376172626361;21.57882677397714;0.04373135045170784;-0.4794096350669861;0.8764550089836121;[];
69.09375;MPIB2;47.872940960134606;26.667829757100122;-0.7875890135765076;-0.6087107062339783;0.0953005701303482;[];
69.09375;MPIB1;24.7510890508006;39.7005337466839;0.6647821664810181;-0.32630735635757446;0.6719591021537781;[];
69.09375;MPIB4;55.56664251944858;55.25820444384394;-0.7993820905685425;-0.2865208685398102;0.5280542969703674;[];
69.09375;MPIB3;59.40376172626361;21.57882677397714;0.04373135045170784;-0.4794096350669861;0.8764550089836121;[];
69.125;MPIB2;47.677695224721404;26.693754383937346;-0.7875890135765076;-0.6087107062339783;0.0953005701303482;[];
69.125;MPIB1;24.7510890508006;39.7005337466839;0.6647821664810181;-0.32630735635757446;0.6719591021537781;[];
69.125;MPIB4;55.56664251944858;55.25820444384394;-0.8007463216781616;-0.2865208685398102;0.5259832739830017;[];
69.125;MPIB3;59.40376172626361;21.57882677397714;0.04373135045170784;-0.4794096350669861;0.8764550089836121;[];
69.1875;MPIB2;47.473800711168295;26.719681645572678;-0.786021888256073;-0.6107624769210815;0.0951109454035759;[];
69.1875;MPIB1;24.7510890508006;39.7005337466839;0.6647821664810181;-0.32630735635757446;0.6719591021537781;[];
69.1875;MPIB4;55.56664251944858;55.25820444384394;-0.8015315532684326;-0.2889999747276306;0.5234243869781494;[];
69.1875;MPIB3;59.40376172626361;21.57882677397714;0.04373135045170784;-0.4794096350669861;0.8764550089836121;[];
69.25;MPIB2;47.362474293837444;26.73383793206986;-0.786021888256073;-0.6107624769210815;0.0951109454035759;[];
69.25;MPIB1;24.7510890508006;39.7005337466839;0.6647821664810181;-0.32630735635757446;0.6719591021537781;[];
69.25;MPIB4;55.56664251944858;55.25820444384394;-0.8015315532684326;-0.2889999747276306;0.5234243869781494;[];
69.25;MPIB3;59.40376172626361;21.57882677397714;0.04373135045170784;-0.4794096350669861;0.8764550089836121;[];
69.28125;MPIB2;47.30169006291455;26.741567265395105;-0.7828133702278137;-0.61492919921875;0.0947227030992508;[];
69.28125;MPIB1;24.7510890508006;39.7005337466839;0.6647821664810181;-0.32630735635757446;0.6719591021537781;[];
69.28125;MPIB4;55.56664251944858;55.25820444384394;-0.8015315532684326;-0.2889999747276306;0.5234243869781494;[];
69.28125;MPIB3;59.40376172626361;21.57882677397714;0.04373135045170784;-0.4794096350669861;0.8764550089836121;[];
69.34375;MPIB2;47.17121153934061;26.757559895618954;-0.7812302112579346;-0.6169684529304504;0.09453114122152328;[];
69.34375;MPIB1;24.7510890508006;39.7005337466839;0.6647821664810181;-0.32630735635757446;0.6719591021537781;[];
69.34375;MPIB4;55.56664251944858;55.25820444384394;-0.8015315532684326;-0.2889999747276306;0.5234243869781494;[];
69.34375;MPIB3;59.40376172626361;21.57882677397714;0.04373135045170784;-0.4794096350669861;0.8764550089836121;[];
69.375;MPIB2;47.0212774037436;26.704587494160336;-0.7812302112579346;-0.6169684529304504;0.09453114122152328;[];
69.375;MPIB1;24.7510890508006;39.7005337466839;0.6647821664810181;-0.32630735635757446;0.6719591021537781;[];
69.375;MPIB4;55.56664251944858;55.25820444384394;-0.8028838038444519;-0.2889999747276306;0.5213477611541748;[];
69.375;MPIB3;59.40376172626361;21.57882677397714;0.04373135045170784;-0.4794096350669861;0.8764550089836121;[];
69.4375;MPIB2;46.86072050274814;26.61396018102937;-0.7812302112579346;-0.6169684529304504;0.09453114122152328;[];
69.4375;MPIB1;24.7510890508006;39.7005337466839;0.6517594456672668;-0.32884371280670166;0.6833826303482056;[];
69.4375;MPIB4;55.56664251944858;55.25820444384394;-0.8028838038444519;-0.2889999747276306;0.5213477611541748;[];
69.4375;MPIB3;59.40376172626361;21.57882677397714;0.04373135045170784;-0.4794096350669861;0.8764550089836121;[];
69.5;MPIB2;46.694204106394906;26.502977194952308;-0.779336154460907;-0.6190788745880127;0.09634952247142792;[];
69.5;MPIB1;24.7510890508006;39.7005337466839;0.62812739610672;-0.32884371280670166;0.7051653265953064;[];
69.5;MPIB4;55.56664251944858;55.25820444384394;-0.8028838038444519;-0.2889999747276306;0.5213477611541748;[];
69.5;MPIB3;59.40376172626361;21.57882677397714;0.04373135045170784;-0.4794096350669861;0.8764550089836121;[];
69.53125;MPIB2;46.523476619306784;26.382127375183416;-0.7777249813079834;-0.6190788745880127;0.10859084129333496;[];
69.53125;MPIB1;24.7510890508006;39.7005337466839;0.6075883507728577;-0.32884371280670166;0.7229374647140503;[];
69.53125;MPIB4;55.56664251944858;55.25820444384394;-0.8028838038444519;-0.2889999747276306;0.5213477611541748;[];
69.53125;MPIB3;59.40376172626361;21.57882677397714;0.04373135045170784;-0.4794096350669861;0.8764550089836121;[];
69.59375;MPIB2;46.349208080691675;26.257571360444842;-0.7752856612205505;-0.6190788745880127;0.124820776283741;[];
69.59375;MPIB1;24.7510890508006;39.7005337466839;0.6057149767875671;-0.32884371280670166;0.7245078682899475;[];
69.59375;MPIB4;55.56664251944858;55.25820444384394;-0.8028838038444519;-0.2889999747276306;0.5213477611541748;[];
69.59375;MPIB3;59.40376172626361;21.57882677397714;0.04373135045170784;-0.4794096350669861;0.8764550089836121;[];
69.625;MPIB2;46.171204607132246;26.13356909020962;-0.7709778547286987;-0.6190788745880127;0.14913514256477356;[];
69.625;MPIB1;24.7510890508006;39.7005337466839;0.5923470258712769;-0.32884371280670166;0.7354775667190552;[];
69.625;MPIB4;55.56664251944858;55.25820444384394;-0.8028838038444519;-0.2889999747276306;0.5213477611541748;[];
69.625;MPIB3;59.40376172626361;21.57882677397714;-0.08146297186613083;-0.4539734125137329;0.8872397541999817;[];
69.6875;MPIB2;45.98741536420551;26.015858313721196;-0.758525013923645;-0.6190788745880127;0.20319420099258423;[];
69.6875;MPIB1;24.7510890508006;39.7005337466839;0.5845577716827393;-0.32884371280670166;0.7416835427284241;[];
69.6875;MPIB4;55.56664251944858;55.25820444384394;-0.8028838038444519;-0.2889999747276306;0.5213477611541748;[];
69.6875;MPIB3;59.34130113238439;21.654342811620097;-0.5996624827384949;-0.33869463205337524;0.7250033020973206;[];
69.75;MPIB2;45.79494802855664;25.985027702061643;-0.7381404638290405;-0.6190788745880127;0.26794901490211487;[];
69.75;MPIB1;24.7510890508006;39.7005337466839;0.5767752528190613;-0.32884371280670166;0.7477517127990723;[];
69.75;MPIB4;55.56664251944858;55.25820444384394;-0.8028838038444519;-0.2889999747276306;0.5213477611541748;[];
69.75;MPIB3;59.215437016239775;21.7299836675642;-0.9024871587753296;-0.2663431465625763;0.33842146396636963;[];
69.78125;MPIB2;45.60410584560734;26.01562917177793;-0.6871508955955505;-0.6190788745880127;0.38009437918663025;[];
69.78125;MPIB1;24.7510890508006;39.7005337466839;0.5767752528190613;-0.32884371280670166;0.7477517127990723;[];
69.78125;MPIB4;55.56664251944858;55.25820444384394;-0.8028838038444519;-0.2889999747276306;0.5213477611541748;[];
69.78125;MPIB3;59.052465833128736;21.798136036559555;-0.9295915961265564;-0.25625601410865784;0.26484864950180054;[];
69.84375;MPIB2;45.499906001613944;26.03233757618375;-0.6328803300857544;-0.6190788745880127;0.4648768901824951;[];
69.84375;MPIB1;24.7510890508006;39.7005337466839;0.5767752528190613;-0.32884371280670166;0.7477517127990723;[];
69.84375;MPIB4;55.56664251944858;55.25820444384394;-0.8028838038444519;-0.2889999747276306;0.5213477611541748;[];
69.84375;MPIB3;58.86916499555855;21.861955630674743;-0.9302740693092346;-0.25625601410865784;0.2624414563179016;[];
69.875;MPIB2;45.443012880185265;26.041460366048966;-0.5696108937263489;-0.6190788745880127;0.5405474305152893;[];
69.875;MPIB1;24.7510890508006;39.7005337466839;0.5767752528190613;-0.32884371280670166;0.7477517127990723;[];
69.875;MPIB4;55.56664251944858;55.25820444384394;-0.8028838038444519;-0.2889999747276306;0.5213477611541748;[];
69.875;MPIB3;58.67476416536442;21.923409529430558;-0.9302740693092346;-0.25625601410865784;0.2624414563179016;[];
69.9375;MPIB2;45.41194923227708;26.04644140989393;-0.5146816372871399;-0.6190788745880127;0.5930858850479126;[];
69.9375;MPIB1;24.7510890508006;39.7005337466839;0.5767752528190613;-0.32884371280670166;0.7477517127990723;[];
69.9375;MPIB4;55.56664251944858;55.25820444384394;-0.8028838038444519;-0.2889999747276306;0.5213477611541748;[];
69.9375;MPIB3;58.47423417080063;21.98332751716231;-0.9303080439567566;-0.2587572932243347;0.2598530948162079;[];
70.0;MPIB2;45.31708758456295;25.986981768318117;-0.4764474034309387;-0.6190788745880127;0.6242163181304932;[];
70.0;MPIB1;24.7510890508006;39.7005337466839;0.5767752528190613;-0.32884371280670166;0.7477517127990723;[];
70.0;MPIB4;55.56664251944858;55.25820444384394;-0.8028838038444519;-0.2889999747276306;0.5213477611541748;[];
70.0;MPIB3;58.27035765210212;22.042406897377504;-0.9296596050262451;-0.2612568736076355;0.2596719563007355;[];
70.03125;MPIB2;45.30000001192093;25.898372179023625;-0.4498842656612396;-0.6190788745880127;0.6436243057250977;[];
70.03125;MPIB1;24.7510890508006;39.7005337466839;0.5767752528190613;-0.32884371280670166;0.7477517127990723;[];
70.03125;MPIB4;55.56664251944858;55.25820444384394;-0.8042306900024414;-0.2889999747276306;0.519267737865448;[];
70.03125;MPIB3;58.06472249870717;22.101272639043316;-0.9276450872421265;-0.2663431465625763;0.26169976592063904;[];
70.09375;MPIB2;45.30000001192093;25.797260281882927;-0.4208011031150818;-0.6231363415718079;0.6591919660568237;[];
70.09375;MPIB1;24.7510890508006;39.7005337466839;0.5767752528190613;-0.32884371280670166;0.7477517127990723;[];
70.09375;MPIB4;55.56664251944858;55.25820444384394;-0.8042306900024414;-0.2889999747276306;0.519267737865448;[];
70.09375;MPIB3;57.85885578998818;22.162480988163423;-0.9184496998786926;-0.2739124894142151;0.2852570116519928;[];
70.125;MPIB2;45.30000001192093;25.69438815731806;-0.380373477935791;-0.6231363415718079;0.6833181381225586;[];
70.125;MPIB1;24.7510890508006;39.7005337466839;0.5767752528190613;-0.32884371280670166;0.7477517127990723;[];
70.125;MPIB4;55.56664251944858;55.25820444384394;-0.8042306900024414;-0.2889999747276306;0.519267737865448;[];
70.125;MPIB3;57.65735018889518;22.236702301857804;-0.8639453053474426;-0.3114960789680481;0.3956158459186554;[];
70.1875;MPIB2;45.21100356429815;25.597187909800766;-0.327441543340683;-0.6231363415718079;0.7102039456367493;[];
70.1875;MPIB1;24.7510890508006;39.7005337466839;0.5767752528190613;-0.32884371280670166;0.7477517127990723;[];
70.1875;MPIB4;55.56664251944858;55.25820444384394;-0.8042306900024414;-0.2889999747276306;0.519267737865448;[];
70.1875;MPIB3;57.46686008168467;22.333163651722685;-0.7703348994255066;-0.34608107805252075;0.5354902148246765;[];
70.25;MPIB2;45.07139002752648;25.507797290311345;-0.28983286023139954;-0.6231363415718079;0.7263639569282532;[];
70.25;MPIB1;24.7510890508006;39.7005337466839;0.5767752528190613;-0.32884371280670166;0.7477517127990723;[];
70.25;MPIB4;55.56664251944858;55.25820444384394;-0.8042306900024414;-0.2889999747276306;0.519267737865448;[];
70.25;MPIB3;57.29284221876992;22.454406788087482;-0.6689072847366333;-0.35102346539497375;0.6551965475082397;[];
70.28125;MPIB2;44.99516102759495;25.458990006401024;-0.23583143949508667;-0.61492919921875;0.7524311542510986;[];
70.28125;MPIB1;24.7510890508006;39.7005337466839;0.5767752528190613;-0.32884371280670166;0.7477517127990723;[];
70.28125;MPIB4;55.56664251944858;55.25820444384394;-0.8042306900024414;-0.2889999747276306;0.519267737865448;[];
70.28125;MPIB3;57.136160419939415;22.596770181267487;-0.5892022848129272;-0.35102346539497375;0.7277088165283203;[];
70.34375;MPIB2;44.95353998879794;25.432341226290674;-0.19204585254192352;-0.6045950651168823;0.7729753851890564;[];
70.34375;MPIB1;24.7510890508006;39.7005337466839;0.5767752528190613;-0.32884371280670166;0.7477517127990723;[];
70.34375;MPIB4;55.56664251944858;55.25820444384394;-0.8455359935760498;-0.32639798521995544;0.42246201634407043;[];
70.34375;MPIB3;56.98994980001794;22.751468639564365;-0.5795934796333313;-0.35102346539497375;0.7353848814964294;[];
70.375;MPIB2;44.95353998879794;25.432341226290674;-0.11675453931093216;-0.5813601613044739;0.8051695227622986;[];
70.375;MPIB1;24.7510890508006;39.7005337466839;0.5767752528190613;-0.32884371280670166;0.7477517127990723;[];
70.375;MPIB4;55.56664251944858;55.25820444384394;-0.8997045159339905;-0.4351666569709778;0.03296532854437828;[];
70.375;MPIB3;56.84965588903697;22.913058811863692;-0.5776879191398621;-0.35102346539497375;0.7368826866149902;[];
70.4375;MPIB2;44.918406998490774;25.40984656108344;-0.0814317837357521;-0.5728257298469543;0.8155669569969177;[];
70.4375;MPIB1;24.7510890508006;39.7005337466839;0.5767752528190613;-0.32884371280670166;0.7477517127990723;[];
70.4375;MPIB4;55.56664251944858;55.25820444384394;-0.8612028360366821;-0.4816797375679016;-0.16196709871292114;[];
70.4375;MPIB3;56.71259250151252;23.078411860445414;-0.5776879191398621;-0.35102346539497375;0.7368826866149902;[];
70.5;MPIB2;44.918406998490774;25.40984656108344;-0.05595363676548004;-0.5684955716133118;0.8207266330718994;[];
70.5;MPIB1;24.7510890508006;39.7005337466839;0.5767752528190613;-0.32884371280670166;0.7477517127990723;[];
70.5;MPIB4;55.56664251944858;55.25820444384394;-0.8563438057899475;-0.48403051495552063;-0.1797458827495575;[];
70.5;MPIB3;56.577292980000266;23.245819439715945;-0.5793731212615967;-0.34365129470825195;0.7390322685241699;[];
70.53125;MPIB2;44.918406998490774;25.40984656108344;-0.027993028983473778;-0.5684955716133118;0.8221553564071655;[];
70.53125;MPIB1;24.7510890508006;39.7005337466839;0.5767752528190613;-0.32884371280670166;0.7477517127990723;[];
70.53125;MPIB4;55.56664251944858;55.25820444384394;-0.8554016947746277;-0.48403051495552063;-0.18417690694332123;[];
70.53125;MPIB3;56.442757084850655;23.414192025206546;-0.58128422498703;-0.34365129470825195;0.7375300526618958;[];
70.59375;MPIB2;44.80993466298909;25.404992144719785;-0.004337765742093325;-0.5684955716133118;0.8226203322410583;[];
70.59375;MPIB1;24.7510890508006;39.7005337466839;0.5767752528190613;-0.32884371280670166;0.7477517127990723;[];
70.59375;MPIB4;55.56664251944858;55.25820444384394;-0.8539273738861084;-0.48403051495552063;-0.19089600443840027;[];
70.59375;MPIB3;56.308638129743485;23.58309150415451;-0.58128422498703;-0.34365129470825195;0.7375300526618958;[];
70.625;MPIB2;44.65843953134624;25.403451324721885;-0.012838960625231266;-0.5771399736404419;0.8164889216423035;[];
70.625;MPIB1;24.7510890508006;39.7005337466839;0.5767752528190613;-0.32884371280670166;0.7477517127990723;[];
70.625;MPIB4;55.56664251944858;55.25820444384394;-0.8546762466430664;-0.4816797375679016;-0.19347389042377472;[];
70.625;MPIB3;56.174746823925716;23.752278666963605;-0.58128422498703;-0.34365129470825195;0.7375300526618958;[];
70.6875;MPIB2;44.57572317986152;25.403451324721885;-0.05983784422278404;-0.5771399736404419;0.8143945932388306;[];
70.6875;MPIB1;24.7510890508006;39.7005337466839;0.5767752528190613;-0.32884371280670166;0.7477517127990723;[];
70.6875;MPIB4;55.56664251944858;55.25820444384394;-0.8523040413856506;-0.4771362841129303;-0.21409903466701508;[];
70.6875;MPIB3;56.04097981463451;23.921622905179106;-0.58128422498703;-0.34365129470825195;0.7375300526618958;[];
70.75;MPIB2;44.53056004670505;25.403451324721885;-0.061718255281448364;-0.5813601613044739;0.8112462759017944;[];
70.75;MPIB1;24.7510890508006;39.7005337466839;0.5767752528190613;-0.32884371280670166;0.7477517127990723;[];
70.75;MPIB4;55.56664251944858;55.25820444384394;-0.8069436550140381;-0.47249555587768555;-0.3542739450931549;[];
70.75;MPIB3;55.90728067125474;24.091052906576465;-0.58128422498703;-0.34365129470825195;0.7375300526618958;[];
70.78125;MPIB2;44.53056004670505;25.403451324721885;-0.061718255281448364;-0.5813601613044739;0.8112462759017944;[];
70.78125;MPIB1;24.7510890508006;39.7005337466839;0.5625410079956055;-0.3214091956615448;0.7616990804672241;[];
70.78125;MPIB4;55.56664251944858;55.25820444384394;-0.7102153897285461;-0.47249555587768555;-0.5217875242233276;[];
70.78125;MPIB3;55.77361858266681;24.260529734676567;-0.58128422498703;-0.34365129470825195;0.7375300526618958;[];
70.84375;MPIB2;44.4924371174056;25.403451324721885;-0.061718255281448364;-0.5813601613044739;0.8112462759017944;[];
70.84375;MPIB1;24.7510890508006;39.7005337466839;0.5048550367355347;-0.29898834228515625;0.8097361922264099;[];
70.84375;MPIB4;55.488895807777226;55.19854334601936;-0.6991554498672485;-0.47249555587768555;-0.5365163087844849;[];
70.84375;MPIB3;55.63877408308008;24.429068837143376;-0.5939443111419678;-0.33869463205337524;0.729695200920105;[];
70.875;MPIB2;44.4924371174056;25.403451324721885;-0.061718255281448364;-0.5813601613044739;0.8112462759017944;[];
70.875;MPIB1;24.789760708243648;39.79057725420029;0.3815078139305115;-0.25625601410865784;0.8881087303161621;[];
70.875;MPIB4;55.36917081463935;55.105697913187754;-0.6968358755111694;-0.46792641282081604;-0.5434936285018921;[];
70.875;MPIB3;55.499009682056794;24.59340710674735;-0.6367583274841309;-0.3312872350215912;0.6962238550186157;[];
70.9375;MPIB2;44.4924371174056;25.403451324721885;-0.061718255281448364;-0.5813601613044739;0.8112462759017944;[];
70.9375;MPIB1;24.847883065531505;39.9304812412239;0.3658459782600403;-0.24864903092384338;0.8968189358711243;[];
70.9375;MPIB4;55.226525677158634;54.99473383133778;-0.6968358755111694;-0.46792641282081604;-0.5434936285018921;[];
70.9375;MPIB3;55.35580691567861;24.754756611974415;-0.6445825099945068;-0.32884371280670166;0.6901562809944153;[];
71.0;MPIB2;44.4924371174056;25.403451324721885;-0.061718255281448364;-0.5813601613044739;0.8112462759017944;[];
71.0;MPIB1;24.91662550616809;40.097609053220566;0.366087943315506;-0.24614089727401733;0.897412121295929;[];
71.0;MPIB4;55.07136613941293;54.87387696597469;-0.6968358755111694;-0.46792641282081604;-0.5434936285018921;[];
71.0;MPIB3;55.21072680159887;24.914474251662142;-0.6445825099945068;-0.32884371280670166;0.6901562809944153;[];
71.03125;MPIB2;44.4924371174056;25.403451324721885;-0.061718255281448364;-0.5813601613044739;0.8112462759017944;[];
71.03125;MPIB1;24.99093149187229;40.2796965918223;0.36401045322418213;-0.24353814125061035;0.8989661931991577;[];
71.03125;MPIB4;54.986649021963785;54.80788910982179;-0.6954266428947449;-0.46792641282081604;-0.5452955961227417;[];
71.03125;MPIB3;55.0646216555549;25.073300892661905;-0.6445825099945068;-0.32884371280670166;0.6901562809944153;[];
71.09375;MPIB2;44.4924371174056;25.403451324721885;-0.061718255281448364;-0.5813601613044739;0.8112462759017944;[];
71.09375;MPIB1;25.068039902827422;40.47004705504537;0.3619161546230316;-0.24102666974067688;0.9004876613616943;[];
71.09375;MPIB4;54.94039347046373;54.77185973617739;-0.6944659948348999;-0.4632597863674164;-0.5504804253578186;[];
71.09375;MPIB3;54.91776481817965;25.231461221108248;-0.6464328169822693;-0.32884371280670166;0.6884233951568604;[];
71.125;MPIB2;44.4924371174056;25.403451324721885;-0.061718255281448364;-0.5813601613044739;0.8112462759017944;[];
71.125;MPIB1;25.146198430767072;40.66510051830414;0.35716283321380615;-0.24102666974067688;0.90238356590271;[];
71.125;MPIB4;54.915137936411156;54.75218769588258;-0.6944659948348999;-0.4632597863674164;-0.5504804253578186;[];
71.125;MPIB3;54.7704975572899;25.389257742858177;-0.6440445780754089;-0.33869463205337524;0.6858800053596497;[];
71.1875;MPIB2;44.4924371174056;25.403451324721885;-0.061718255281448364;-0.5813601613044739;0.8112462759017944;[];
71.1875;MPIB1;25.2220562202034;40.86380755573816;0.3280493915081024;-0.24864903092384338;0.9113237857818604;[];
71.1875;MPIB4;54.915137936411156;54.75218769588258;-0.6949397921562195;-0.45858025550842285;-0.5537912249565125;[];
71.1875;MPIB3;54.69008962350449;25.475414653740984;-0.6399350762367249;-0.3681102991104126;0.6744717955589294;[];
71.25;MPIB2;44.4924371174056;25.403451324721885;-0.061718255281448364;-0.5813601613044739;0.8112462759017944;[];
71.25;MPIB1;25.293742153802214;41.0655074576251;0.2990339398384094;-0.2511554956436157;0.9205721020698547;[];
71.25;MPIB4;54.915137936411156;54.75218769588258;-0.6938499212265015;-0.4539734125137329;-0.5589301586151123;[];
71.25;MPIB3;54.646186886558326;25.522456332547023;-0.6383752226829529;-0.38020193576812744;0.669220507144928;[];
71.28125;MPIB2;44.4924371174056;25.403451324721885;-0.061718255281448364;-0.5813601613044739;0.8112462759017944;[];
71.28125;MPIB1;25.42100041169124;41.22290855235673;0.27925413846969604;-0.25625601410865784;0.9253661632537842;[];
71.28125;MPIB4;54.889708454226366;54.73238016391073;-0.6924007534980774;-0.4539734125137329;-0.5607243776321411;[];
71.28125;MPIB3;54.62221598940141;25.54814109215846;-0.6391004323959351;-0.4067308008670807;0.6527246832847595;[];
71.34375;MPIB2;44.4924371174056;25.403451324721885;-0.061718255281448364;-0.5813601613044739;0.8112462759017944;[];
71.34375;MPIB1;25.57759405973718;41.3579539153381;0.2594936788082123;-0.2612568736076355;0.9297093749046326;[];
71.34375;MPIB4;54.889708454226366;54.73238016391073;-0.6918357014656067;-0.45157986879348755;-0.5633487105369568;[];
71.34375;MPIB3;54.62221598940141;25.54814109215846;-0.6440075039863586;-0.44223135709762573;0.6241872906684875;[];
71.375;MPIB2;44.4924371174056;25.403451324721885;-0.07474008202552795;-0.5771399736404419;0.8131623268127441;[];
71.375;MPIB1;25.74929117542115;41.48238004338495;0.24207691848278046;-0.2663431465625763;0.93295818567276;[];
71.375;MPIB4;54.889708454226366;54.73238016391073;-0.6912775039672852;-0.44926875829696655;-0.5658763647079468;[];
71.375;MPIB3;54.62221598940141;25.54814109215846;-0.645370602607727;-0.45627835392951965;0.6125593185424805;[];
71.4375;MPIB2;44.4924371174056;25.403451324721885;-0.08323359489440918;-0.5771399736404419;0.8123368620872498;[];
71.4375;MPIB1;25.92773638422841;41.60347432987092;0.21458253264427185;-0.2739124894142151;0.9374837279319763;[];
71.4375;MPIB4;54.889708454226366;54.73238016391073;-0.6912775039672852;-0.44926875829696655;-0.5658763647079468;[];
71.4375;MPIB3;54.598079992081466;25.574002756203924;-0.6491464972496033;-0.4632597863674164;0.6032582521438599;[];
71.5;MPIB2;44.4924371174056;25.403451324721885;-0.08751591295003891;-0.5771399736404419;0.811886727809906;[];
71.5;MPIB1;26.108008294740557;41.72560109567337;0.18228018283843994;-0.2789800465106964;0.9428110718727112;[];
71.5;MPIB4;54.889708454226366;54.73238016391073;-0.6912775039672852;-0.44926875829696655;-0.5658763647079468;[];
71.5;MPIB3;54.598079992081466;25.574002756203924;-0.6511039733886719;-0.47021257877349854;0.5957215428352356;[];
71.53125;MPIB2;44.4924371174056;25.403451324721885;-0.08751591295003891;-0.5771399736404419;0.811886727809906;[];
71.53125;MPIB1;26.287171409672737;41.851287592915384;0.14694783091545105;-0.2939523458480835;0.9444280862808228;[];
71.53125;MPIB4;54.889708454226366;54.73238016391073;-0.6898103356361389;-0.44926875829696655;-0.5676639080047607;[];
71.53125;MPIB3;54.598079992081466;25.574002756203924;-0.6542361974716187;-0.47021257877349854;0.5922799706459045;[];
71.59375;MPIB2;44.4924371174056;25.403451324721885;-0.09171801060438156;-0.5771399736404419;0.8114227056503296;[];
71.59375;MPIB1;26.384994481788112;41.919912428380485;0.12920211255550385;-0.30401602387428284;0.9438355565071106;[];
71.59375;MPIB4;54.889708454226366;54.73238016391073;-0.688338577747345;-0.44926875829696655;-0.5694476962089539;[];
71.59375;MPIB3;54.598079992081466;25.574002756203924;-0.6619589328765869;-0.47021257877349854;0.5836359262466431;[];
71.625;MPIB2;44.4924371174056;25.403451324721885;-0.13820190727710724;-0.5598674416542053;0.8169208765029907;[];
71.625;MPIB1;26.438405885367047;41.95738159289658;0.10410299152135849;-0.31395483016967773;0.9436830878257751;[];
71.625;MPIB4;54.889708454226366;54.73238016391073;-0.688338577747345;-0.44926875829696655;-0.5694476962089539;[];
71.625;MPIB3;54.598079992081466;25.574002756203924;-0.6619589328765869;-0.47021257877349854;0.5836359262466431;[];
71.6875;MPIB2;44.4924371174056;25.403451324721885;-0.14512398838996887;-0.5555702447891235;0.8186526298522949;[];
71.6875;MPIB1;26.467568515108383;41.97783975909863;0.07425002008676529;-0.3189568817615509;0.9448256492614746;[];
71.6875;MPIB4;54.889708454226366;54.73238016391073;-0.688338577747345;-0.44926875829696655;-0.5694476962089539;[];
71.6875;MPIB3;54.598079992081466;25.574002756203924;-0.6619589328765869;-0.47021257877349854;0.5836359262466431;[];
71.75;MPIB2;44.4924371174056;25.403451324721885;-0.145383819937706;-0.5533362030982971;0.8201184272766113;[];
71.75;MPIB1;26.467568515108383;41.97783975909863;0.04455839470028877;-0.3214091956615448;0.9458606839179993;[];
71.75;MPIB4;54.889708454226366;54.73238016391073;-0.688338577747345;-0.44926875829696655;-0.5694476962089539;[];
71.75;MPIB3;54.598079992081466;25.574002756203924;-0.663467526435852;-0.47021257877349854;0.5819203853607178;[];
71.78125;MPIB2;44.4924371174056;25.403451324721885;-0.12813355028629303;-0.5533362030982971;0.8229900002479553;[];
71.78125;MPIB1;26.49218516134431;41.9951088272347;0.007346928119659424;-0.3238593637943268;0.9460456371307373;[];
71.78125;MPIB4;54.889708454226366;54.73238016391073;-0.688338577747345;-0.44926875829696655;-0.5694476962089539;[];
71.78125;MPIB3;54.598079992081466;25.574002756203924;-0.663467526435852;-0.47021257877349854;0.5819203853607178;[];
71.84375;MPIB2;44.4810720595744;25.403451324721885;-0.1238710805773735;-0.5533362030982971;0.8236423134803772;[];
71.84375;MPIB1;26.49218516134431;41.9951088272347;0.007346928119659424;-0.3238593637943268;0.9460456371307373;[];
71.84375;MPIB4;54.889708454226366;54.73238016391073;-0.6853262782096863;-0.44926875829696655;-0.5730693936347961;[];
71.84375;MPIB3;54.598079992081466;25.574002756203924;-0.663467526435852;-0.47021257877349854;0.5819203853607178;[];
71.875;MPIB2;44.4810720595744;25.403451324721885;-0.11739212274551392;-0.5533362030982971;0.8245906829833984;[];
71.875;MPIB1;26.49218516134431;41.9951088272347;-0.009994777850806713;-0.3189568817615509;0.947685956954956;[];
71.875;MPIB4;54.889708454226366;54.73238016391073;-0.6788845658302307;-0.44223135709762573;-0.5860641002655029;[];
71.875;MPIB3;54.598079992081466;25.574002756203924;-0.663467526435852;-0.47021257877349854;0.5819203853607178;[];
71.9375;MPIB2;44.4810720595744;25.403451324721885;-0.10227346420288086;-0.5533362030982971;0.826602041721344;[];
71.9375;MPIB1;26.49218516134431;41.9951088272347;-0.01002092007547617;-0.3114960789680481;0.9501646757125854;[];
71.9375;MPIB4;54.889708454226366;54.73238016391073;-0.6788845658302307;-0.44223135709762573;-0.5860641002655029;[];
71.9375;MPIB3;54.598079992081466;25.574002756203924;-0.6649717092514038;-0.47021257877349854;0.5802010297775269;[];
72.0;MPIB2;44.4810720595744;25.403451324721885;-0.07838010787963867;-0.5533362030982971;0.8292088508605957;[];
72.0;MPIB1;26.49218516134431;41.9951088272347;-0.007605658378452063;-0.2939523458480835;0.9557616114616394;[];
72.0;MPIB4;54.889708454226366;54.73238016391073;-0.6767019033432007;-0.4399081766605377;-0.5903216004371643;[];
72.0;MPIB3;54.598079992081466;25.574002756203924;-0.6649717092514038;-0.47021257877349854;0.5802010297775269;[];
72.03125;MPIB2;44.4810720595744;25.403451324721885;-0.05011787265539169;-0.5533362030982971;0.8313958048820496;[];
72.03125;MPIB1;26.49218516134431;41.9951088272347;-0.005139661952853203;-0.2889999747276306;0.9572875499725342;[];
72.03125;MPIB4;54.889708454226366;54.73238016391073;-0.6767019033432007;-0.4399081766605377;-0.5903216004371643;[];
72.03125;MPIB3;54.598079992081466;25.574002756203924;-0.6649717092514038;-0.47021257877349854;0.5802010297775269;[];
72.09375;MPIB2;44.4810720595744;25.403451324721885;-0.0197095088660717;-0.5490164160728455;0.8355264663696289;[];
72.09375;MPIB1;26.49218516134431;41.9951088272347;-0.0051477751694619656;-0.2839479446411133;0.9587986469268799;[];
72.09375;MPIB4;54.889708454226366;54.73238016391073;-0.6767019033432007;-0.4399081766605377;-0.5903216004371643;[];
72.09375;MPIB3;54.598079992081466;25.574002756203924;-0.6649717092514038;-0.47021257877349854;0.5802010297775269;[];
72.125;MPIB2;44.4810720595744;25.403451324721885;0.07066333293914795;-0.5358073711395264;0.8413265943527222;[];
72.125;MPIB1;26.49218516134431;41.9951088272347;-0.005151705350726843;-0.28146493434906006;0.9595307111740112;[];
72.125;MPIB4;54.889708454226366;54.73238016391073;-0.6767019033432007;-0.4399081766605377;-0.5903216004371643;[];
72.125;MPIB3;54.598079992081466;25.574002756203924;-0.6649717092514038;-0.47021257877349854;0.5802010297775269;[];
72.1875;MPIB2;44.4810720595744;25.403451324721885;0.28183960914611816;-0.5358073711395264;0.7958581447601318;[];
72.1875;MPIB1;26.49666892585026;42.09643847124903;-0.002575861755758524;-0.28146493434906006;0.9595410823822021;[];
72.1875;MPIB4;54.889708454226366;54.73238016391073;-0.6767019033432007;-0.4399081766605377;-0.5903216004371643;[];
72.1875;MPIB3;54.598079992081466;25.574002756203924;-0.6649717092514038;-0.47021257877349854;0.5802010297775269;[];
72.25;MPIB2;44.405562012198246;25.46591191860111;0.5381724834442139;-0.5358073711395264;0.6505336761474609;[];
72.25;MPIB1;26.49640584849783;42.24794592060903;-0.002575861755758524;-0.28146493434906006;0.9595410823822021;[];
72.25;MPIB4;54.889708454226366;54.73238016391073;-0.6767019033432007;-0.4399081766605377;-0.5903216004371643;[];
72.25;MPIB3;54.598079992081466;25.574002756203924;-0.6649717092514038;-0.47021257877349854;0.5802010297775269;[];
72.28125;MPIB2;44.30903134864282;25.580915405366028;0.6923535466194153;-0.5446015000343323;0.4732527434825897;[];
72.28125;MPIB1;26.49640584849783;42.3306689975681;-0.002575861755758524;-0.28146493434906006;0.9595410823822021;[];
72.28125;MPIB4;54.889708454226366;54.73238016391073;-0.6767019033432007;-0.4399081766605377;-0.5903216004371643;[];
72.28125;MPIB3;54.598079992081466;25.574002756203924;-0.6649717092514038;-0.47021257877349854;0.5802010297775269;[];
72.34375;MPIB2;44.22048678390471;25.73491559556595;0.7738257050514221;-0.5555702447891235;0.30405083298683167;[];
72.34375;MPIB1;26.49640584849783;42.37583580283399;-0.002577809849753976;-0.2789800465106964;0.9602667093276978;[];
72.34375;MPIB4;54.889708454226366;54.73238016391073;-0.6767019033432007;-0.4399081766605377;-0.5903216004371643;[];
72.34375;MPIB3;54.598079992081466;25.574002756203924;-0.6649717092514038;-0.47021257877349854;0.5802010297775269;[];
72.375;MPIB2;44.15402806750689;25.915309460453898;0.8185544013977051;-0.5533362030982971;0.1539461761713028;[];
72.375;MPIB1;26.49640584849783;42.37583580283399;-0.002577809849753976;-0.2789800465106964;0.9602667093276978;[];
72.375;MPIB4;54.889708454226366;54.73238016391073;-0.6767019033432007;-0.4399081766605377;-0.5903216004371643;[];
72.375;MPIB3;54.598079992081466;25.574002756203924;-0.6649717092514038;-0.47021257877349854;0.5802010297775269;[];
72.4375;MPIB2;44.1131206674397;26.111695063080646;0.8419613242149353;-0.5379912257194519;0.03974471986293793;[];
72.4375;MPIB1;26.49640584849783;42.413961831820245;-0.002579811494797468;-0.276401162147522;0.9610123634338379;[];
72.4375;MPIB4;54.889708454226366;54.73238016391073;-0.6767019033432007;-0.4399081766605377;-0.5903216004371643;[];
72.4375;MPIB3;54.598079992081466;25.574002756203924;-0.6649717092514038;-0.47021257877349854;0.5802010297775269;[];
72.5;MPIB2;44.18787970808227;26.205630303119193;0.8527564406394958;-0.5089951753616333;-0.1167357861995697;[];
72.5;MPIB1;26.49640584849783;42.413961831820245;-0.0025817241985350847;-0.2739124894142151;0.9617248773574829;[];
72.5;MPIB4;54.889708454226366;54.73238016391073;-0.6767019033432007;-0.4399081766605377;-0.5903216004371643;[];
72.5;MPIB3;54.598079992081466;25.574002756203924;-0.6649717092514038;-0.47021257877349854;0.5802010297775269;[];
72.53125;MPIB2;44.321984938967994;26.22689275270409;0.8317009806632996;-0.48629406094551086;-0.2677076756954193;[];
72.53125;MPIB1;26.49640584849783;42.413961831820245;-0.0025817241985350847;-0.2739124894142151;0.9617248773574829;[];
72.53125;MPIB4;54.889708454226366;54.73238016391073;-0.6767019033432007;-0.4399081766605377;-0.5903216004371643;[];
72.53125;MPIB3;54.598079992081466;25.574002756203924;-0.6649717092514038;-0.47021257877349854;0.5802010297775269;[];
72.59375;MPIB2;44.48514948467698;26.199588805281707;0.8065023422241211;-0.4771362841129303;-0.3489421010017395;[];
72.59375;MPIB1;26.49640584849783;42.413961831820245;-0.0025817241985350847;-0.2739124894142151;0.9617248773574829;[];
72.59375;MPIB4;54.889708454226366;54.73238016391073;-0.6767019033432007;-0.4399081766605377;-0.5903216004371643;[];
72.59375;MPIB3;54.598079992081466;25.574002756203924;-0.6649717092514038;-0.47021257877349854;0.5802010297775269;[];
72.625;MPIB2;44.66224965231476;26.14157828955524;0.7880731821060181;-0.4794096350669861;-0.3859637975692749;[];
72.625;MPIB1;26.49640584849783;42.413961831820245;-0.0025817241985350847;-0.2739124894142151;0.9617248773574829;[];
72.625;MPIB4;54.889708454226366;54.73238016391073;-0.6767019033432007;-0.4399081766605377;-0.5903216004371643;[];
72.625;MPIB3;54.598079992081466;25.574002756203924;-0.663467526435852;-0.47021257877349854;0.5819203853607178;[];
72.6875;MPIB2;44.842240843566195;26.05827097394635;0.7415206432342529;-0.48855432868003845;-0.4596898555755615;[];
72.6875;MPIB1;26.49640584849783;42.413961831820245;-0.0025817241985350847;-0.2739124894142151;0.9617248773574829;[];
72.6875;MPIB4;54.889708454226366;54.73238016391073;-0.6767019033432007;-0.4399081766605377;-0.5903216004371643;[];
72.6875;MPIB3;54.598079992081466;25.574002756203924;-0.663467526435852;-0.47021257877349854;0.5819203853607178;[];
72.75;MPIB2;45.01827419371697;25.953138985127794;0.6922241449356079;-0.48855432868003845;-0.5310255885124207;[];
72.75;MPIB1;26.49640584849783;42.413961831820245;-0.0025817241985350847;-0.2739124894142151;0.9617248773574829;[];
72.75;MPIB4;54.889708454226366;54.73238016391073;-0.6767019033432007;-0.4399081766605377;-0.5903216004371643;[];
72.75;MPIB3;54.598079992081466;25.574002756203924;-0.663467526435852;-0.47021257877349854;0.5819203853607178;[];
72.78125;MPIB2;45.18756677988982;25.83055313892865;0.6589285135269165;-0.47021257877349854;-0.5869919657707214;[];
72.78125;MPIB1;26.49640584849783;42.413961831820245;-0.0025817241985350847;-0.2739124894142151;0.9617248773574829;[];
72.78125;MPIB4;54.889708454226366;54.73238016391073;-0.6767019033432007;-0.4399081766605377;-0.5903216004371643;[];
72.78125;MPIB3;54.598079992081466;25.574002756203924;-0.663467526435852;-0.47021257877349854;0.5819203853607178;[];
72.84375;MPIB2;45.348394317007234;25.693433727717945;0.6242159605026245;-0.446954607963562;-0.6406501531600952;[];
72.84375;MPIB1;26.49640584849783;42.413961831820245;-0.0025817241985350847;-0.2739124894142151;0.9617248773574829;[];
72.84375;MPIB4;54.889708454226366;54.73238016391073;-0.6767019033432007;-0.4399081766605377;-0.5903216004371643;[];
72.84375;MPIB3;54.598079992081466;25.574002756203924;-0.663467526435852;-0.47021257877349854;0.5819203853607178;[];
72.875;MPIB2;45.497486390670495;25.54208952187369;0.563605546951294;-0.43283456563949585;-0.703457236289978;[];
72.875;MPIB1;26.49640584849783;42.413961831820245;-0.0025817241985350847;-0.2739124894142151;0.9617248773574829;[];
72.875;MPIB4;54.889708454226366;54.73238016391073;-0.6767019033432007;-0.4399081766605377;-0.5903216004371643;[];
72.875;MPIB3;54.598079992081466;25.574002756203924;-0.663467526435852;-0.47021257877349854;0.5819203853607178;[];
72.9375;MPIB2;45.56403746681412;25.360564839185486;0.5369418859481812;-0.42807504534721375;-0.7268397808074951;[];
72.9375;MPIB1;26.49640584849783;42.413961831820245;-0.0025817241985350847;-0.2739124894142151;0.9617248773574829;[];
72.9375;MPIB4;54.889708454226366;54.73238016391073;-0.6767019033432007;-0.4399081766605377;-0.5903216004371643;[];
72.9375;MPIB3;54.598079992081466;25.574002756203924;-0.663467526435852;-0.47021257877349854;0.5819203853607178;[];
73.0;MPIB2;45.58552115307733;25.162561614226433;0.5369418859481812;-0.42807504534721375;-0.7268397808074951;[];
73.0;MPIB1;26.49640584849783;42.413961831820245;-0.0025817241985350847;-0.2739124894142151;0.9617248773574829;[];
73.0;MPIB4;54.889708454226366;54.73238016391073;-0.6767019033432007;-0.4399081766605377;-0.5903216004371643;[];
73.0;MPIB3;54.598079992081466;25.574002756203924;-0.663467526435852;-0.47021257877349854;0.5819203853607178;[];
73.03125;MPIB2;45.75335580595821;24.79582633848176;0.5494601726531982;-0.4304995536804199;-0.7159704566001892;[];
73.03125;MPIB1;26.49640584849783;42.413961831820245;-0.0025817241985350847;-0.2739124894142151;0.9617248773574829;[];
73.03125;MPIB4;54.889708454226366;54.73238016391073;-0.6767019033432007;-0.4399081766605377;-0.5903216004371643;[];
73.03125;MPIB3;54.598079992081466;25.574002756203924;-0.663467526435852;-0.47021257877349854;0.5819203853607178;[];
73.09375;MPIB2;45.75335580595821;24.79582633848176;0.5494601726531982;-0.4304995536804199;-0.7159704566001892;[];
73.09375;MPIB1;26.49640584849783;42.413961831820245;-0.0025817241985350847;-0.2739124894142151;0.9617248773574829;[];
73.09375;MPIB4;54.889708454226366;54.73238016391073;-0.6767019033432007;-0.4399081766605377;-0.5903216004371643;[];
73.09375;MPIB3;54.598079992081466;25.574002756203924;-0.663467526435852;-0.47021257877349854;0.5819203853607178;[];
73.125;MPIB2;45.88064811010526;24.633237318881783;0.6677929162979126;-0.4632597863674164;-0.5824858546257019;[];
73.125;MPIB1;26.49640584849783;42.413961831820245;-0.0025817241985350847;-0.2739124894142151;0.9617248773574829;[];
73.125;MPIB4;54.889708454226366;54.73238016391073;-0.6767019033432007;-0.4399081766605377;-0.5903216004371643;[];
73.125;MPIB3;54.598079992081466;25.574002756203924;-0.663467526435852;-0.47021257877349854;0.5819203853607178;[];
73.1875;MPIB2;46.03723769764522;24.49952284478954;0.7752995491027832;-0.48855432868003845;-0.40010514855384827;[];
73.1875;MPIB1;26.49640584849783;42.413961831820245;-0.0025817241985350847;-0.2739124894142151;0.9617248773574829;[];
73.1875;MPIB4;54.889708454226366;54.73238016391073;-0.6767019033432007;-0.4399081766605377;-0.5903216004371643;[];
73.1875;MPIB3;54.598079992081466;25.574002756203924;-0.663467526435852;-0.47021257877349854;0.5819203853607178;[];
73.25;MPIB2;46.21063606723807;24.3831844924604;0.7802122831344604;-0.49314841628074646;-0.3846213221549988;[];
73.25;MPIB1;26.49640584849783;42.413961831820245;-0.0025817241985350847;-0.2739124894142151;0.9617248773574829;[];
73.25;MPIB4;54.889708454226366;54.73238016391073;-0.6751147508621216;-0.4399081766605377;-0.5921360850334167;[];
73.25;MPIB3;54.52176187708551;25.635480745162283;-0.6984343528747559;-0.44223135709762573;0.5626232028007507;[];
73.28125;MPIB2;46.395758008046485;24.28193519666067;0.7968131303787231;-0.5044492483139038;-0.3323935270309448;[];
73.28125;MPIB1;26.49640584849783;42.413961831820245;-0.0025817241985350847;-0.2739124894142151;0.9617248773574829;[];
73.28125;MPIB4;54.889708454226366;54.73238016391073;-0.6735796928405762;-0.4399081766605377;-0.5938816666603088;[];
73.28125;MPIB3;54.39421921093617;25.716268806775872;-0.81385737657547;-0.3705158829689026;0.4475356936454773;[];
73.34375;MPIB2;46.546391115579084;24.139796016624985;0.823699414730072;-0.5202569365501404;-0.22523590922355652;[];
73.34375;MPIB1;26.49640584849783;42.413961831820245;-0.0025817241985350847;-0.2739124894142151;0.9617248773574829;[];
73.34375;MPIB4;54.889708454226366;54.73238016391073;-0.6697361469268799;-0.4375820457935333;-0.5999166965484619;[];
73.34375;MPIB3;54.231066561543685;25.78968891392421;-0.9019673466682434;-0.32630735635757446;0.28269997239112854;[];
73.375;MPIB2;46.68742617801438;23.981294215648546;0.8338993191719055;-0.5358073711395264;-0.13196393847465515;[];
73.375;MPIB1;26.49640584849783;42.413961831820245;-0.0025817241985350847;-0.2739124894142151;0.9617248773574829;[];
73.375;MPIB4;54.889708454226366;54.73238016391073;-0.6570752859115601;-0.43283456563949585;-0.6171154379844666;[];
73.375;MPIB3;54.04787873905025;25.857125363072697;-0.9092890620231628;-0.3214091956615448;0.264256089925766;[];
73.4375;MPIB2;46.69999998807907;23.824976476990685;0.8313446640968323;-0.5555702447891235;0.01092009898275137;[];
73.4375;MPIB1;26.49640584849783;42.4253278137179;-0.0025817241985350847;-0.2739124894142151;0.9617248773574829;[];
73.4375;MPIB4;54.889708454226366;54.73238016391073;-0.6118773221969604;-0.41625523567199707;-0.67250657081604;[];
73.4375;MPIB3;53.85375171077317;25.92129473457382;-0.9092890620231628;-0.3214091956615448;0.264256089925766;[];
73.5;MPIB2;46.69999998807907;23.643177725826632;0.8036821484565735;-0.5771399736404419;0.14461690187454224;[];
73.5;MPIB1;26.4961427711454;42.52332745352703;-0.002583619672805071;-0.27142199873924255;0.9624309539794922;[];
73.5;MPIB4;54.889708454226366;54.73238016391073;-0.5637277364730835;-0.39231711626052856;-0.7267937064170837;[];
73.5;MPIB3;53.65365187544444;25.98368028147226;-0.9092890620231628;-0.3214091956615448;0.264256089925766;[];
73.53125;MPIB2;46.69999998807907;23.44874845102848;0.7885725498199463;-0.5835422277450562;0.19375506043434143;[];
73.53125;MPIB1;26.495879693792972;42.67483490288703;-0.002583619672805071;-0.27142199873924255;0.9624309539794922;[];
73.53125;MPIB4;54.889708454226366;54.73238016391073;-0.5410416126251221;-0.3826834261417389;-0.7488388419151306;[];
73.53125;MPIB3;53.45029088708657;26.045091860024513;-0.9092890620231628;-0.3214091956615448;0.264256089925766;[];
73.59375;MPIB2;46.69999998807907;23.24760743805473;0.7855771780014038;-0.5856424570083618;0.19950048625469208;[];
73.59375;MPIB1;26.495616616440543;42.85555761965523;-0.002583619672805071;-0.27142199873924255;0.9624309539794922;[];
73.59375;MPIB4;54.833779661421886;54.651906763258324;-0.5289400219917297;-0.37540847063064575;-0.761067807674408;[];
73.59375;MPIB3;53.245149308968166;26.105971651797972;-0.9092890620231628;-0.3214091956615448;0.264256089925766;[];
73.625;MPIB2;46.69999998807907;23.042801815611455;0.7855771780014038;-0.5856424570083618;0.19950048625469208;[];
73.625;MPIB1;26.49509046359833;43.052230808848094;-0.005163429770618677;-0.2739124894142151;0.9617144465446472;[];
73.625;MPIB4;54.74794812388404;54.527057680676705;-0.5240504145622253;-0.3705158829689026;-0.7668266892433167;[];
73.625;MPIB3;53.03903552872748;26.166561087956495;-0.9092890620231628;-0.3214091956615448;0.264256089925766;[];
73.6875;MPIB2;46.69999998807907;22.83606043423984;0.7835676074028015;-0.5877386927604675;0.20123082399368286;[];
73.6875;MPIB1;26.494056963295748;43.25760892623228;-0.010055016726255417;-0.3014575242996216;0.9533976316452026;[];
73.6875;MPIB4;54.646427474151096;54.37754726476703;-0.5185390710830688;-0.3681102991104126;-0.7717165350914001;[];
73.6875;MPIB3;52.83217883038856;26.226251320263117;-0.9113383889198303;-0.3214091956615448;0.2570994794368744;[];
73.75;MPIB2;46.69999998807907;22.62826212837058;0.7835676074028015;-0.5877386927604675;0.20123082399368286;[];
73.75;MPIB1;26.492769798896347;43.46773693237702;-0.0123576195910573;-0.33869463205337524;0.9407827854156494;[];
73.75;MPIB4;54.53783918912154;54.213584587169464;-0.5058758854866028;-0.36078935861587524;-0.7834897041320801;[];
73.75;MPIB3;52.62425244337351;26.2829731033857;-0.9169449806213379;-0.3238593637943268;0.2329554557800293;[];
73.78125;MPIB2;46.728573732078075;22.421065103134026;0.77384352684021;-0.5877386927604675;0.23587758839130402;[];
73.78125;MPIB1;26.491219584298392;43.68045456338899;-0.014676866121590137;-0.3729189932346344;0.9277120232582092;[];
73.78125;MPIB4;54.43269319357978;54.03745175515965;-0.4385744035243988;-0.3485085368156433;-0.8283306360244751;[];
73.78125;MPIB3;52.41353105393182;26.326489424156165;-0.9277236461639404;-0.3534461557865143;0.11975511908531189;[];
73.84375;MPIB2;46.74417499811366;22.307935514214563;0.7074394226074219;-0.5749456286430359;0.41094619035720825;[];
73.84375;MPIB1;26.489669369700437;43.89458612974269;-0.014630025252699852;-0.38020193576812744;0.924751341342926;[];
73.84375;MPIB4;54.334960893902235;53.851963072164665;-0.38712310791015625;-0.33869463205337524;-0.857531726360321;[];
73.84375;MPIB3;52.200586173940565;26.354870274755825;-0.9238383173942566;-0.38020193576812744;0.04360971599817276;[];
73.875;MPIB2;46.75269329035851;22.246166751489937;0.44378069043159485;-0.5749456286430359;0.6873180270195007;[];
73.875;MPIB1;26.488382205301036;44.10949351957993;-0.012160399928689003;-0.3778064548969269;0.9257684946060181;[];
73.875;MPIB4;54.24386183527963;53.66024344045411;-0.3626384139060974;-0.3362579047679901;-0.8691163659095764;[];
73.875;MPIB3;52.0843182559604;26.37036622098313;-0.9186179041862488;-0.3946968615055084;0.016911616548895836;[];
73.9375;MPIB2;46.75734427846442;22.21244100312495;0.25837841629981995;-0.5771399736404419;0.7746351957321167;[];
73.9375;MPIB1;26.487856052458824;44.32483154243644;-0.005060931667685509;-0.33372852206230164;0.9426236152648926;[];
73.9375;MPIB4;54.158291674160864;53.46434936081326;-0.344955176115036;-0.3312872350215912;-0.8781769275665283;[];
73.9375;MPIB3;52.02083596536954;26.37882700860598;-0.9124402403831482;-0.4090942442417145;0.004811395425349474;[];
74.0;MPIB2;46.75734427846442;22.21244100312495;0.2416890561580658;-0.5792520046234131;0.7784362435340881;[];
74.0;MPIB1;26.4878466568274;44.54040610655912;-9.086330828722566E-5;-0.3189568817615509;0.9477386474609375;[];
74.0;MPIB4;54.0766954521373;53.26580658039768;-0.3360635042190552;-0.32884371280670166;-0.8825324773788452;[];
74.0;MPIB3;51.986174630681035;26.38344659918465;-0.9037021398544312;-0.42807504534721375;8.664136112201959E-5;[];
74.03125;MPIB2;46.75734427846442;22.21244100312495;0.2416890561580658;-0.5792520046234131;0.7784362435340881;[];
74.03125;MPIB1;26.487837261195978;44.756109822228126;-9.086330828722566E-5;-0.3189568817615509;0.9477386474609375;[];
74.03125;MPIB4;54.03214390973767;53.15740220969931;-0.3314899802207947;-0.32884371280670166;-0.8842604756355286;[];
74.03125;MPIB3;51.986174630681035;26.38344659918465;-0.9014318585395813;-0.43283456563949585;8.642370084999129E-5;[];
74.09375;MPIB2;46.75734427846442;22.178482967811732;0.2416890561580658;-0.5792520046234131;0.7784362435340881;[];
74.09375;MPIB1;26.487827865564554;44.97188405464959;-9.094509005080909E-5;-0.31641149520874023;0.9485917091369629;[];
74.09375;MPIB4;54.00781876476208;53.09821341642308;-0.3204302489757538;-0.3238593637943268;-0.8901577591896057;[];
74.09375;MPIB3;51.986174630681035;26.38344659918465;-0.8933535814285278;-0.44926875829696655;8.564920426579192E-5;[];
74.125;MPIB2;46.75734427846442;22.178482967811732;0.2416890561580658;-0.5792520046234131;0.7784362435340881;[];
74.125;MPIB1;26.487827865564554;45.08969679923598;-0.00252571445889771;-0.33869463205337524;0.9408605694770813;[];
74.125;MPIB4;53.99453723406259;53.06589633154053;-0.30925408005714417;-0.3189568817615509;-0.8958629965782166;[];
74.125;MPIB3;51.95127456516957;26.38344659918465;-0.8837106823921204;-0.46792641282081604;-0.004575174767524004;[];
74.1875;MPIB2;46.75734427846442;22.178482967811732;0.24144025146961212;-0.5707020163536072;0.7848030924797058;[];
74.1875;MPIB1;26.487827865564554;45.15402256525175;-0.00744355795904994;-0.3534461557865143;0.935391366481781;[];
74.1875;MPIB4;53.99453723406259;53.06589633154053;-0.2980711758136749;-0.31395483016967773;-0.9014037847518921;[];
74.1875;MPIB3;51.95127456516957;26.38344659918465;-0.8837106823921204;-0.46792641282081604;-0.004575174767524004;[];
74.25;MPIB2;46.75734427846442;22.178482967811732;0.246529221534729;-0.5555702447891235;0.7940255403518677;[];
74.25;MPIB1;26.487827865564554;45.18914443757586;-0.007436250802129507;-0.3558664619922638;0.9344731569290161;[];
74.25;MPIB4;53.99453723406259;53.06589633154053;-0.2888813614845276;-0.3114960789680481;-0.9052408337593079;[];
74.25;MPIB3;51.95127456516957;26.38344659918465;-0.8837106823921204;-0.46792641282081604;-0.004575174767524004;[];
74.28125;MPIB2;46.78516216478716;22.27244925071588;0.23933939635753632;-0.5379912257194519;0.8082048892974854;[];
74.28125;MPIB1;26.487827865564554;45.18914443757586;-0.007436250802129507;-0.3558664619922638;0.9344731569290161;[];
74.28125;MPIB4;53.98332607973248;53.03335666191526;-0.27744174003601074;-0.3064810633659363;-0.9105160236358643;[];
74.28125;MPIB3;51.95127456516957;26.38344659918465;-0.8837106823921204;-0.46792641282081604;-0.004575174767524004;[];
74.34375;MPIB2;46.827438042812645;22.417934388013407;0.23536619544029236;-0.5246713161468506;0.8180691003799438;[];
74.34375;MPIB1;26.487827865564554;45.18914443757586;-0.007436250802129507;-0.3558664619922638;0.9344731569290161;[];
74.34375;MPIB4;53.98332607973248;53.03335666191526;-0.2729506194591522;-0.30401602387428284;-0.9126974940299988;[];
74.34375;MPIB3;51.95127456516957;26.38344659918465;-0.8837106823921204;-0.46792641282081604;-0.004575174767524004;[];
74.375;MPIB2;46.93776280136051;22.54623959239177;0.23141713440418243;-0.5224658846855164;0.8206034898757935;[];
74.375;MPIB1;26.487827865564554;45.224508212687454;-0.007436250802129507;-0.3558664619922638;0.9344731569290161;[];
74.375;MPIB4;53.98332607973248;53.03335666191526;-0.26353487372398376;-0.3014575242996216;-0.9163064956665039;[];
74.375;MPIB3;51.95127456516957;26.38344659918465;-0.8837106823921204;-0.46792641282081604;-0.004575174767524004;[];
74.4375;MPIB2;47.084855396492884;22.665848970090934;0.2253148853778839;-0.5202569365501404;0.823699414730072;[];
74.4375;MPIB1;26.487827865564554;45.224508212687454;-0.007436250802129507;-0.3558664619922638;0.9344731569290161;[];
74.4375;MPIB4;53.98332607973248;53.03335666191526;-0.2589985132217407;-0.29898834228515625;-0.9184068441390991;[];
74.4375;MPIB3;51.95127456516957;26.38344659918465;-0.8837106823921204;-0.46792641282081604;-0.004575174767524004;[];
74.5;MPIB2;47.2505623377899;22.69999998807907;0.20153361558914185;-0.5202569365501404;0.8298383951187134;[];
74.5;MPIB1;26.487827865564554;45.224508212687454;-0.007436250802129507;-0.3558664619922638;0.9344731569290161;[];
74.5;MPIB4;53.98332607973248;53.03335666191526;-0.2543574571609497;-0.29651716351509094;-0.9205029010772705;[];
74.5;MPIB3;51.95127456516957;26.38344659918465;-0.8837106823921204;-0.46792641282081604;-0.004575174767524004;[];
74.53125;MPIB2;47.42546059876994;22.69999998807907;0.18622486293315887;-0.5202569365501404;0.8334074020385742;[];
74.53125;MPIB1;26.487827865564554;45.224508212687454;-0.007436250802129507;-0.3558664619922638;0.9344731569290161;[];
74.53125;MPIB4;53.98332607973248;53.03335666191526;-0.2473108321428299;-0.29404398798942566;-0.9232126474380493;[];
74.53125;MPIB3;51.95127456516957;26.38344659918465;-0.8837106823921204;-0.46792641282081604;-0.004575174767524004;[];
74.59375;MPIB2;47.52095506035697;22.69999998807907;0.15123508870601654;-0.5202569365501404;0.8404614925384521;[];
74.59375;MPIB1;26.487827865564554;45.224508212687454;-0.007436250802129507;-0.3558664619922638;0.9344731569290161;[];
74.59375;MPIB4;53.98332607973248;53.03335666191526;-0.24252791702747345;-0.29404398798942566;-0.924480676651001;[];
74.59375;MPIB3;51.95127456516957;26.38344659918465;-0.8837106823921204;-0.46792641282081604;-0.004575174767524004;[];
74.625;MPIB2;47.57309504243968;22.69999998807907;0.0981115996837616;-0.5202569365501404;0.8483051657676697;[];
74.625;MPIB1;26.487827865564554;45.224508212687454;-0.007436250802129507;-0.3558664619922638;0.9344731569290161;[];
74.625;MPIB4;53.98332607973248;53.03335666191526;-0.24024274945259094;-0.29147714376449585;-0.9258893132209778;[];
74.625;MPIB3;51.95127456516957;26.38344659918465;-0.8837106823921204;-0.46792641282081604;-0.004575174767524004;[];
74.6875;MPIB2;47.57309504243968;22.69999998807907;0.0626945048570633;-0.5157464742660522;0.8543946146965027;[];
74.6875;MPIB1;26.487827865564554;45.224508212687454;-0.007436250802129507;-0.3558664619922638;0.9344731569290161;[];
74.6875;MPIB4;53.98332607973248;53.03335666191526;-0.23563101887702942;-0.2889999747276306;-0.9278491139411926;[];
74.6875;MPIB3;51.95127456516957;26.38344659918465;-0.8837106823921204;-0.46792641282081604;-0.004575174767524004;[];
74.75;MPIB2;47.617107242473;22.69999998807907;0.038097746670246124;-0.5157464742660522;0.855844259262085;[];
74.75;MPIB1;26.487827865564554;45.224508212687454;-0.007436250802129507;-0.3558664619922638;0.9344731569290161;[];
74.75;MPIB4;53.98332607973248;53.03335666191526;-0.23091475665569305;-0.2865208685398102;-0.9298018217086792;[];
74.75;MPIB3;51.95127456516957;26.38344659918465;-0.8837106823921204;-0.46792641282081604;-0.004575174767524004;[];
74.78125;MPIB2;47.617107242473;22.69999998807907;-0.0247189924120903;-0.5157464742660522;0.8563351035118103;[];
74.78125;MPIB1;26.487827865564554;45.224508212687454;-0.007436250802129507;-0.3558664619922638;0.9344731569290161;[];
74.78125;MPIB4;53.98332607973248;53.03335666191526;-0.22850710153579712;-0.2865208685398102;-0.9303964376449585;[];
74.78125;MPIB3;51.95127456516957;26.38344659918465;-0.8837106823921204;-0.46792641282081604;-0.004575174767524004;[];
74.84375;MPIB2;47.617107242473;22.69999998807907;-0.10519427806138992;-0.5157464742660522;0.8502088189125061;[];
74.84375;MPIB1;26.487827865564554;45.224508212687454;-0.007436250802129507;-0.3558664619922638;0.9344731569290161;[];
74.84375;MPIB4;53.98332607973248;53.03335666191526;-0.22850710153579712;-0.2865208685398102;-0.9303964376449585;[];
74.84375;MPIB3;51.95127456516957;26.38344659918465;-0.8837106823921204;-0.46792641282081604;-0.004575174767524004;[];
74.875;MPIB2;47.617107242473;22.69999998807907;-0.12074469774961472;-0.5157464742660522;0.8481400609016418;[];
74.875;MPIB1;26.487827865564554;45.224508212687454;-0.007436250802129507;-0.3558664619922638;0.9344731569290161;[];
74.875;MPIB4;53.98332607973248;53.03335666191526;-0.22850710153579712;-0.2865208685398102;-0.9303964376449585;[];
74.875;MPIB3;51.95127456516957;26.38344659918465;-0.8837106823921204;-0.46792641282081604;-0.004575174767524004;[];
74.9375;MPIB2;47.617107242473;22.69999998807907;-0.12960122525691986;-0.5157464742660522;0.8468319773674011;[];
74.9375;MPIB1;26.487827865564554;45.224508212687454;-0.007436250802129507;-0.3558664619922638;0.9344731569290161;[];
74.9375;MPIB4;53.98332607973248;53.03335666191526;-0.22850710153579712;-0.2865208685398102;-0.9303964376449585;[];
74.9375;MPIB3;51.95127456516957;26.38344659918465;-0.8837106823921204;-0.46792641282081604;-0.004575174767524004;[];
75.0;MPIB2;47.617107242473;22.69999998807907;-0.14071260392665863;-0.5157464742660522;0.8450566530227661;[];
75.0;MPIB1;26.487827865564554;45.224508212687454;-0.007450815290212631;-0.35102346539497375;0.9363033771514893;[];
75.0;MPIB4;53.98332607973248;53.03335666191526;-0.22850710153579712;-0.2865208685398102;-0.9303964376449585;[];
75.0;MPIB3;51.95127456516957;26.38344659918465;-0.8837106823921204;-0.46792641282081604;-0.004575174767524004;[];
75.03125;MPIB2;47.617107242473;22.69999998807907;-0.14735174179077148;-0.5157464742660522;0.843924343585968;[];
75.03125;MPIB1;26.487827865564554;45.224508212687454;-0.007450815290212631;-0.35102346539497375;0.9363033771514893;[];
75.03125;MPIB4;53.98332607973248;53.03335666191526;-0.22850710153579712;-0.2865208685398102;-0.9303964376449585;[];
75.03125;MPIB3;51.95127456516957;26.38344659918465;-0.8837106823921204;-0.46792641282081604;-0.004575174767524004;[];
75.09375;MPIB2;47.617107242473;22.69999998807907;-0.17373263835906982;-0.5157464742660522;0.8388908505439758;[];
75.09375;MPIB1;26.487827865564554;45.224508212687454;-0.007450815290212631;-0.35102346539497375;0.9363033771514893;[];
75.09375;MPIB4;53.98332607973248;53.03335666191526;-0.22850710153579712;-0.2865208685398102;-0.9303964376449585;[];
75.09375;MPIB3;51.95127456516957;26.38344659918465;-0.8837106823921204;-0.46792641282081604;-0.004575174767524004;[];
75.125;MPIB2;47.617107242473;22.69999998807907;-0.21086688339710236;-0.5157464742660522;0.8303348422050476;[];
75.125;MPIB1;26.487827865564554;45.224508212687454;-0.007450815290212631;-0.35102346539497375;0.9363033771514893;[];
75.125;MPIB4;53.98332607973248;53.03335666191526;-0.22850710153579712;-0.2865208685398102;-0.9303964376449585;[];
75.125;MPIB3;51.94819410176024;26.38344659918465;-0.8837106823921204;-0.46792641282081604;-0.004575174767524004;[];
75.1875;MPIB2;47.617107242473;22.69999998807907;-0.2261148989200592;-0.5157464742660522;0.8263128399848938;[];
75.1875;MPIB1;26.487827865564554;45.224508212687454;-0.007450815290212631;-0.35102346539497375;0.9363033771514893;[];
75.1875;MPIB4;53.98332607973248;53.03335666191526;-0.22850710153579712;-0.2865208685398102;-0.9303964376449585;[];
75.1875;MPIB3;51.94819410176024;26.38344659918465;-0.8837106823921204;-0.46792641282081604;-0.004575174767524004;[];
75.25;MPIB2;47.617107242473;22.69999998807907;-0.2286081314086914;-0.513526976108551;0.8270089626312256;[];
75.25;MPIB1;26.487827865564554;45.224508212687454;-0.007450815290212631;-0.35102346539497375;0.9363033771514893;[];
75.25;MPIB4;53.98332607973248;53.03335666191526;-0.22850710153579712;-0.2865208685398102;-0.9303964376449585;[];
75.25;MPIB3;51.94819410176024;26.38344659918465;-0.8837106823921204;-0.46792641282081604;-0.004575174767524004;[];
75.28125;MPIB2;47.617107242473;22.69999998807907;-0.2286081314086914;-0.513526976108551;0.8270089626312256;[];
75.28125;MPIB1;26.487827865564554;45.224508212687454;-0.007458288688212633;-0.3485085368156433;0.9372425079345703;[];
75.28125;MPIB4;53.98332607973248;53.03335666191526;-0.22850710153579712;-0.2865208685398102;-0.9303964376449585;[];
75.28125;MPIB3;51.94819410176024;26.38344659918465;-0.8837106823921204;-0.46792641282081604;-0.004575174767524004;[];
75.34375;MPIB2;47.617107242473;22.69999998807907;-0.2286081314086914;-0.513526976108551;0.8270089626312256;[];
75.34375;MPIB1;26.487827865564554;45.224508212687454;-0.007458288688212633;-0.3485085368156433;0.9372425079345703;[];
75.34375;MPIB4;53.98332607973248;53.03335666191526;-0.22850710153579712;-0.2865208685398102;-0.9303964376449585;[];
75.34375;MPIB3;51.94819410176024;26.38344659918465;-0.8837106823921204;-0.46792641282081604;-0.004575174767524004;[];
75.375;MPIB2;47.617107242473;22.69999998807907;-0.2286081314086914;-0.513526976108551;0.8270089626312256;[];
75.375;MPIB1;26.487827865564554;45.22762960554593;-0.00747255003079772;-0.34365129470825195;0.939034640789032;[];
75.375;MPIB4;53.98332607973248;53.03335666191526;-0.22850710153579712;-0.2865208685398102;-0.9303964376449585;[];
75.375;MPIB3;51.94819410176024;26.38344659918465;-0.8837106823921204;-0.46792641282081604;-0.004575174767524004;[];
75.4375;MPIB2;47.617107242473;22.69999998807907;-0.2286081314086914;-0.513526976108551;0.8270089626312256;[];
75.4375;MPIB1;26.487827865564554;45.22762960554593;-0.005051410757005215;-0.33869463205337524;0.9408503174781799;[];
75.4375;MPIB4;53.98332607973248;53.03335666191526;-0.22850710153579712;-0.2865208685398102;-0.9303964376449585;[];
75.4375;MPIB3;51.94819410176024;26.38344659918465;-0.8837106823921204;-0.46792641282081604;-0.004575174767524004;[];
75.5;MPIB2;47.617107242473;22.69999998807907;-0.13223466277122498;-0.5555702447891235;0.8208332061767578;[];
75.5;MPIB1;26.487827865564554;45.22762960554593;-0.005060931667685509;-0.33372852206230164;0.9426236152648926;[];
75.5;MPIB4;53.98332607973248;53.03335666191526;-0.22850710153579712;-0.2865208685398102;-0.9303964376449585;[];
75.5;MPIB3;51.94819410176024;26.38344659918465;-0.8837106823921204;-0.46792641282081604;-0.004575174767524004;[];
75.53125;MPIB2;47.72809373942195;22.7051276601851;-0.042329173535108566;-0.5877386927604675;0.8078863024711609;[];
75.53125;MPIB1;26.487827865564554;45.22762960554593;-0.005070142447948456;-0.32884371280670166;0.9443391561508179;[];
75.53125;MPIB4;53.98332607973248;53.03335666191526;-0.22850710153579712;-0.2865208685398102;-0.9303964376449585;[];
75.53125;MPIB3;51.94819410176024;26.38344659918465;-0.8837106823921204;-0.46792641282081604;-0.004575174767524004;[];
75.59375;MPIB2;47.852415133143005;22.77566182985902;0.002086102031171322;-0.5919966697692871;0.8058809638023376;[];
75.59375;MPIB1;26.487827865564554;45.22762960554593;-0.005070142447948456;-0.32884371280670166;0.9443391561508179;[];
75.59375;MPIB4;53.98332607973248;53.03335666191526;-0.22850710153579712;-0.2865208685398102;-0.9303964376449585;[];
75.59375;MPIB3;51.94819410176024;26.38344659918465;-0.8837106823921204;-0.46792641282081604;-0.004575174767524004;[];
75.625;MPIB2;47.99946341853839;22.87526403856566;0.10309477150440216;-0.5919966697692871;0.7992621064186096;[];
75.625;MPIB1;26.487827865564554;45.22762960554593;-0.005070142447948456;-0.32884371280670166;0.9443391561508179;[];
75.625;MPIB4;53.98332607973248;53.03335666191526;-0.22850710153579712;-0.2865208685398102;-0.9303964376449585;[];
75.625;MPIB3;51.94819410176024;26.38344659918465;-0.8837106823921204;-0.46792641282081604;-0.004575174767524004;[];
75.6875;MPIB2;48.169431211684326;22.97388499723067;0.2590184211730957;-0.5919966697692871;0.7631238102912903;[];
75.6875;MPIB1;26.487827865564554;45.22762960554593;-0.005070142447948456;-0.32884371280670166;0.9443391561508179;[];
75.6875;MPIB4;53.98332607973248;53.03335666191526;-0.22850710153579712;-0.2865208685398102;-0.9303964376449585;[];
75.6875;MPIB3;51.94819410176024;26.38344659918465;-0.8837106823921204;-0.46792641282081604;-0.004575174767524004;[];
75.75;MPIB2;48.355677709231365;23.063333834185357;0.32842394709587097;-0.5961612462997437;0.732555627822876;[];
75.75;MPIB1;26.487827865564554;45.22762960554593;-0.005070142447948456;-0.32884371280670166;0.9443391561508179;[];
75.75;MPIB4;53.98332607973248;53.03335666191526;-0.22850710153579712;-0.2865208685398102;-0.9303964376449585;[];
75.75;MPIB3;51.94819410176024;26.38344659918465;-0.8837106823921204;-0.46792641282081604;-0.004575174767524004;[];
75.78125;MPIB2;48.551360527078884;23.146300959811867;0.3399010896682739;-0.5961612462997437;0.727301299571991;[];
75.78125;MPIB1;26.487827865564554;45.22762960554593;-0.005070142447948456;-0.32884371280670166;0.9443391561508179;[];
75.78125;MPIB4;53.98332607973248;53.03335666191526;-0.22850710153579712;-0.2865208685398102;-0.9303964376449585;[];
75.78125;MPIB3;51.94819410176024;26.38344659918465;-0.8824962377548218;-0.47021257877349854;-0.004568887408822775;[];
75.84375;MPIB2;48.746766159513996;23.14964966479792;0.3450484871864319;-0.5919966697692871;0.7282787561416626;[];
75.84375;MPIB1;26.487827865564554;45.22762960554593;-0.005070142447948456;-0.32884371280670166;0.9443391561508179;[];
75.84375;MPIB4;53.98332607973248;53.03335666191526;-0.22850710153579712;-0.2865208685398102;-0.9303964376449585;[];
75.84375;MPIB3;51.94819410176024;26.38344659918465;-0.8812848329544067;-0.47249555587768555;-0.0022812923416495323;[];
75.875;MPIB2;48.941911536109195;23.107469193675655;0.34827175736427307;-0.5877386927604675;0.7301909923553467;[];
75.875;MPIB1;26.487827865564554;45.22762960554593;-0.005070142447948456;-0.32884371280670166;0.9443391561508179;[];
75.875;MPIB4;53.98332607973248;53.03335666191526;-0.22850710153579712;-0.2865208685398102;-0.9303964376449585;[];
75.875;MPIB3;51.94819410176024;26.38344659918465;-0.8812848329544067;-0.47249555587768555;-0.0022812923416495323;[];
75.9375;MPIB2;49.13724374868207;23.042954905063652;0.3438044488430023;-0.5835422277450562;0.7356535196304321;[];
75.9375;MPIB1;26.487827865564554;45.22762960554593;-0.005070142447948456;-0.32884371280670166;0.9443391561508179;[];
75.9375;MPIB4;53.98332607973248;53.03335666191526;-0.22850710153579712;-0.2865208685398102;-0.9303964376449585;[];
75.9375;MPIB3;51.85019443959936;26.38319291742181;-0.8812848329544067;-0.47249555587768555;-0.0022812923416495323;[];
76.0;MPIB2;49.332677973710595;22.96624635068585;0.34446650743484497;-0.5813601613044739;0.7370701432228088;[];
76.0;MPIB1;26.487827865564554;45.22762960554593;-0.005070142447948456;-0.32884371280670166;0.9443391561508179;[];
76.0;MPIB4;53.98332607973248;53.03335666191526;-0.22850710153579712;-0.2865208685398102;-0.9303964376449585;[];
76.0;MPIB3;51.69868793916021;26.382685555584146;-0.8812759518623352;-0.47249555587768555;-0.004562569782137871;[];
76.03125;MPIB2;49.52827500709304;22.883109696047285;0.34318995475769043;-0.5792520046234131;0.7393221259117126;[];
76.03125;MPIB1;26.487827865564554;45.22762960554593;-0.005070142447948456;-0.32884371280670166;0.9443391561508179;[];
76.03125;MPIB4;53.98332607973248;53.03335666191526;-0.22850710153579712;-0.2865208685398102;-0.9303964376449585;[];
76.03125;MPIB3;51.517966701627756;26.382178193746483;-0.8812759518623352;-0.47249555587768555;-0.004562569782137871;[];
76.09375;MPIB2;49.69999998807907;22.79693261405575;0.3399098217487335;-0.5771399736404419;0.742482602596283;[];
76.09375;MPIB1;26.487827865564554;45.22762960554593;-0.005070142447948456;-0.32884371280670166;0.9443391561508179;[];
76.09375;MPIB4;53.98332607973248;53.03335666191526;-0.22850710153579712;-0.2865208685398102;-0.9303964376449585;[];
76.09375;MPIB3;51.321942922940934;26.39344676197169;-0.8692009449005127;-0.48403051495552063;0.10061277449131012;[];
76.125;MPIB2;49.69999998807907;22.709095458536666;0.3399098217487335;-0.5771399736404419;0.742482602596283;[];
76.125;MPIB1;26.487827865564554;45.22762960554593;-0.005070142447948456;-0.32884371280670166;0.9443391561508179;[];
76.125;MPIB4;53.98332607973248;53.03335666191526;-0.22850710153579712;-0.2865208685398102;-0.9303964376449585;[];
76.125;MPIB3;51.12657361510378;26.442025655537577;-0.7910472750663757;-0.4794096350669861;0.3799077868461609;[];
76.1875;MPIB2;49.69999998807907;22.620351902766288;0.3399098217487335;-0.5771399736404419;0.742482602596283;[];
76.1875;MPIB1;26.487827865564554;45.22762960554593;-0.005070142447948456;-0.32884371280670166;0.9443391561508179;[];
76.1875;MPIB4;53.98332607973248;53.03335666191526;-0.22850710153579712;-0.2865208685398102;-0.9303964376449585;[];
76.1875;MPIB3;50.9398761610621;26.52511711657283;-0.7295035123825073;-0.44926875829696655;0.5156599879264832;[];
76.25;MPIB2;49.78932013362646;22.53158389696125;0.3366263210773468;-0.5749456286430359;0.7456742525100708;[];
76.25;MPIB1;26.487827865564554;45.22762960554593;-0.005070142447948456;-0.32884371280670166;0.9443391561508179;[];
76.25;MPIB4;53.98332607973248;53.03335666191526;-0.22850710153579712;-0.2865208685398102;-0.9303964376449585;[];
76.25;MPIB3;50.83793933931497;26.570485059567687;-0.5339879989624023;-0.44455158710479736;0.719134509563446;[];
76.28125;MPIB2;49.929579587446845;22.448004689545428;0.29640254378318787;-0.5620104074478149;0.7721403241157532;[];
76.28125;MPIB1;26.487827865564554;45.22762960554593;-0.005070142447948456;-0.32884371280670166;0.9443391561508179;[];
76.28125;MPIB4;53.98332607973248;53.03335666191526;-0.22850710153579712;-0.2865208685398102;-0.9303964376449585;[];
76.28125;MPIB3;50.78228182817634;26.5952559593201;-0.41108494997024536;-0.460964173078537;0.7864113450050354;[];
76.34375;MPIB2;50.00616125812794;22.402370436995852;0.06840457022190094;-0.5358073711395264;0.8415132164955139;[];
76.34375;MPIB1;26.487827865564554;45.22762960554593;-0.005070142447948456;-0.32884371280670166;0.9443391561508179;[];
76.34375;MPIB4;53.98332607973248;53.03335666191526;-0.22850710153579712;-0.2865208685398102;-0.9303964376449585;[];
76.34375;MPIB3;50.75189282356496;26.608780872155876;-0.39389562606811523;-0.47249555587768555;0.7883617877960205;[];
76.375;MPIB2;50.04797485517658;22.377454132209692;-0.2355397492647171;-0.5358073711395264;0.8107679486274719;[];
76.375;MPIB1;26.487827865564554;45.22762960554593;-0.005070142447948456;-0.32884371280670166;0.9443391561508179;[];
76.375;MPIB4;53.98332607973248;53.03335666191526;-0.22850710153579712;-0.2865208685398102;-0.9303964376449585;[];
76.375;MPIB3;50.75189282356496;26.608780872155876;-0.36682620644569397;-0.4816797375679016;0.7958279848098755;[];
76.4375;MPIB2;50.04797485517658;22.377454132209692;-0.2482580691576004;-0.5358073711395264;0.8069644570350647;[];
76.4375;MPIB1;26.487827865564554;45.22762960554593;-0.0025508238468319178;-0.3114960789680481;0.950214147567749;[];
76.4375;MPIB4;53.98332607973248;53.03335666191526;-0.22850710153579712;-0.2865208685398102;-0.9303964376449585;[];
76.4375;MPIB3;50.75189282356496;26.608780872155876;-0.3210935592651367;-0.48855432868003845;0.8112533092498779;[];
76.5;MPIB2;50.08327038701043;22.356421877373094;-0.2482580691576004;-0.5358073711395264;0.8069644570350647;[];
76.5;MPIB1;26.487827865564554;45.22762960554593;-0.0025698402896523476;-0.2889999747276306;0.9572979807853699;[];
76.5;MPIB4;53.98332607973248;53.03335666191526;-0.22850710153579712;-0.2865208685398102;-0.9303964376449585;[];
76.5;MPIB3;50.72129451391265;26.620197469273563;-0.22794313728809357;-0.48855432868003845;0.8421846032142639;[];
76.53125;MPIB2;50.08327038701043;22.356421877373094;-0.2482580691576004;-0.5358073711395264;0.8069644570350647;[];
76.53125;MPIB1;26.417477449559897;45.29869863004916;0.004993576090782881;-0.26384714245796204;0.9645262956619263;[];
76.53125;MPIB4;53.960207319295705;52.938122625469646;-0.22670915722846985;-0.276401162147522;-0.9338920712471008;[];
76.53125;MPIB3;50.72129451391265;26.620197469273563;-0.08091475069522858;-0.46555230021476746;0.8812688589096069;[];
76.59375;MPIB2;50.08327038701043;22.356421877373094;-0.23771539330482483;-0.5358073711395264;0.8101328015327454;[];
76.59375;MPIB1;26.308899917560325;45.40875319275892;0.007531702984124422;-0.24353814125061035;0.9698386788368225;[];
76.59375;MPIB4;53.9259567392844;52.790541165689376;-0.21431683003902435;-0.23851358890533447;-0.9471721649169922;[];
76.59375;MPIB3;50.72129451391265;26.620197469273563;0.01413152925670147;-0.44926875829696655;0.893241822719574;[];
76.625;MPIB2;50.08327038701043;22.356421877373094;-0.2167169153690338;-0.5467707514762878;0.8086950778961182;[];
76.625;MPIB1;26.179635077696275;45.54027523873597;0.010061713866889477;-0.2359057515859604;0.9717012047767639;[];
76.625;MPIB4;53.88763971331832;52.6139449966054;-0.19611063599586487;-0.20016539096832275;-0.959915041923523;[];
76.625;MPIB3;50.72129451391265;26.620197469273563;0.01878015510737896;-0.446954607963562;0.8943166136741638;[];
76.6875;MPIB2;50.189317824413536;22.374250465264907;-0.18534067273139954;-0.5577207207679749;0.8090164661407471;[];
76.6875;MPIB1;26.040779160077932;45.685148860534014;0.033036258071660995;-0.22825877368450165;0.9730179309844971;[];
76.6875;MPIB4;53.84911334165781;52.42111781448972;-0.17696836590766907;-0.17190642654895782;-0.9690706729888916;[];
76.6875;MPIB3;50.72129451391265;26.620197469273563;0.02352709323167801;-0.44455158710479736;0.895401656627655;[];
76.75;MPIB2;50.33716899220496;22.407331860866975;-0.17866283655166626;-0.5598674416542053;0.8090358972549438;[];
76.75;MPIB1;25.89921250608893;45.83959329726582;0.06616751849651337;-0.22573775053024292;0.9719167351722717;[];
76.75;MPIB4;53.81123111212514;52.21929306902584;-0.16985748708248138;-0.1538393348455429;-0.9733718037605286;[];
76.75;MPIB3;50.72129451391265;26.620197469273563;0.025844842195510864;-0.44455158710479736;0.895337700843811;[];
76.78125;MPIB2;50.513646488306875;22.44626993400132;-0.17649036645889282;-0.5598674416542053;0.8095126152038574;[];
76.78125;MPIB1;25.75876795729721;46.001456977146006;0.09920219331979752;-0.22573775053024292;0.9691022634506226;[];
76.78125;MPIB4;53.77446006848163;52.01242619211479;-0.16257727146148682;-0.1382848173379898;-0.9769440293312073;[];
76.78125;MPIB3;50.72436638223917;26.71814900813436;0.02819851227104664;-0.44223135709762573;0.8964152336120605;[];
76.84375;MPIB2;50.70575396148178;22.488405753439707;-0.17649036645889282;-0.5598674416542053;0.8095126152038574;[];
76.84375;MPIB1;25.622032207759617;46.16979307000497;0.1372094750404358;-0.22573775053024292;0.964455246925354;[];
76.84375;MPIB4;53.73880570322535;51.802722827358224;-0.15747995674610138;-0.1357206404209137;-0.9781380891799927;[];
76.84375;MPIB3;50.72743825056568;26.86958209342518;0.02819851227104664;-0.44223135709762573;0.8964152336120605;[];
76.875;MPIB2;50.81064465401861;22.511411913525308;-0.17866283655166626;-0.5598674416542053;0.8090358972549438;[];
76.875;MPIB1;25.490723513434546;46.344107993882545;0.17737779021263123;-0.22825877368450165;0.9572839140892029;[];
76.875;MPIB4;53.70376104443949;51.5914707400581;-0.1575373411178589;-0.1330605298280716;-0.9784945249557495;[];
76.875;MPIB3;50.7305101188922;27.05021610645855;0.02819851227104664;-0.44223135709762573;0.8964152336120605;[];
76.9375;MPIB2;50.86791497879582;22.523973278391082;-0.211426243185997;-0.5401714444160461;0.8145100474357605;[];
76.9375;MPIB1;25.36521514661399;46.52356720096472;0.20958766341209412;-0.23338942229747772;0.949504554271698;[];
76.9375;MPIB4;53.66904928542499;51.379373050151;-0.15759161114692688;-0.13049450516700745;-0.9788316488265991;[];
76.9375;MPIB3;50.73358198721871;27.246793827891253;0.02819851227104664;-0.44223135709762573;0.8964152336120605;[];
77.0;MPIB2;50.899184579756216;22.530831784404427;-0.2710632383823395;-0.526954710483551;0.8054549098014832;[];
77.0;MPIB1;25.245773238099673;46.7076174105851;0.24131274223327637;-0.24102666974067688;0.9400156736373901;[];
77.0;MPIB4;53.63476979964685;51.16677366645021;-0.15505728125572205;-0.13049450516700745;-0.9792362451553345;[];
77.0;MPIB3;50.73665385554523;27.45207681512113;0.02819851227104664;-0.44223135709762573;0.8964152336120605;[];
77.03125;MPIB2;50.899184579756216;22.530831784404427;-0.35570573806762695;-0.5112216472625732;0.7823308706283569;[];
77.03125;MPIB1;25.132366673028287;46.89572779864045;0.2695687711238861;-0.25625601410865784;0.928233802318573;[];
77.03125;MPIB4;53.60072633508321;50.953900357906235;-0.15505728125572205;-0.13049450516700745;-0.9792362451553345;[];
77.03125;MPIB3;50.73665385554523;27.564161339167555;0.02819851227104664;-0.44223135709762573;0.8964152336120605;[];
77.09375;MPIB2;50.899184579756216;22.530831784404427;-0.3921988904476166;-0.5112216472625732;0.76468825340271;[];
77.09375;MPIB1;25.024803873227484;47.08740894898369;0.29561302065849304;-0.26384714245796204;0.9181224703788757;[];
77.09375;MPIB4;53.567062347709225;50.74083813241381;-0.15252193808555603;-0.13049450516700745;-0.9796343445777893;[];
77.09375;MPIB3;50.73665385554523;27.625359496405224;0.025877967476844788;-0.44223135709762573;0.8964852094650269;[];
77.125;MPIB2;50.93066955088724;22.53457652912269;-0.406135231256485;-0.5112216472625732;0.7573785781860352;[];
77.125;MPIB1;24.923486116524145;47.282541221467966;0.32549089193344116;-0.276401162147522;0.9042162895202637;[];
77.125;MPIB4;53.533865555021976;50.52763263687905;-0.14994218945503235;-0.12792761623859406;-0.9803711175918579;[];
77.125;MPIB3;50.73665385554523;27.658773694138148;-0.011490642093122005;-0.47249555587768555;0.8812128305435181;[];
77.1875;MPIB2;50.93066955088724;22.53457652912269;-0.4218749701976776;-0.5112216472625732;0.7487253546714783;[];
77.1875;MPIB1;24.829644133020338;47.48136205435861;0.36425113677978516;-0.2865208685398102;0.8861005902290344;[];
77.1875;MPIB4;53.515740104109454;50.4112224227957;-0.14740391075611115;-0.12792761623859406;-0.9807559251785278;[];
77.1875;MPIB3;50.73665385554523;27.658773694138148;-0.034302227199077606;-0.48403051495552063;0.874332070350647;[];
77.25;MPIB2;50.93066955088724;22.53457652912269;-0.4562187194824219;-0.5067653059959412;0.7314161062240601;[];
77.25;MPIB1;24.74748773139504;47.6850142785178;0.43203210830688477;-0.3064810633659363;0.8481519222259521;[];
77.25;MPIB4;53.5058436067618;50.34766243852354;-0.14486464858055115;-0.12792761623859406;-0.9811342358589172;[];
77.25;MPIB3;50.73665385554523;27.658773694138148;-0.05692179501056671;-0.4908948540687561;0.869310200214386;[];
77.28125;MPIB2;50.93066955088724;22.53457652912269;-0.4826940894126892;-0.5067653059959412;0.7142209410667419;[];
77.28125;MPIB1;24.674965855754294;47.8923013899045;0.45906776189804077;-0.31641149520874023;0.8301102519035339;[];
77.28125;MPIB4;53.50044011858222;50.31295868308001;-0.13968907296657562;-0.12792761623859406;-0.9818844795227051;[];
77.28125;MPIB3;50.73665385554523;27.69241803300642;-0.07917916774749756;-0.49997231364250183;0.8623660802841187;[];
77.34375;MPIB2;50.93066955088724;22.53457652912269;-0.5030341148376465;-0.5067653059959412;0.7000441551208496;[];
77.34375;MPIB1;24.613284708163064;48.10300667145714;0.5043181777000427;-0.32630735635757446;0.7994545102119446;[];
77.34375;MPIB4;53.50044011858222;50.31295868308001;-0.13968907296657562;-0.12792761623859406;-0.9818844795227051;[];
77.34375;MPIB3;50.73665385554523;27.69241803300642;-0.09903939813375473;-0.5067653059959412;0.8563272356987;[];
77.375;MPIB2;50.93066955088724;22.53457652912269;-0.5347303748130798;-0.513526976108551;0.6710208058357239;[];
77.375;MPIB1;24.563176170111774;48.31668809772171;0.547488808631897;-0.3362579047679901;0.7662414908409119;[];
77.375;MPIB4;53.50044011858222;50.31295868308001;-0.13710062205791473;-0.13049450516700745;-0.981911301612854;[];
77.375;MPIB3;50.73665385554523;27.69241803300642;-0.10347141325473785;-0.5067653059959412;0.8558030128479004;[];
77.4375;MPIB2;50.93066955088724;22.53457652912269;-0.5546150803565979;-0.5202569365501404;0.6493455767631531;[];
77.4375;MPIB1;24.522486460464393;48.53246100239065;0.5701740980148315;-0.3411290943622589;0.7473090887069702;[];
77.4375;MPIB4;53.50044011858222;50.27801590463966;-0.13710062205791473;-0.13049450516700745;-0.981911301612854;[];
77.4375;MPIB3;50.73665385554523;27.69241803300642;-0.10798265784978867;-0.5067653059959412;0.8552455306053162;[];
77.5;MPIB2;51.004518923452984;22.59899910674224;-0.5604831576347351;-0.5224658846855164;0.642497181892395;[];
77.5;MPIB1;24.490319812293706;48.749772031573684;0.592961847782135;-0.35102346539497375;0.724648654460907;[];
77.5;MPIB4;53.50044011858222;50.27801590463966;-0.1345120668411255;-0.1330605298280716;-0.9819246530532837;[];
77.5;MPIB3;50.73665385554523;27.69241803300642;-0.10798265784978867;-0.5067653059959412;0.8552455306053162;[];
77.53125;MPIB2;51.11818131012821;22.69917499811453;-0.5636813640594482;-0.526954710483551;0.6360000967979431;[];
77.53125;MPIB1;24.470384056301555;48.96839090741091;0.643656849861145;-0.36078935861587524;0.6748868823051453;[];
77.53125;MPIB4;53.50044011858222;50.27801590463966;-0.1345120668411255;-0.1330605298280716;-0.9819246530532837;[];
77.53125;MPIB3;50.73665385554523;27.69241803300642;-0.10798265784978867;-0.5067653059959412;0.8552455306053162;[];
77.59375;MPIB2;51.18024098046127;22.69999998807907;-0.5661150217056274;-0.5291529893875122;0.6320006251335144;[];
77.59375;MPIB1;24.466545142610812;49.18750351668311;0.700697124004364;-0.3729189932346344;0.6081846952438354;[];
77.59375;MPIB4;53.48713949763146;50.17783846153819;-0.1345120668411255;-0.1330605298280716;-0.9819246530532837;[];
77.59375;MPIB3;50.73665385554523;27.69241803300642;-0.11019617319107056;-0.5067653059959412;0.8549631237983704;[];
77.625;MPIB2;51.214125564398906;22.69999998807907;-0.5675330758094788;-0.533538818359375;0.6270214915275574;[];
77.625;MPIB1;24.48036004268124;49.40617548529727;0.737290620803833;-0.38259485363960266;0.5567368268966675;[];
77.625;MPIB4;53.46657673679806;50.027732353301445;-0.1345120668411255;-0.1330605298280716;-0.9819246530532837;[];
77.625;MPIB3;50.73665385554523;27.69241803300642;-0.11019617319107056;-0.5067653059959412;0.8549631237983704;[];
77.6875;MPIB2;51.214125564398906;22.69999998807907;-0.5708315372467041;-0.533538818359375;0.6240200996398926;[];
77.6875;MPIB1;24.433660386690917;49.60718467228554;0.7652022838592529;-0.3946968615055084;0.5085373520851135;[];
77.6875;MPIB4;53.44204884712826;49.84868119906025;-0.13446307182312012;-0.1357206404209137;-0.9815669655799866;[];
77.6875;MPIB3;50.73665385554523;27.69241803300642;-0.11231930553913116;-0.5089951753616333;0.8533605933189392;[];
77.75;MPIB2;51.214125564398906;22.69999998807907;-0.5753925442695618;-0.5379912257194519;0.6159560680389404;[];
77.75;MPIB1;24.36094129581511;49.802804149148045;0.7995413541793823;-0.4090942442417145;0.4396634101867676;[];
77.75;MPIB4;53.41535599686222;49.65382604786498;-0.13446307182312012;-0.1357206404209137;-0.9815669655799866;[];
77.75;MPIB3;50.73665385554523;27.69241803300642;-0.11231930553913116;-0.5089951753616333;0.8533605933189392;[];
77.78125;MPIB2;51.24824352926882;22.69999998807907;-0.5808930397033691;-0.5401714444160461;0.608843982219696;[];
77.78125;MPIB1;24.27834518383122;49.99772365496423;0.8175020217895508;-0.41625523567199707;0.39793139696121216;[];
77.78125;MPIB4;53.38748107797346;49.450341913330476;-0.13446307182312012;-0.1357206404209137;-0.9815669655799866;[];
77.78125;MPIB3;50.73665385554523;27.69241803300642;-0.1167357861995697;-0.5089951753616333;0.8527676463127136;[];
77.84375;MPIB2;51.24824352926882;22.69999998807907;-0.5915453433990479;-0.5511781573295593;0.5883778929710388;[];
77.84375;MPIB1;24.194317207111567;50.19408160041942;0.8343895673751831;-0.41625523567199707;0.3611828088760376;[];
77.84375;MPIB4;53.358960749541666;49.24214635334553;-0.13446307182312012;-0.1357206404209137;-0.9815669655799866;[];
77.84375;MPIB3;50.73665385554523;27.69241803300642;-0.1256408840417862;-0.5089951753616333;0.8515011668205261;[];
77.875;MPIB2;51.24824352926882;22.69999998807907;-0.602039098739624;-0.5577207207679749;0.5713210701942444;[];
77.875;MPIB1;24.12059301318982;50.39525132462086;0.8717350959777832;-0.41625523567199707;0.2583348751068115;[];
77.875;MPIB4;53.33008802745826;49.03137835476582;-0.13446307182312012;-0.1357206404209137;-0.9815669655799866;[];
77.875;MPIB3;50.73665385554523;27.69241803300642;-0.13233113288879395;-0.5089951753616333;0.8504871129989624;[];
77.9375;MPIB2;51.24824352926882;22.69999998807907;-0.6094910502433777;-0.5577207207679749;0.5633643865585327;[];
77.9375;MPIB1;24.08033959863303;50.5050900067929;0.8949865102767944;-0.4067308008670807;0.18302451074123383;[];
77.9375;MPIB4;53.31432351936974;48.91629901417454;-0.13446307182312012;-0.1357206404209137;-0.9815669655799866;[];
77.9375;MPIB3;50.73665385554523;27.69241803300642;-0.13879990577697754;-0.5112216472625732;0.8481171727180481;[];
78.0;MPIB2;51.24824352926882;22.69999998807907;-0.61094731092453;-0.5577207207679749;0.5617848038673401;[];
78.0;MPIB1;24.058361231732192;50.56506193422473;0.9051187634468079;-0.404276967048645;0.13133639097213745;[];
78.0;MPIB4;53.305716096953574;48.85346568691344;-0.13446307182312012;-0.1357206404209137;-0.9815669655799866;[];
78.0;MPIB3;50.73665385554523;27.69241803300642;-0.13879990577697754;-0.5112216472625732;0.8481171727180481;[];
78.03125;MPIB2;51.24824352926882;22.69999998807907;-0.61094731092453;-0.5577207207679749;0.5617848038673401;[];
78.03125;MPIB1;24.046361042010403;50.59780661040588;0.9074761867523193;-0.4019079804420471;0.1220097541809082;[];
78.03125;MPIB4;53.3010164437685;48.81915868624404;-0.13436584174633026;-0.1408480852842331;-0.980857253074646;[];
78.03125;MPIB3;50.73665385554523;27.69241803300642;-0.14085032045841217;-0.513526976108551;0.8463844656944275;[];
78.09375;MPIB2;51.24824352926882;22.69999998807907;-0.61094731092453;-0.5577207207679749;0.5617848038673401;[];
78.09375;MPIB1;24.046361042010403;50.59780661040588;0.9120121002197266;-0.4019079804420471;0.08144544064998627;[];
78.09375;MPIB4;53.3010164437685;48.81915868624404;-0.13415861129760742;-0.1511862725019455;-0.9793444871902466;[];
78.09375;MPIB3;50.73665385554523;27.69241803300642;-0.14281867444515228;-0.5157464742660522;0.8447033166885376;[];
78.125;MPIB2;51.24824352926882;22.69999998807907;-0.61094731092453;-0.5577207207679749;0.5617848038673401;[];
78.125;MPIB1;24.046361042010403;50.59780661040588;0.9136583209037781;-0.3995363116264343;0.07435723394155502;[];
78.125;MPIB4;53.3010164437685;48.81915868624404;-0.12292066961526871;-0.19245673716068268;-0.9735577702522278;[];
78.125;MPIB3;50.73665385554523;27.69241803300642;-0.1450047641992569;-0.5157464742660522;0.8443307280540466;[];
78.1875;MPIB2;51.24824352926882;22.69999998807907;-0.61094731092453;-0.5577207207679749;0.5617848038673401;[];
78.1875;MPIB1;24.03623148827114;50.630776816375686;0.9191685914993286;-0.38984647393226624;0.05549740046262741;[];
78.1875;MPIB4;53.3010164437685;48.784615395236386;-0.09008636325597763;-0.2889999747276306;-0.9530531764030457;[];
78.1875;MPIB3;50.73665385554523;27.69241803300642;-0.1447782814502716;-0.5179625153541565;0.8430119156837463;[];
78.25;MPIB2;51.24824352926882;22.69999998807907;-0.61094731092453;-0.5577207207679749;0.5617848038673401;[];
78.25;MPIB1;24.03623148827114;50.630776816375686;0.9262837171554565;-0.37540847063064575;0.031627338379621506;[];
78.25;MPIB4;53.3010164437685;48.784615395236386;-0.06423284113407135;-0.32884371280670166;-0.9421657919883728;[];
78.25;MPIB3;50.73665385554523;27.69241803300642;-0.146569162607193;-0.5224658846855164;0.8399175405502319;[];
78.28125;MPIB2;51.24824352926882;22.69999998807907;-0.61094731092453;-0.5577207207679749;0.5617848038673401;[];
78.28125;MPIB1;24.03623148827114;50.630776816375686;0.930728554725647;-0.3656129837036133;0.0024985154159367085;[];
78.28125;MPIB4;53.3010164437685;48.784615395236386;-0.0539378747344017;-0.34608107805252075;-0.9366196393966675;[];
78.28125;MPIB3;50.73665385554523;27.69241803300642;-0.146569162607193;-0.5224658846855164;0.8399175405502319;[];
78.34375;MPIB2;51.24824352926882;22.69999998807907;-0.61094731092453;-0.5577207207679749;0.5617848038673401;[];
78.34375;MPIB1;24.03623148827114;50.630776816375686;0.9316473603248596;-0.36320239305496216;-0.0071457913145422935;[];
78.34375;MPIB4;53.3010164437685;48.784615395236386;-0.051412228494882584;-0.35102346539497375;-0.9349204301834106;[];
78.34375;MPIB3;50.73665385554523;27.69241803300642;-0.146569162607193;-0.5224658846855164;0.8399175405502319;[];
78.375;MPIB2;51.24824352926882;22.69999998807907;-0.61094731092453;-0.5577207207679749;0.5617848038673401;[];
78.375;MPIB1;24.03623148827114;50.630776816375686;0.9360747337341309;-0.35102346539497375;-0.02190183475613594;[];
78.375;MPIB4;53.3010164437685;48.784615395236386;-0.051412228494882584;-0.35102346539497375;-0.9349204301834106;[];
78.375;MPIB3;50.73665385554523;27.69241803300642;-0.146569162607193;-0.5224658846855164;0.8399175405502319;[];
78.4375;MPIB2;51.24824352926882;22.69999998807907;-0.61094731092453;-0.5577207207679749;0.5617848038673401;[];
78.4375;MPIB1;24.03623148827114;50.630776816375686;0.9378525018692017;-0.34608107805252075;-0.024372639134526253;[];
78.4375;MPIB4;53.3010164437685;48.784615395236386;-0.051412228494882584;-0.35102346539497375;-0.9349204301834106;[];
78.4375;MPIB3;50.73665385554523;27.69241803300642;-0.146569162607193;-0.5224658846855164;0.8399175405502319;[];
78.5;MPIB2;51.24824352926882;22.69999998807907;-0.6983337998390198;-0.5620104074478149;0.4431535601615906;[];
78.5;MPIB1;24.03623148827114;50.630776816375686;0.9395975470542908;-0.3411290943622589;-0.02685205079615116;[];
78.5;MPIB4;53.3010164437685;48.784615395236386;-0.051412228494882584;-0.35102346539497375;-0.9349204301834106;[];
78.5;MPIB3;50.73665385554523;27.69241803300642;-0.146569162607193;-0.5224658846855164;0.8399175405502319;[];
78.53125;MPIB2;51.24824352926882;22.69999998807907;-0.7063312530517578;-0.5620104074478149;0.43029215931892395;[];
78.53125;MPIB1;24.03623148827114;50.630776816375686;0.9412749409675598;-0.3362579047679901;-0.029429087415337563;[];
78.53125;MPIB4;53.3010164437685;48.784615395236386;-0.051412228494882584;-0.35102346539497375;-0.9349204301834106;[];
78.53125;MPIB3;50.73665385554523;27.69241803300642;-0.146569162607193;-0.5224658846855164;0.8399175405502319;[];
78.59375;MPIB2;51.24824352926882;22.69999998807907;-0.7074837684631348;-0.5620104074478149;0.42839449644088745;[];
78.59375;MPIB1;24.03623148827114;50.630776816375686;0.9429548382759094;-0.3312872350215912;-0.03192513808608055;[];
78.59375;MPIB4;53.3010164437685;48.784615395236386;-0.051412228494882584;-0.35102346539497375;-0.9349204301834106;[];
78.59375;MPIB3;50.73665385554523;27.69241803300642;-0.146569162607193;-0.5224658846855164;0.8399175405502319;[];
78.625;MPIB2;51.24824352926882;22.69999998807907;-0.7050400972366333;-0.5642287731170654;0.4295055866241455;[];
78.625;MPIB1;24.03623148827114;50.630776816375686;0.9429548382759094;-0.3312872350215912;-0.03192513808608055;[];
78.625;MPIB4;53.3010164437685;48.784615395236386;-0.051412228494882584;-0.35102346539497375;-0.9349204301834106;[];
78.625;MPIB3;50.73665385554523;27.69241803300642;-0.146569162607193;-0.5224658846855164;0.8399175405502319;[];
78.6875;MPIB2;51.24824352926882;22.69999998807907;-0.7050400972366333;-0.5642287731170654;0.4295055866241455;[];
78.6875;MPIB1;24.03623148827114;50.630776816375686;0.9438089728355408;-0.32884371280670166;-0.03195405751466751;[];
78.6875;MPIB4;53.3010164437685;48.784615395236386;-0.051412228494882584;-0.35102346539497375;-0.9349204301834106;[];
78.6875;MPIB3;50.73665385554523;27.69241803300642;-0.146569162607193;-0.5224658846855164;0.8399175405502319;[];
78.75;MPIB2;51.24824352926882;22.69999998807907;-0.6968956589698792;-0.5684955716133118;0.4371035099029541;[];
78.75;MPIB1;24.03623148827114;50.630776816375686;0.944688081741333;-0.32630735635757446;-0.03198382258415222;[];
78.75;MPIB4;53.3010164437685;48.784615395236386;-0.051412228494882584;-0.35102346539497375;-0.9349204301834106;[];
78.75;MPIB3;50.73665385554523;27.69241803300642;-0.146569162607193;-0.5224658846855164;0.8399175405502319;[];
78.78125;MPIB2;51.251254960360505;22.69999998807907;-0.675371527671814;-0.5792520046234131;0.45634400844573975;[];
78.78125;MPIB1;24.03623148827114;50.630776816375686;0.9455293416976929;-0.3238593637943268;-0.03201230242848396;[];
78.78125;MPIB4;53.3010164437685;48.784615395236386;-0.051412228494882584;-0.35102346539497375;-0.9349204301834106;[];
78.78125;MPIB3;50.73665385554523;27.69241803300642;-0.146569162607193;-0.5224658846855164;0.8399175405502319;[];
78.84375;MPIB2;51.251254960360505;22.69999998807907;-0.672901451587677;-0.5813601613044739;0.45731091499328613;[];
78.84375;MPIB1;24.03623148827114;50.630776816375686;0.9455293416976929;-0.3238593637943268;-0.03201230242848396;[];
78.84375;MPIB4;53.3010164437685;48.784615395236386;-0.051412228494882584;-0.35102346539497375;-0.9349204301834106;[];
78.84375;MPIB3;50.73665385554523;27.69241803300642;-0.146569162607193;-0.5224658846855164;0.8399175405502319;[];
78.875;MPIB2;51.251254960360505;22.69999998807907;-0.672901451587677;-0.5813601613044739;0.45731091499328613;[];
78.875;MPIB1;24.03623148827114;50.630776816375686;0.9480454325675964;-0.31641149520874023;-0.03209748864173889;[];
78.875;MPIB4;53.3010164437685;48.784615395236386;-0.051412228494882584;-0.35102346539497375;-0.9349204301834106;[];
78.875;MPIB3;50.73665385554523;27.69241803300642;-0.146569162607193;-0.5224658846855164;0.8399175405502319;[];
78.9375;MPIB2;51.251254960360505;22.69999998807907;-0.672901451587677;-0.5813601613044739;0.45731091499328613;[];
78.9375;MPIB1;24.03623148827114;50.630776816375686;0.9488610625267029;-0.31395483016967773;-0.03212510421872139;[];
78.9375;MPIB4;53.3010164437685;48.784615395236386;-0.051412228494882584;-0.35102346539497375;-0.9349204301834106;[];
78.9375;MPIB3;50.73665385554523;27.69241803300642;-0.146569162607193;-0.5224658846855164;0.8399175405502319;[];
79.0;MPIB2;51.251254960360505;22.69999998807907;-0.672901451587677;-0.5813601613044739;0.45731091499328613;[];
79.0;MPIB1;24.03623148827114;50.630776816375686;0.953678548336029;-0.29898834228515625;-0.03228820860385895;[];
79.0;MPIB4;53.3010164437685;48.784615395236386;-0.05136215314269066;-0.3534461557865143;-0.9340097904205322;[];
79.0;MPIB3;50.73665385554523;27.69241803300642;-0.146569162607193;-0.5224658846855164;0.8399175405502319;[];
79.03125;MPIB2;51.251254960360505;22.69999998807907;-0.6717153787612915;-0.5813601613044739;0.4590512216091156;[];
79.03125;MPIB1;24.03623148827114;50.630776816375686;0.9552414417266846;-0.2939523458480835;-0.0323411226272583;[];
79.03125;MPIB4;53.3010164437685;48.784615395236386;-0.05136215314269066;-0.3534461557865143;-0.9340097904205322;[];
79.03125;MPIB3;50.73665385554523;27.69241803300642;-0.146569162607193;-0.5224658846855164;0.8399175405502319;[];
79.09375;MPIB2;51.251254960360505;22.69999998807907;-0.6717153787612915;-0.5813601613044739;0.4590512216091156;[];
79.09375;MPIB1;24.03623148827114;50.630776816375686;0.955998957157135;-0.29147714376449585;-0.03236676752567291;[];
79.09375;MPIB4;53.3010164437685;48.784615395236386;-0.05136215314269066;-0.3534461557865143;-0.9340097904205322;[];
79.09375;MPIB3;50.73665385554523;27.69241803300642;-0.19461573660373688;-0.5224658846855164;0.8301016092300415;[];
79.125;MPIB2;51.251254960360505;22.69999998807907;-0.6717153787612915;-0.5813601613044739;0.4590512216091156;[];
79.125;MPIB1;24.03623148827114;50.630776816375686;0.9574947357177734;-0.2865208685398102;-0.032417409121990204;[];
79.125;MPIB4;53.3010164437685;48.784615395236386;-0.05136215314269066;-0.3534461557865143;-0.9340097904205322;[];
79.125;MPIB3;50.63702756772727;27.70105507758521;-0.5654016733169556;-0.4771362841129303;0.6727417707443237;[];
79.1875;MPIB2;51.251254960360505;22.69999998807907;-0.6717153787612915;-0.5813601613044739;0.4590512216091156;[];
79.1875;MPIB1;24.03623148827114;50.630776816375686;0.9582602977752686;-0.2839479446411133;-0.0324433296918869;[];
79.1875;MPIB4;53.3010164437685;48.78156642262192;-0.05136215314269066;-0.3534461557865143;-0.9340097904205322;[];
79.1875;MPIB3;50.48359237403952;27.691942425719418;-0.7082095742225647;-0.460964173078537;0.5346708297729492;[];
79.25;MPIB2;51.251254960360505;22.69999998807907;-0.6717153787612915;-0.5813601613044739;0.4590512216091156;[];
79.25;MPIB1;24.03623148827114;50.630776816375686;0.9597171545028687;-0.2789800465106964;-0.03249265253543854;[];
79.25;MPIB4;53.3010164437685;48.78156642262192;-0.05136215314269066;-0.3534461557865143;-0.9340097904205322;[];
79.25;MPIB3;50.301129621322616;27.67081612602476;-0.7225360870361328;-0.45627835392951965;0.5193012952804565;[];
79.28125;MPIB2;51.251254960360505;22.69999998807907;-0.6717153787612915;-0.5813601613044739;0.4590512216091156;[];
79.28125;MPIB1;24.03623148827114;50.630776816375686;0.9597171545028687;-0.2789800465106964;-0.03249265253543854;[];
79.28125;MPIB4;53.3010164437685;48.78156642262192;-0.05136215314269066;-0.3534461557865143;-0.9340097904205322;[];
79.28125;MPIB3;50.10281781953495;27.643130373853637;-0.7225360870361328;-0.45627835392951965;0.5193012952804565;[];
79.34375;MPIB2;51.251254960360505;22.69999998807907;-0.6717153787612915;-0.5813601613044739;0.4590512216091156;[];
79.34375;MPIB1;24.03623148827114;50.630776816375686;0.9604623913764954;-0.276401162147522;-0.03251788392663002;[];
79.34375;MPIB4;53.3010164437685;48.78156642262192;-0.05136215314269066;-0.3534461557865143;-0.9340097904205322;[];
79.34375;MPIB3;49.914960940006495;27.68520871706957;-0.7225360870361328;-0.45627835392951965;0.5193012952804565;[];
79.375;MPIB2;51.16677073335884;22.74966298416257;-0.7013834714889526;-0.5813601613044739;0.4122994840145111;[];
79.375;MPIB1;24.03623148827114;50.630776816375686;0.9626051187515259;-0.2688373327255249;-0.03259043022990227;[];
79.375;MPIB4;53.3010164437685;48.78156642262192;-0.05136215314269066;-0.3534461557865143;-0.9340097904205322;[];
79.375;MPIB3;49.73281244869463;27.765378260791238;-0.7225360870361328;-0.45627835392951965;0.5193012952804565;[];
79.4375;MPIB2;51.03379253881564;22.82217843666473;-0.7250510454177856;-0.5749456286430359;0.37900975346565247;[];
79.4375;MPIB1;24.03623148827114;50.630776816375686;0.9646883606910706;-0.2612568736076355;-0.03266096115112305;[];
79.4375;MPIB4;53.3010164437685;48.78156642262192;-0.05136215314269066;-0.3534461557865143;-0.9340097904205322;[];
79.4375;MPIB3;49.553780737710895;27.86634560240475;-0.7225360870361328;-0.45627835392951965;0.5193012952804565;[];
79.5;MPIB2;50.874219407484205;22.90694636153964;-0.7273481488227844;-0.5728257298469543;0.37781646847724915;[];
79.5;MPIB1;24.03623148827114;50.630776816375686;0.9680938720703125;-0.24864903092384338;-0.030267585068941116;[];
79.5;MPIB4;53.3010164437685;48.78156642262192;-0.05136215314269066;-0.3534461557865143;-0.9340097904205322;[];
79.5;MPIB3;49.37645078898413;27.978668542986213;-0.7225360870361328;-0.45627835392951965;0.5193012952804565;[];
79.53125;MPIB2;50.699772981814036;22.997719045045358;-0.7329774498939514;-0.5684955716133118;0.37345296144485474;[];
79.53125;MPIB1;24.03623148827114;50.630776816375686;0.971354067325592;-0.2359057515859604;-0.027759596705436707;[];
79.53125;MPIB4;53.3010164437685;48.78156642262192;-0.05136215314269066;-0.3534461557865143;-0.9340097904205322;[];
79.53125;MPIB3;49.200050002557646;28.097191641324315;-0.7225360870361328;-0.45627835392951965;0.5193012952804565;[];
79.59375;MPIB2;50.51585010335205;23.08900288348738;-0.7549463510513306;-0.5511781573295593;0.35520482063293457;[];
79.59375;MPIB1;24.13419840513029;50.628230886861814;0.9732476472854614;-0.22825877368450165;-0.025292478501796722;[];
79.59375;MPIB4;53.3010164437685;48.78156642262192;-0.05136215314269066;-0.3534461557865143;-0.9340097904205322;[];
79.59375;MPIB3;49.103735161981604;28.161905260533587;-0.7211893796920776;-0.45627835392951965;0.521169900894165;[];
79.625;MPIB2;50.32478766260677;23.176103652386985;-0.7923572063446045;-0.5157464742660522;0.3257158696651459;[];
79.625;MPIB1;24.285655264807588;50.62568495734794;0.9738352298736572;-0.22573775053024292;-0.025307750329375267;[];
79.625;MPIB4;53.3010164437685;48.78156642262192;-0.05136215314269066;-0.3534461557865143;-0.9340097904205322;[];
79.625;MPIB3;49.05114725291878;28.19723890072595;-0.7211893796920776;-0.45627835392951965;0.521169900894165;[];
79.6875;MPIB2;50.12843602680689;23.25733850157161;-0.8205350041389465;-0.48629406094551086;0.300264835357666;[];
79.6875;MPIB1;24.466317636655845;50.62313902783407;0.9738352298736572;-0.22573775053024292;-0.025307750329375267;[];
79.6875;MPIB4;53.3010164437685;48.78156642262192;-0.05136215314269066;-0.3534461557865143;-0.9340097904205322;[];
79.6875;MPIB3;49.02243425123538;28.21653107051182;-0.7211893796920776;-0.45627835392951965;0.521169900894165;[];
79.75;MPIB2;49.92542355341038;23.32232043417065;-0.8778824210166931;-0.4399081766605377;0.18901723623275757;[];
79.75;MPIB1;24.662932478489324;50.62084670281237;0.9744789004325867;-0.2232152223587036;-0.022800397127866745;[];
79.75;MPIB4;53.3010164437685;48.78156642262192;-0.05136215314269066;-0.3534461557865143;-0.9340097904205322;[];
79.75;MPIB3;49.02243425123538;28.21653107051182;-0.7211893796920776;-0.45627835392951965;0.521169900894165;[];
79.78125;MPIB2;49.71731920112602;23.369824793570018;-0.9023381471633911;-0.41625523567199707;0.1115562915802002;[];
79.78125;MPIB1;24.868257369946377;50.61855437779067;0.9744789004325867;-0.2232152223587036;-0.022800397127866745;[];
79.78125;MPIB4;53.3010164437685;48.78156642262192;-0.05136215314269066;-0.3534461557865143;-0.9340097904205322;[];
79.78125;MPIB3;49.02243425123538;28.21653107051182;-0.7198379039764404;-0.45627835392951965;0.5230350494384766;[];
79.84375;MPIB2;49.50615331146972;23.405236941392815;-0.908178448677063;-0.4090942442417145;0.0882171168923378;[];
79.84375;MPIB1;25.07806428177446;50.6108859939055;0.9717517495155334;-0.2232152223587036;-0.0762728676199913;[];
79.84375;MPIB4;53.3010164437685;48.78156642262192;-0.05131173133850098;-0.3558664619922638;-0.9330929517745972;[];
79.84375;MPIB3;48.99352348802404;28.23595611560694;-0.7170699238777161;-0.45627835392951965;0.5268234610557556;[];
79.875;MPIB2;49.29322213861375;23.43302691663169;-0.9122274518013;-0.4019079804420471;0.07899688929319382;[];
79.875;MPIB1;25.27210374890899;50.66737977304771;0.9660802483558655;-0.2232152223587036;-0.12960782647132874;[];
79.875;MPIB4;53.3010164437685;48.78156642262192;-0.05623124912381172;-0.3558664619922638;-0.9328094124794006;[];
79.875;MPIB3;48.99352348802404;28.23595611560694;-0.7147511839866638;-0.45858025550842285;0.5279742479324341;[];
79.9375;MPIB2;49.079327121018814;23.456655185156336;-0.9122274518013;-0.4019079804420471;0.07899688929319382;[];
79.9375;MPIB1;25.45863198858831;50.7574404935628;0.9617781639099121;-0.2308715432882309;-0.1470063030719757;[];
79.9375;MPIB4;53.3010164437685;48.78156642262192;-0.05623124912381172;-0.3558664619922638;-0.9328094124794006;[];
79.9375;MPIB3;48.99352348802404;28.23595611560694;-0.7147511839866638;-0.45858025550842285;0.5279742479324341;[];
80.0;MPIB2;48.86490584413527;23.47801116155111;-0.9122274518013;-0.4019079804420471;0.07899688929319382;[];
80.0;MPIB1;25.641673494828524;50.86498344194817;0.9571349620819092;-0.24353814125061035;-0.1565496176481247;[];
80.0;MPIB4;53.3010164437685;48.78156642262192;-0.05858554691076279;-0.3583739101886749;-0.9317036867141724;[];
80.0;MPIB3;48.99352348802404;28.23595611560694;-0.7147511839866638;-0.45858025550842285;0.5279742479324341;[];
80.03125;MPIB2;48.65019722964678;23.498126466298828;-0.9122274518013;-0.4019079804420471;0.07899688929319382;[];
80.03125;MPIB1;25.822811244389868;50.98207168785942;0.9538944959640503;-0.25625601410865784;-0.15601959824562073;[];
80.03125;MPIB4;53.3010164437685;48.78156642262192;-0.05858554691076279;-0.3583739101886749;-0.9317036867141724;[];
80.03125;MPIB3;48.99352348802404;28.23595611560694;-0.7147511839866638;-0.45858025550842285;0.5279742479324341;[];
80.09375;MPIB2;48.43533172880776;23.517564364248585;-0.9122274518013;-0.4019079804420471;0.07899688929319382;[];
80.09375;MPIB1;26.0032162011305;51.10394270337258;0.9503647089004517;-0.2663431465625763;-0.16059230268001556;[];
80.09375;MPIB4;53.3010164437685;48.78156642262192;-0.05858554691076279;-0.3583739101886749;-0.9317036867141724;[];
80.09375;MPIB3;48.99352348802404;28.23595611560694;-0.7147511839866638;-0.45858025550842285;0.5279742479324341;[];
80.125;MPIB2;48.2203805680114;23.536632398043707;-0.9122274518013;-0.4019079804420471;0.07899688929319382;[];
80.125;MPIB1;26.18426833635567;51.2269229886617;0.9444749355316162;-0.276401162147522;-0.17744384706020355;[];
80.125;MPIB4;53.3010164437685;48.78156642262192;-0.05858554691076279;-0.3583739101886749;-0.9317036867141724;[];
80.125;MPIB3;48.99352348802404;28.23595611560694;-0.7147511839866638;-0.45858025550842285;0.5279742479324341;[];
80.1875;MPIB2;48.026469650057926;23.48269709066753;-0.9122274518013;-0.4019079804420471;0.07899688929319382;[];
80.1875;MPIB1;26.36878703382513;51.345661293284564;0.9305452108383179;-0.2839479446411133;-0.23101016879081726;[];
80.1875;MPIB4;53.3010164437685;48.78156642262192;-0.05858554691076279;-0.3583739101886749;-0.9317036867141724;[];
80.1875;MPIB3;48.99352348802404;28.23595611560694;-0.7147511839866638;-0.45858025550842285;0.5279742479324341;[];
80.25;MPIB2;47.84404670603103;23.388901954381993;-0.9122274518013;-0.4019079804420471;0.07899688929319382;[];
80.25;MPIB1;26.55838633951862;51.456375988730656;0.912017285823822;-0.2889999747276306;-0.29086005687713623;[];
80.25;MPIB4;53.3010164437685;48.78156642262192;-0.05858554691076279;-0.3583739101886749;-0.9317036867141724;[];
80.25;MPIB3;48.99352348802404;28.23595611560694;-0.7147511839866638;-0.45858025550842285;0.5279742479324341;[];
80.28125;MPIB2;47.6678961964966;23.27334334898407;-0.9122274518013;-0.4019079804420471;0.07899688929319382;[];
80.28125;MPIB1;26.75487871110772;51.55365507265563;0.8785983920097351;-0.2889999747276306;-0.3800352215766907;[];
80.28125;MPIB4;53.3010164437685;48.78156642262192;-0.05858554691076279;-0.3583739101886749;-0.9317036867141724;[];
80.28125;MPIB3;48.99352348802404;28.23595611560694;-0.7147511839866638;-0.45858025550842285;0.5279742479324341;[];
80.34375;MPIB2;47.49517043659285;23.14590188807057;-0.9122274518013;-0.4019079804420471;0.07899688929319382;[];
80.34375;MPIB1;26.95668052122346;51.639427376236995;0.8601492047309875;-0.29147714376449585;-0.41840407252311707;[];
80.34375;MPIB4;53.3010164437685;48.78156642262192;-0.05858554691076279;-0.3583739101886749;-0.9317036867141724;[];
80.34375;MPIB3;48.99352348802404;28.23595611560694;-0.7147511839866638;-0.45858025550842285;0.5279742479324341;[];
80.375;MPIB2;47.30348229001849;23.087326037668134;-0.9045225977897644;-0.4139001667499542;0.10224141925573349;[];
80.375;MPIB1;27.16281605831807;51.714423945370214;0.8367399573326111;-0.3014575242996216;-0.45701318979263306;[];
80.375;MPIB4;53.3010164437685;48.78156642262192;-0.060997143387794495;-0.3583739101886749;-0.9315489530563354;[];
80.375;MPIB3;48.99352348802404;28.23595611560694;-0.7147511839866638;-0.45858025550842285;0.5279742479324341;[];
80.4375;MPIB2;47.10219196586447;23.071681150321012;-0.8899192810058594;-0.4304995536804199;0.15046358108520508;[];
80.4375;MPIB1;27.37253685971416;51.77899059617937;0.8129344582557678;-0.3064810633659363;-0.49504929780960083;[];
80.4375;MPIB4;53.3010164437685;48.78156642262192;-0.060997143387794495;-0.3583739101886749;-0.9315489530563354;[];
80.4375;MPIB3;48.99352348802404;28.23595611560694;-0.7147511839866638;-0.45858025550842285;0.5279742479324341;[];
80.5;MPIB2;46.897760124487576;23.08899605728152;-0.860572338104248;-0.45157986879348755;0.23540109395980835;[];
80.5;MPIB1;27.586438275181308;51.825237621309924;0.7370650768280029;-0.32884371280670166;-0.5902998447418213;[];
80.5;MPIB4;53.3010164437685;48.78156642262192;-0.0634976327419281;-0.3583739101886749;-0.9313818216323853;[];
80.5;MPIB3;48.99352348802404;28.23595611560694;-0.7147511839866638;-0.45858025550842285;0.5279742479324341;[];
80.53125;MPIB2;46.694018725026126;23.131880644685026;-0.8329930305480957;-0.4632597863674164;0.3023810088634491;[];
80.53125;MPIB1;27.803220066277618;51.84919424098223;0.6540539264678955;-0.3485085368156433;-0.6712737083435059;[];
80.53125;MPIB4;53.3010164437685;48.78156642262192;-0.0634976327419281;-0.3583739101886749;-0.9313818216323853;[];
80.53125;MPIB3;48.99352348802404;28.23595611560694;-0.7147511839866638;-0.45858025550842285;0.5279742479324341;[];
80.59375;MPIB2;46.4907966874895;23.11605510795428;-0.8199742436408997;-0.46792641282081604;0.3295569121837616;[];
80.59375;MPIB1;28.020587385424506;51.848199244079154;0.5553485751152039;-0.38020193576812744;-0.7395188808441162;[];
80.59375;MPIB4;53.3010164437685;48.78156642262192;-0.0683186948299408;-0.3583739101886749;-0.9310405850410461;[];
80.59375;MPIB3;48.99352348802404;28.23595611560694;-0.7147511839866638;-0.45858025550842285;0.5279742479324341;[];
80.625;MPIB2;46.28657618529229;23.071326493297818;-0.804936408996582;-0.47477537393569946;0.35578855872154236;[];
80.625;MPIB1;28.236978881068808;51.826916321602624;0.4947512149810791;-0.4019079804420471;-0.7704203724861145;[];
80.625;MPIB4;53.3010164437685;48.78156642262192;-0.07065801322460175;-0.36078935861587524;-0.929932177066803;[];
80.625;MPIB3;48.99352348802404;28.23595611560694;-0.7147511839866638;-0.45858025550842285;0.5279742479324341;[];
80.6875;MPIB2;46.08046438022715;23.014509665357878;-0.7880731821060181;-0.4794096350669861;0.3860393464565277;[];
80.6875;MPIB1;28.45218279764424;51.79120248487192;0.4701213836669922;-0.4114549458026886;-0.7807358503341675;[];
80.6875;MPIB4;53.3010164437685;48.78156642262192;-0.07315412163734436;-0.36078935861587524;-0.9297391772270203;[];
80.6875;MPIB3;48.99352348802404;28.23595611560694;-0.7147511839866638;-0.45858025550842285;0.5279742479324341;[];
80.75;MPIB2;45.87204609046094;22.955083691179283;-0.7656112909317017;-0.4908948540687561;0.41566765308380127;[];
80.75;MPIB1;28.666349941909743;51.74609567083624;0.4567663073539734;-0.41625523567199707;-0.7861009240150452;[];
80.75;MPIB4;53.3010164437685;48.78156642262192;-0.07556059211492538;-0.36078935861587524;-0.9295467138290405;[];
80.75;MPIB3;48.99352348802404;28.23595611560694;-0.7147511839866638;-0.45858025550842285;0.5279742479324341;[];
80.78125;MPIB2;45.70748936971174;22.83880759082672;-0.7407736778259277;-0.49997231364250183;0.44855213165283203;[];
80.78125;MPIB1;28.878557720054232;51.69108402139889;0.4166038930416107;-0.4186075031757355;-0.806890070438385;[];
80.78125;MPIB4;53.3010164437685;48.78156642262192;-0.07788819819688797;-0.36320239305496216;-0.928413987159729;[];
80.78125;MPIB3;48.99352348802404;28.23595611560694;-0.7147511839866638;-0.45858025550842285;0.5279742479324341;[];
80.84375;MPIB2;45.562137712169815;22.694553633262984;-0.7060469388961792;-0.5157464742660522;0.4851994812488556;[];
80.84375;MPIB1;29.086818456210494;51.62279703218377;0.345470666885376;-0.4304995536804199;-0.8337807655334473;[];
80.84375;MPIB4;53.3010164437685;48.78156642262192;-0.07788819819688797;-0.36320239305496216;-0.928413987159729;[];
80.84375;MPIB3;48.99352348802404;28.23595611560694;-0.7147511839866638;-0.45858025550842285;0.5279742479324341;[];
80.875;MPIB2;45.423525387870455;22.537730738632405;-0.6802072525024414;-0.5202569365501404;0.5162999629974365;[];
80.875;MPIB1;29.293884464677944;51.615323799716975;0.2737903296947479;-0.4351666569709778;-0.857641339302063;[];
80.875;MPIB4;53.3010164437685;48.78156642262192;-0.08038020879030228;-0.36320239305496216;-0.9282015562057495;[];
80.875;MPIB3;48.99352348802404;28.23595611560694;-0.7147511839866638;-0.45858025550842285;0.5279742479324341;[];
80.9375;MPIB2;45.28458954299421;22.377252291082982;-0.6512300968170166;-0.5224658846855164;0.5503121018409729;[];
80.9375;MPIB1;29.502522045751675;51.63288947622834;0.1974949687719345;-0.446954607963562;-0.8724205493927002;[];
80.9375;MPIB4;53.3010164437685;48.78156642262192;-0.08038020879030228;-0.36320239305496216;-0.9282015562057495;[];
80.9375;MPIB3;48.99352348802404;28.23595611560694;-0.7147511839866638;-0.45858025550842285;0.5279742479324341;[];
81.0;MPIB2;45.20873056288056;22.289631048543555;-0.5859689116477966;-0.5246713161468506;0.6174745559692383;[];
81.0;MPIB1;29.61643817824961;51.64248033671754;0.1276043951511383;-0.45858025550842285;-0.8793870806694031;[];
81.0;MPIB4;53.3010164437685;48.78156642262192;-0.08278267085552216;-0.36320239305496216;-0.9279903769493103;[];
81.0;MPIB3;48.99352348802404;28.23595611560694;-0.7147511839866638;-0.45858025550842285;0.5279742479324341;[];
81.03125;MPIB2;45.16731155492758;22.241789844560145;-0.5357287526130676;-0.5246713161468506;0.661535382270813;[];
81.03125;MPIB1;29.678636393817897;51.6477169471529;0.09961847215890884;-0.4632597863674164;-0.8805515766143799;[];
81.03125;MPIB4;53.3010164437685;48.78156642262192;-0.10215862840414047;-0.36320239305496216;-0.9260576367378235;[];
81.03125;MPIB3;48.99352348802404;28.23595611560694;-0.7147511839866638;-0.45858025550842285;0.5279742479324341;[];
81.09375;MPIB2;45.144696773958486;22.215668544151157;-0.4662506878376007;-0.5224658846855164;0.7138307094573975;[];
81.09375;MPIB1;29.712596623462787;51.6477169471529;0.057910945266485214;-0.46792641282081604;-0.8818174600601196;[];
81.09375;MPIB4;53.3010164437685;48.78156642262192;-0.23874743282794952;-0.36320239305496216;-0.9005658030509949;[];
81.09375;MPIB3;48.99352348802404;28.23595611560694;-0.7147511839866638;-0.45858025550842285;0.5279742479324341;[];
81.125;MPIB2;45.144696773958486;22.215668544151157;-0.4166758954524994;-0.5157464742660522;0.7485332489013672;[];
81.125;MPIB1;29.712596623462787;51.6477169471529;0.013959970325231552;-0.47021257877349854;-0.8823963403701782;[];
81.125;MPIB4;53.3010164437685;48.78156642262192;-0.45668190717697144;-0.3312872350215912;-0.8256091475486755;[];
81.125;MPIB3;48.99352348802404;28.23595611560694;-0.7147511839866638;-0.45858025550842285;0.5279742479324341;[];
81.1875;MPIB2;45.144696773958486;22.215668544151157;-0.359467089176178;-0.5044492483139038;0.785003662109375;[];
81.1875;MPIB1;29.712596623462787;51.6477169471529;-0.009053047746419907;-0.47021257877349854;-0.882461667060852;[];
81.1875;MPIB4;53.3010164437685;48.78156642262192;-0.5545303821563721;-0.3312872350215912;-0.7633379697799683;[];
81.1875;MPIB3;48.99352348802404;28.23595611560694;-0.7147511839866638;-0.45858025550842285;0.5279742479324341;[];
81.25;MPIB2;45.12192623311123;22.18936733262231;-0.283999502658844;-0.5044492483139038;0.8153475522994995;[];
81.25;MPIB1;29.74679075505162;51.6477169471529;-0.034511834383010864;-0.47021257877349854;-0.881833016872406;[];
81.25;MPIB4;53.24055354053712;48.704441618363575;-0.5821086168289185;-0.3312872350215912;-0.7425215840339661;[];
81.25;MPIB3;48.99352348802404;28.23595611560694;-0.7147511839866638;-0.45858025550842285;0.5279742479324341;[];
81.28125;MPIB2;45.12192623311123;22.18936733262231;-0.19745518267154694;-0.5022124648094177;0.8418496251106262;[];
81.28125;MPIB1;29.74679075505162;51.6477169471529;-0.050722885876894;-0.46792641282081604;-0.8822656869888306;[];
81.28125;MPIB4;53.14626789843737;48.585848593212035;-0.5899068117141724;-0.3312872350215912;-0.7363414764404297;[];
81.28125;MPIB3;48.99352348802404;28.23595611560694;-0.7147511839866638;-0.45858025550842285;0.5279742479324341;[];
81.34375;MPIB2;45.02486907684645;22.175806116439304;-0.12019918113946915;-0.49539870023727417;0.8602613806724548;[];
81.34375;MPIB1;29.74679075505162;51.6477169471529;-0.053081706166267395;-0.46555230021476746;-0.8833823800086975;[];
81.34375;MPIB4;53.032915658187676;48.44509798104431;-0.595677375793457;-0.3312872350215912;-0.7316811084747314;[];
81.34375;MPIB3;48.99352348802404;28.23595611560694;-0.7123402953147888;-0.460964173078537;0.5291549563407898;[];
81.375;MPIB2;44.87415825783936;22.160967499895435;-0.06598968058824539;-0.49314841628074646;0.8673913478851318;[];
81.375;MPIB1;29.74679075505162;51.6477169471529;-0.053081706166267395;-0.46555230021476746;-0.8833823800086975;[];
81.375;MPIB4;52.9087604234428;48.29257066850167;-0.5994574427604675;-0.3312872350215912;-0.7285873889923096;[];
81.375;MPIB3;48.99352348802404;28.23595611560694;-0.7123402953147888;-0.460964173078537;0.5291549563407898;[];
81.4375;MPIB2;44.69393620796466;22.149267896123575;-0.031981948763132095;-0.4908948540687561;0.8705845475196838;[];
81.4375;MPIB1;29.74679075505162;51.6477169471529;-0.05536824092268944;-0.46555230021476746;-0.8832420110702515;[];
81.4375;MPIB4;52.77830857163963;48.133942652074495;-0.6032909750938416;-0.3312872350215912;-0.7254163026809692;[];
81.4375;MPIB3;48.99352348802404;28.23595611560694;-0.7123402953147888;-0.460964173078537;0.5291549563407898;[];
81.5;MPIB2;44.497537992252816;22.143640950229496;0.006848778109997511;-0.4908948540687561;0.8711448907852173;[];
81.5;MPIB1;29.74679075505162;51.6477169471529;-0.057739075273275375;-0.46555230021476746;-0.8830901980400085;[];
81.5;MPIB4;52.64189106019808;47.974159630255684;-0.6276265382766724;-0.3312872350215912;-0.7044669985771179;[];
81.5;MPIB3;48.99352348802404;28.23595611560694;-0.7123402953147888;-0.460964173078537;0.5291549563407898;[];
81.53125;MPIB2;44.390304554018705;22.140568637414475;0.047834351658821106;-0.4908948540687561;0.8698575496673584;[];
81.53125;MPIB1;29.74679075505162;51.6477169471529;-0.057817526161670685;-0.4632597863674164;-0.8842900395393372;[];
81.53125;MPIB4;52.49108897530368;47.82544010125093;-0.7374119162559509;-0.3214091956615448;-0.5940214991569519;[];
81.53125;MPIB3;48.99352348802404;28.23595611560694;-0.7123402953147888;-0.460964173078537;0.5291549563407898;[];
81.59375;MPIB2;44.331755089942206;22.140568637414475;0.08879703283309937;-0.4908948540687561;0.8666344881057739;[];
81.59375;MPIB1;29.74679075505162;51.6477169471529;-0.06247910484671593;-0.460964173078537;-0.8851722478866577;[];
81.59375;MPIB4;52.32506296197789;47.6932460360417;-0.8086228370666504;-0.3214091956615448;-0.4927137792110443;[];
81.59375;MPIB3;48.99352348802404;28.23595611560694;-0.7123402953147888;-0.460964173078537;0.5291549563407898;[];
81.625;MPIB2;44.299787078843266;22.140568637414475;0.1116151362657547;-0.48855432868003845;0.8653178811073303;[];
81.625;MPIB1;29.74679075505162;51.6477169471529;-0.06256601959466934;-0.45858025550842285;-0.8864036798477173;[];
81.625;MPIB4;52.14916276539839;47.57273135354765;-0.822987973690033;-0.3238593637943268;-0.4666339159011841;[];
81.625;MPIB3;48.99352348802404;28.23595611560694;-0.7123402953147888;-0.460964173078537;0.5291549563407898;[];
81.6875;MPIB2;44.299787078843266;22.140568637414475;0.14343158900737762;-0.48629406094551086;0.8618955612182617;[];
81.6875;MPIB1;29.74679075505162;51.6477169471529;-0.06546434015035629;-0.44455158710479736;-0.8933151364326477;[];
81.6875;MPIB4;51.966755055404064;47.46061749047013;-0.8314933776855469;-0.3312872350215912;-0.44587841629981995;[];
81.6875;MPIB3;48.99352348802404;28.23595611560694;-0.7123402953147888;-0.460964173078537;0.5291549563407898;[];
81.75;MPIB2;44.299787078843266;22.140568637414475;0.17095786333084106;-0.4816797375679016;0.8594632148742676;[];
81.75;MPIB1;29.74679075505162;51.6477169471529;-0.06546434015035629;-0.44455158710479736;-0.8933151364326477;[];
81.75;MPIB4;51.780197734289004;47.35422049371007;-0.8348987102508545;-0.33869463205337524;-0.4337845742702484;[];
81.75;MPIB3;48.99352348802404;28.23595611560694;-0.7123402953147888;-0.460964173078537;0.5291549563407898;[];
81.78125;MPIB2;44.2148968216989;22.22555136041214;0.20067209005355835;-0.4771362841129303;0.8555648922920227;[];
81.78125;MPIB1;29.74679075505162;51.6477169471529;-0.06546434015035629;-0.44455158710479736;-0.8933151364326477;[];
81.78125;MPIB4;51.58881354345499;47.2562595283963;-0.8466616868972778;-0.37540847063064575;-0.3770488500595093;[];
81.78125;MPIB3;48.99352348802404;28.23595611560694;-0.7230056524276733;-0.46792641282081604;0.508161723613739;[];
81.84375;MPIB2;44.13214342089409;22.35788533473908;0.21630458533763885;-0.4771362841129303;0.8517469763755798;[];
81.84375;MPIB1;29.74679075505162;51.6477169471529;-0.06546434015035629;-0.44455158710479736;-0.8933151364326477;[];
81.84375;MPIB4;51.484317763122135;47.202772835122346;-0.8541939854621887;-0.42095696926116943;-0.3050813376903534;[];
81.84375;MPIB3;48.99352348802404;28.23595611560694;-0.8266526460647583;-0.46792641282081604;0.3124275803565979;[];
81.875;MPIB2;44.037864055631715;22.51725502559836;0.23667462170124054;-0.47477537393569946;0.847639799118042;[];
81.875;MPIB1;29.74679075505162;51.6477169471529;-0.06546434015035629;-0.44455158710479736;-0.8933151364326477;[];
81.875;MPIB4;51.42726306043346;47.17356909720269;-0.85540372133255;-0.46555230021476746;-0.2268623560667038;[];
81.875;MPIB3;48.99352348802404;28.23595611560694;-0.883675217628479;-0.46792641282081604;-0.009150227531790733;[];
81.9375;MPIB2;43.892421233315176;22.6320887732374;0.25023984909057617;-0.47249555587768555;0.8450136780738831;[];
81.9375;MPIB1;29.74679075505162;51.6477169471529;-0.06546434015035629;-0.44455158710479736;-0.8933151364326477;[];
81.9375;MPIB4;51.39611118914695;47.157623854446456;-0.8499336242675781;-0.5157464742660522;-0.1073947623372078;[];
81.9375;MPIB3;48.99352348802404;28.23595611560694;-0.8307137489318848;-0.46792641282081604;-0.3014634847640991;[];
82.0;MPIB2;43.81300944310646;22.694788006730988;0.27668455243110657;-0.47249555587768555;0.836728036403656;[];
82.0;MPIB1;29.74679075505162;51.6477169471529;-0.06546434015035629;-0.44455158710479736;-0.8933151364326477;[];
82.0;MPIB4;51.39611118914695;47.157623854446456;-0.7680554986000061;-0.6252336502075195;0.13813012838363647;[];
82.0;MPIB3;48.99352348802404;28.23595611560694;-0.7641940116882324;-0.46792641282081604;-0.44381648302078247;[];
82.03125;MPIB2;43.76965060061625;22.69999998807907;0.30327504873275757;-0.47021257877349854;0.8287610411643982;[];
82.03125;MPIB1;29.74679075505162;51.6477169471529;-0.06546434015035629;-0.44455158710479736;-0.8933151364326477;[];
82.03125;MPIB4;51.39611118914695;47.157623854446456;-0.5889214873313904;-0.7033683657646179;0.3979303240776062;[];
82.03125;MPIB3;48.99352348802404;28.23595611560694;-0.7386720180511475;-0.46792641282081604;-0.48510733246803284;[];
82.09375;MPIB2;43.76965060061625;22.69999998807907;0.3295569121837616;-0.46792641282081604;0.8199742436408997;[];
82.09375;MPIB1;29.74679075505162;51.6477169471529;-0.06546434015035629;-0.44455158710479736;-0.8933151364326477;[];
82.09375;MPIB4;51.36474475855607;47.14416421779654;-0.24892298877239227;-0.7325237393379211;0.6335223913192749;[];
82.09375;MPIB3;48.99352348802404;28.23595611560694;-0.7361037731170654;-0.46792641282081604;-0.48899567127227783;[];
82.125;MPIB2;43.733050702176236;22.69999998807907;0.3845665752887726;-0.46792641282081604;0.7956595420837402;[];
82.125;MPIB1;29.74679075505162;51.6477169471529;-0.06546434015035629;-0.44455158710479736;-0.8933151364326477;[];
82.125;MPIB4;51.36474475855607;47.14416421779654;0.07294918596744537;-0.7325237393379211;0.6767508387565613;[];
82.125;MPIB3;48.99352348802404;28.23595611560694;-0.7348355054855347;-0.46792641282081604;-0.4908994734287262;[];
82.1875;MPIB2;43.733050702176236;22.69999998807907;0.45381537079811096;-0.46792641282081604;0.7582988142967224;[];
82.1875;MPIB1;29.74679075505162;51.6477169471529;-0.06546434015035629;-0.44455158710479736;-0.8933151364326477;[];
82.1875;MPIB4;51.36474475855607;47.14416421779654;0.09767991304397583;-0.7325237393379211;0.6736259460449219;[];
82.1875;MPIB3;48.99352348802404;28.23595611560694;-0.7348355054855347;-0.46792641282081604;-0.4908994734287262;[];
82.25;MPIB2;43.733050702176236;22.69999998807907;0.4896891117095947;-0.46555230021476746;0.7371476292610168;[];
82.25;MPIB1;29.749808909018725;51.6477169471529;-0.06546434015035629;-0.44455158710479736;-0.8933151364326477;[];
82.25;MPIB4;51.36474475855607;47.14416421779654;0.09823291003704071;-0.7289239764213562;0.6774395704269409;[];
82.25;MPIB3;48.99352348802404;28.23595611560694;-0.7348355054855347;-0.46792641282081604;-0.4908994734287262;[];
82.28125;MPIB2;43.733050702176236;22.69999998807907;0.5215443968772888;-0.460964173078537;0.7179310917854309;[];
82.28125;MPIB1;29.749808909018725;51.6477169471529;-0.06546434015035629;-0.44455158710479736;-0.8933151364326477;[];
82.28125;MPIB4;51.36474475855607;47.14416421779654;-0.005800681654363871;-0.6748908758163452;0.7378300428390503;[];
82.28125;MPIB3;48.99352348802404;28.23595611560694;-0.7322367429733276;-0.46792641282081604;-0.4947674870491028;[];
82.34375;MPIB2;43.733050702176236;22.69999998807907;0.5599164366722107;-0.45627835392951965;0.6915386915206909;[];
82.34375;MPIB1;29.749808909018725;51.6477169471529;-0.06546434015035629;-0.44455158710479736;-0.8933151364326477;[];
82.34375;MPIB4;51.36474475855607;47.14416421779654;-0.20858176052570343;-0.6024546027183533;0.7703570127487183;[];
82.34375;MPIB3;48.99352348802404;28.23595611560694;-0.6765545010566711;-0.44455158710479736;-0.5870022177696228;[];
82.375;MPIB2;43.733050702176236;22.69999998807907;0.5967683792114258;-0.446954607963562;0.6663500070571899;[];
82.375;MPIB1;29.749808909018725;51.6477169471529;-0.06322727352380753;-0.4399081766605377;-0.8957719206809998;[];
82.375;MPIB4;51.36474475855607;47.14416421779654;-0.24491070210933685;-0.5533362030982971;0.7960838675498962;[];
82.375;MPIB3;48.99352348802404;28.23595611560694;-0.5646392107009888;-0.4233904778957367;-0.708413302898407;[];
82.4375;MPIB2;43.733050702176236;22.69999998807907;0.6181469559669495;-0.4399081766605377;0.6513826847076416;[];
82.4375;MPIB1;29.749808909018725;51.6477169471529;-0.06090827286243439;-0.4399081766605377;-0.8959326148033142;[];
82.4375;MPIB4;51.36474475855607;47.14416421779654;-0.25190505385398865;-0.5157464742660522;0.8188190460205078;[];
82.4375;MPIB3;48.99352348802404;28.23595611560694;-0.534447193145752;-0.41625523567199707;-0.7355441451072693;[];
82.5;MPIB2;43.733050702176236;22.69999998807907;0.6366140246391296;-0.4351666569709778;0.6366140246391296;[];
82.5;MPIB1;29.749808909018725;51.6477169471529;-0.06346885859966278;-0.43283456563949585;-0.8991946578025818;[];
82.5;MPIB4;51.36474475855607;47.14416421779654;-0.2704467475414276;-0.44223135709762573;0.8551104664802551;[];
82.5;MPIB3;48.99352348802404;28.23595611560694;-0.534447193145752;-0.41625523567199707;-0.7355441451072693;[];
82.53125;MPIB2;43.733050702176236;22.69999998807907;0.6456652283668518;-0.43283456563949585;0.6290435791015625;[];
82.53125;MPIB1;29.749808909018725;51.6477169471529;-0.06612919270992279;-0.42573419213294983;-0.9023876190185547;[];
82.53125;MPIB4;51.36474475855607;47.14416421779654;-0.2784533202648163;-0.4019079804420471;0.8722747564315796;[];
82.53125;MPIB3;48.99352348802404;28.23595611560694;-0.534447193145752;-0.41625523567199707;-0.7355441451072693;[];
82.59375;MPIB2;43.733050702176236;22.69999998807907;0.6530121564865112;-0.4304995536804199;0.6230335235595703;[];
82.59375;MPIB1;29.749808909018725;51.6477169471529;-0.06699685007333755;-0.3995363116264343;-0.9142275452613831;[];
82.59375;MPIB4;51.36474475855607;47.14416421779654;-0.28167054057121277;-0.3946968615055084;0.874532163143158;[];
82.59375;MPIB3;48.99352348802404;28.23595611560694;-0.534447193145752;-0.41625523567199707;-0.7355441451072693;[];
82.625;MPIB2;43.733050702176236;22.69999998807907;0.6578899621963501;-0.4304995536804199;0.6178805232048035;[];
82.625;MPIB1;29.749808909018725;51.6477169471529;-0.0683666318655014;-0.3534461557865143;-0.9329193234443665;[];
82.625;MPIB4;51.33470067414123;47.23744524845145;-0.28167054057121277;-0.3946968615055084;0.874532163143158;[];
82.625;MPIB3;48.99352348802404;28.23595611560694;-0.534447193145752;-0.41625523567199707;-0.7355441451072693;[];
82.6875;MPIB2;43.733050702176236;22.69999998807907;0.664369523525238;-0.4304995536804199;0.6109081506729126;[];
82.6875;MPIB1;29.749808909018725;51.6477169471529;-0.07722069323062897;-0.29898834228515625;-0.9510984420776367;[];
82.6875;MPIB4;51.30000001192093;47.381966599029;-0.27251625061035156;-0.3946968615055084;0.877427875995636;[];
82.6875;MPIB3;48.99352348802404;28.23595611560694;-0.534447193145752;-0.41625523567199707;-0.7355441451072693;[];
82.75;MPIB2;43.733050702176236;22.69999998807907;0.6769917607307434;-0.4304995536804199;0.5968900322914124;[];
82.75;MPIB1;29.749808909018725;51.6477169471529;-0.07993906736373901;-0.2889999747276306;-0.9539579153060913;[];
82.75;MPIB4;51.30000001192093;47.556569628727004;-0.19414131343364716;-0.4351666569709778;0.8791268467903137;[];
82.75;MPIB3;48.99352348802404;28.23595611560694;-0.534447193145752;-0.41625523567199707;-0.7355441451072693;[];
82.78125;MPIB2;43.7973132634746;22.762865126132965;0.6923808455467224;-0.4304995536804199;0.5789684057235718;[];
82.78125;MPIB1;29.749808909018725;51.6477169471529;-0.07993906736373901;-0.2889999747276306;-0.9539579153060913;[];
82.78125;MPIB4;51.30000001192093;47.749600189263845;-0.06770043075084686;-0.5067653059959412;0.8593728542327881;[];
82.78125;MPIB3;48.99352348802404;28.23595611560694;-0.534447193145752;-0.41625523567199707;-0.7355441451072693;[];
82.84375;MPIB2;43.914670264048155;22.858667484455623;0.7028661966323853;-0.4304995536804199;0.5661932229995728;[];
82.84375;MPIB1;29.749808909018725;51.6477169471529;-0.07993906736373901;-0.2889999747276306;-0.9539579153060913;[];
82.84375;MPIB4;51.30000001192093;47.95296762332143;-0.019977031275629997;-0.5313476920127869;0.8468672633171082;[];
82.84375;MPIB3;48.99352348802404;28.23595611560694;-0.534447193145752;-0.41625523567199707;-0.7355441451072693;[];
82.875;MPIB2;44.057567735305064;22.969203061358655;0.7277803421020508;-0.42573419213294983;0.5375986099243164;[];
82.875;MPIB1;29.749808909018725;51.6477169471529;-0.07993906736373901;-0.2889999747276306;-0.9539579153060913;[];
82.875;MPIB4;51.30000001192093;48.16198964530713;-0.015566079877316952;-0.5336199402809143;0.8455300331115723;[];
82.875;MPIB3;48.99352348802404;28.23595611560694;-0.534447193145752;-0.41625523567199707;-0.7355441451072693;[];
82.9375;MPIB2;44.21663794681694;23.084640280666974;0.7501914501190186;-0.42095696926116943;0.5098379850387573;[];
82.9375;MPIB1;29.749808909018725;51.6477169471529;-0.07993906736373901;-0.2889999747276306;-0.9539579153060913;[];
82.9375;MPIB4;51.30000001192093;48.374099072660215;-0.015566079877316952;-0.5336199402809143;0.8455300331115723;[];
82.9375;MPIB3;48.99352348802404;28.23595611560694;-0.534447193145752;-0.41625523567199707;-0.7355441451072693;[];
83.0;MPIB2;44.38636626686689;23.199963759496853;0.7689393162727356;-0.41625523567199707;0.48517146706581116;[];
83.0;MPIB1;29.749808909018725;51.6477169471529;-0.07993906736373901;-0.2889999747276306;-0.9539579153060913;[];
83.0;MPIB4;51.2981961525511;48.58789422353968;-0.015566079877316952;-0.5336199402809143;0.8455300331115723;[];
83.0;MPIB3;48.99352348802404;28.23595611560694;-0.534447193145752;-0.41625523567199707;-0.7355441451072693;[];
83.03125;MPIB2;44.563645705456764;23.31237452153016;0.7859315872192383;-0.4139001667499542;0.4592667520046234;[];
83.03125;MPIB1;29.749808909018725;51.6477169471529;-0.08715550601482391;-0.29898834228515625;-0.9502395391464233;[];
83.03125;MPIB4;51.2981961525511;48.70462638947862;-0.16303320229053497;-0.513526976108551;0.8423928022384644;[];
83.03125;MPIB3;48.99352348802404;28.23595611560694;-0.534447193145752;-0.41625523567199707;-0.7355441451072693;[];
83.09375;MPIB2;44.74606307764537;23.42141582704295;0.7991285920143127;-0.404276967048645;0.44484013319015503;[];
83.09375;MPIB1;29.749808909018725;51.6477169471529;-0.08715550601482391;-0.29898834228515625;-0.9502395391464233;[];
83.09375;MPIB4;51.2981961525511;48.768362159484354;-0.28826475143432617;-0.49314841628074646;0.8207470774650574;[];
83.09375;MPIB3;48.99352348802404;28.23595611560694;-0.534447193145752;-0.41625523567199707;-0.7355441451072693;[];
83.125;MPIB2;44.93202472538948;23.52726522556108;0.8069436550140381;-0.4019079804420471;0.43271392583847046;[];
83.125;MPIB1;29.749808909018725;51.6477169471529;-0.08715550601482391;-0.29898834228515625;-0.9502395391464233;[];
83.125;MPIB4;51.2981961525511;48.80316189394958;-0.2972605526447296;-0.4908948540687561;0.8188872933387756;[];
83.125;MPIB3;48.99352348802404;28.23595611560694;-0.534447193145752;-0.41625523567199707;-0.7355441451072693;[];
83.1875;MPIB2;45.12075524542874;23.629782641266928;0.8175185918807983;-0.3946968615055084;0.4192948639392853;[];
83.1875;MPIB1;29.749808909018725;51.6477169471529;-0.08715550601482391;-0.29898834228515625;-0.9502395391464233;[];
83.1875;MPIB4;51.2981961525511;48.80316189394958;-0.2972605526447296;-0.4908948540687561;0.8188872933387756;[];
83.1875;MPIB3;48.99352348802404;28.23595611560694;-0.534447193145752;-0.41625523567199707;-0.7355441451072693;[];
83.25;MPIB2;45.31169010138323;23.729104254677196;0.8267680406570435;-0.3874613642692566;0.4077497124671936;[];
83.25;MPIB1;29.749808909018725;51.6477169471529;-0.08715550601482391;-0.29898834228515625;-0.9502395391464233;[];
83.25;MPIB4;51.2981961525511;48.80316189394958;-0.2972605526447296;-0.4908948540687561;0.8188872933387756;[];
83.25;MPIB3;48.99352348802404;28.23595611560694;-0.534447193145752;-0.41625523567199707;-0.7355441451072693;[];
83.28125;MPIB2;45.504166647135875;23.82598864815705;0.8317432999610901;-0.3826834261417389;0.40210533142089844;[];
83.28125;MPIB1;29.740857968685418;51.5501265900877;-0.08715550601482391;-0.29898834228515625;-0.9502395391464233;[];
83.28125;MPIB4;51.2981961525511;48.83820131246955;-0.2972605526447296;-0.4908948540687561;0.8188872933387756;[];
83.28125;MPIB3;48.99352348802404;28.23595611560694;-0.534447193145752;-0.41625523567199707;-0.7355441451072693;[];
83.34375;MPIB2;45.69781763149033;23.920847373945747;0.8393501043319702;-0.3705158829689026;0.397672563791275;[];
83.34375;MPIB1;29.728040127603094;51.399163677001525;-0.07734724134206772;-0.2939523458480835;-0.9526571035385132;[];
83.34375;MPIB4;51.2981961525511;48.83820131246955;-0.29945772886276245;-0.4908948540687561;0.8180863857269287;[];
83.34375;MPIB3;48.99352348802404;28.23595611560694;-0.534447193145752;-0.41625523567199707;-0.7355441451072693;[];
83.375;MPIB2;45.89221819828831;24.014370689120597;0.8488644957542419;-0.34608107805252075;0.3994930386543274;[];
83.375;MPIB1;29.713626131190154;51.21901888829038;-0.07249337434768677;-0.2865208685398102;-0.9552998542785645;[];
83.375;MPIB4;51.2981961525511;48.83820131246955;-0.3036890923976898;-0.4908948540687561;0.8165251016616821;[];
83.375;MPIB3;48.99352348802404;28.23595611560694;-0.534447193145752;-0.41625523567199707;-0.7355441451072693;[];
83.4375;MPIB2;46.087028037147995;24.107164870015595;0.8597639203071594;-0.3114960789680481;0.40462249517440796;[];
83.4375;MPIB1;29.698856012877172;51.02290304899603;-0.06745503842830658;-0.2865208685398102;-0.9556688070297241;[];
83.4375;MPIB4;51.2981961525511;48.83820131246955;-0.30580174922943115;-0.4908948540687561;0.8157362341880798;[];
83.4375;MPIB3;48.99352348802404;28.23595611560694;-0.534447193145752;-0.41625523567199707;-0.7355441451072693;[];
83.5;MPIB2;46.282061338579325;24.19956094354754;0.8619537949562073;-0.30401602387428284;0.40565308928489685;[];
83.5;MPIB1;29.68439764675827;50.81803260083859;-0.06250648200511932;-0.2865208685398102;-0.9560052752494812;[];
83.5;MPIB4;51.2981961525511;48.83820131246955;-0.30580174922943115;-0.4908948540687561;0.8157362341880798;[];
83.5;MPIB3;48.99352348802404;28.23595611560694;-0.534447193145752;-0.41625523567199707;-0.7355441451072693;[];
83.53125;MPIB2;46.47721665058894;24.29173965043401;0.86339271068573;-0.29898834228515625;0.40633028745651245;[];
83.53125;MPIB1;29.671394471518624;50.60830658679944;-0.049705009907484055;-0.3014575242996216;-0.9521542191505432;[];
83.53125;MPIB4;51.2981961525511;48.83820131246955;-0.30580174922943115;-0.4908948540687561;0.8157362341880798;[];
83.53125;MPIB3;48.99352348802404;28.23595611560694;-0.534447193145752;-0.41625523567199707;-0.7355441451072693;[];
83.59375;MPIB2;46.671771380889595;24.38518866450721;0.8583016991615295;-0.2939523458480835;0.42054295539855957;[];
83.59375;MPIB1;29.65918583059124;50.395929433480944;-0.04966263100504875;-0.30401602387428284;-0.9513424038887024;[];
83.59375;MPIB4;51.2981961525511;48.83820131246955;-0.30580174922943115;-0.4908948540687561;0.8157362341880798;[];
83.59375;MPIB3;48.99352348802404;28.23595611560694;-0.534447193145752;-0.41625523567199707;-0.7355441451072693;[];
83.625;MPIB2;46.86531349263278;24.480701223265754;0.8529701232910156;-0.2889999747276306;0.4345893859863281;[];
83.625;MPIB1;29.647411005448816;50.18210475794777;-0.049536459147930145;-0.3114960789680481;-0.9489254951477051;[];
83.625;MPIB4;51.2981961525511;48.83820131246955;-0.31009888648986816;-0.4908948540687561;0.8141123652458191;[];
83.625;MPIB3;48.99352348802404;28.23595611560694;-0.534447193145752;-0.41625523567199707;-0.7355441451072693;[];
83.6875;MPIB2;47.05759230171946;24.578707871434432;0.8460317850112915;-0.2889999747276306;0.44794660806655884;[];
83.6875;MPIB1;29.635873043752554;49.967489735193595;-0.04945170134305954;-0.31641149520874023;-0.9473018646240234;[];
83.6875;MPIB4;51.2981961525511;48.83820131246955;-0.3185894787311554;-0.4908948540687561;0.810827374458313;[];
83.6875;MPIB3;48.99352348802404;28.23595611560694;-0.534447193145752;-0.41625523567199707;-0.7355441451072693;[];
83.75;MPIB2;47.24795136837772;24.680327198659228;0.8320131897926331;-0.29651716351509094;0.46880415081977844;[];
83.75;MPIB1;29.624464409512825;49.752443182806616;-0.0494072325527668;-0.3189568817615509;-0.9464499354362488;[];
83.75;MPIB4;51.2981961525511;48.83820131246955;-0.32076495885849;-0.4908948540687561;0.8099691867828369;[];
83.75;MPIB3;48.99352348802404;28.23595611560694;-0.534447193145752;-0.41625523567199707;-0.7355441451072693;[];
83.78125;MPIB2;47.43610380947479;24.78591915351373;0.8180174827575684;-0.3064810633659363;0.4866834580898285;[];
83.78125;MPIB1;29.6131263880726;49.537161015212774;-0.049141284078359604;-0.33372852206230164;-0.9413554668426514;[];
83.78125;MPIB4;51.2981961525511;48.83820131246955;-0.32286056876182556;-0.4908948540687561;0.809136152267456;[];
83.78125;MPIB3;48.99352348802404;28.23595611560694;-0.534447193145752;-0.41625523567199707;-0.7355441451072693;[];
83.84375;MPIB2;47.62171102872263;24.89586711732744;0.7994061708450317;-0.32630735635757446;0.5043948888778687;[];
83.84375;MPIB1;29.602080274958894;49.32173730474602;-0.04652731865644455;-0.34365129470825195;-0.9379110932350159;[];
83.84375;MPIB4;51.2981961525511;48.83820131246955;-0.32286056876182556;-0.4908948540687561;0.809136152267456;[];
83.84375;MPIB3;48.99352348802404;28.23595611560694;-0.534447193145752;-0.41625523567199707;-0.7355441451072693;[];
83.875;MPIB2;47.80495694881547;25.009702316638737;0.7856492400169373;-0.3411290943622589;0.5160664916038513;[];
83.875;MPIB1;29.59604909649829;49.20411594516915;-0.043661732226610184;-0.3681102991104126;-0.928721010684967;[];
83.875;MPIB4;51.2981961525511;48.83820131246955;-0.32286056876182556;-0.4908948540687561;0.809136152267456;[];
83.875;MPIB3;48.99352348802404;28.23595611560694;-0.534447193145752;-0.41625523567199707;-0.7355441451072693;[];
83.9375;MPIB2;48.00323427503143;25.053122781643083;0.7736644744873047;-0.3534461557865143;0.5257905125617981;[];
83.9375;MPIB1;29.592756072676366;49.1398946753807;-0.038392696529626846;-0.38984647393226624;-0.9200417995452881;[];
83.9375;MPIB4;51.2981961525511;48.83820131246955;-0.32286056876182556;-0.4908948540687561;0.809136152267456;[];
83.9375;MPIB3;48.99352348802404;28.23595611560694;-0.534447193145752;-0.41625523567199707;-0.7355441451072693;[];
84.0;MPIB2;48.21017532897345;25.06067405738679;0.7478002905845642;-0.38984647393226624;0.5373504757881165;[];
84.0;MPIB1;29.592756072676366;49.10482985800334;-0.03338910639286041;-0.3995363116264343;-0.916070818901062;[];
84.0;MPIB4;51.2981961525511;48.83820131246955;-0.32286056876182556;-0.4908948540687561;0.809136152267456;[];
84.0;MPIB3;48.99352348802404;28.23595611560694;-0.534447193145752;-0.41625523567199707;-0.7355441451072693;[];
84.03125;MPIB2;48.42208857249546;25.050194437992417;0.7316713333129883;-0.4114549458026886;0.5434059500694275;[];
84.03125;MPIB1;29.592756072676366;49.10482985800334;-0.030982553958892822;-0.4019079804420471;-0.9151172041893005;[];
84.03125;MPIB4;51.2981961525511;48.83820131246955;-0.32286056876182556;-0.4908948540687561;0.809136152267456;[];
84.03125;MPIB3;48.99352348802404;28.23595611560694;-0.534447193145752;-0.41625523567199707;-0.7355441451072693;[];
84.09375;MPIB2;48.637156201197534;25.033244957411426;0.7022844552993774;-0.4399081766605377;0.5596441626548767;[];
84.09375;MPIB1;29.592756072676366;49.10482985800334;-0.030982553958892822;-0.4019079804420471;-0.9151172041893005;[];
84.09375;MPIB4;51.2981961525511;48.83820131246955;-0.32286056876182556;-0.4908948540687561;0.809136152267456;[];
84.09375;MPIB3;48.99352348802404;28.23595611560694;-0.534447193145752;-0.41625523567199707;-0.7355441451072693;[];
84.125;MPIB2;48.85446778425905;25.01928943964947;0.6508913040161133;-0.47477537393569946;0.5923247933387756;[];
84.125;MPIB1;29.592756072676366;49.069523530805924;-0.030982553958892822;-0.4019079804420471;-0.9151172041893005;[];
84.125;MPIB4;51.2981961525511;48.83820131246955;-0.32286056876182556;-0.4908948540687561;0.809136152267456;[];
84.125;MPIB3;48.99352348802404;28.23595611560694;-0.534447193145752;-0.41625523567199707;-0.7355441451072693;[];
84.1875;MPIB2;49.07305703353169;25.01507754340031;0.5829432606697083;-0.5202569365501404;0.6240389943122864;[];
84.1875;MPIB1;29.592756072676366;49.069523530805924;-0.030982553958892822;-0.4019079804420471;-0.9151172041893005;[];
84.1875;MPIB4;51.2981961525511;48.83820131246955;-0.32286056876182556;-0.4908948540687561;0.809136152267456;[];
84.1875;MPIB3;48.99352348802404;28.23595611560694;-0.534447193145752;-0.41625523567199707;-0.7355441451072693;[];
84.25;MPIB2;49.29121087884526;25.030466948591254;0.4852774739265442;-0.5684955716133118;0.6642506122589111;[];
84.25;MPIB1;29.592756072676366;49.069523530805924;-0.030982553958892822;-0.4019079804420471;-0.9151172041893005;[];
84.25;MPIB4;51.2981961525511;48.83820131246955;-0.32286056876182556;-0.4908948540687561;0.809136152267456;[];
84.25;MPIB3;48.99352348802404;28.23595611560694;-0.534447193145752;-0.41625523567199707;-0.7355441451072693;[];
84.28125;MPIB2;49.50492421046181;25.071270653426694;0.3468778729438782;-0.61492919921875;0.7081276774406433;[];
84.28125;MPIB1;29.592756072676366;49.069523530805924;-0.030982553958892822;-0.4019079804420471;-0.9151172041893005;[];
84.28125;MPIB4;51.2981961525511;48.84129407590865;-0.32286056876182556;-0.4908948540687561;0.809136152267456;[];
84.28125;MPIB3;48.99352348802404;28.23595611560694;-0.534447193145752;-0.41625523567199707;-0.7355441451072693;[];
84.34375;MPIB2;49.70820448909208;25.1435615532655;0.19675736129283905;-0.6493897438049316;0.7344962954521179;[];
84.34375;MPIB1;29.592756072676366;49.069523530805924;-0.030982553958892822;-0.4019079804420471;-0.9151172041893005;[];
84.34375;MPIB4;51.2981961525511;48.84129407590865;-0.32286056876182556;-0.4908948540687561;0.809136152267456;[];
84.34375;MPIB3;48.99352348802404;28.23595611560694;-0.534447193145752;-0.41625523567199707;-0.7355441451072693;[];
84.375;MPIB2;49.89640459699043;25.246582153616487;0.07284954935312271;-0.657373309135437;0.7499722242355347;[];
84.375;MPIB1;29.592756072676366;49.069523530805924;-0.030982553958892822;-0.4019079804420471;-0.9151172041893005;[];
84.375;MPIB4;51.2981961525511;48.84129407590865;-0.32286056876182556;-0.4908948540687561;0.809136152267456;[];
84.375;MPIB3;48.99352348802404;28.23595611560694;-0.534447193145752;-0.41625523567199707;-0.7355441451072693;[];
84.4375;MPIB2;50.070048554282735;25.373365577615544;0.001950507634319365;-0.657373309135437;0.7534995675086975;[];
84.4375;MPIB1;29.592756072676366;49.069523530805924;-0.030982553958892822;-0.4019079804420471;-0.9151172041893005;[];
84.4375;MPIB4;51.2981961525511;48.84129407590865;-0.32286056876182556;-0.4908948540687561;0.809136152267456;[];
84.4375;MPIB3;48.99352348802404;28.23595611560694;-0.534447193145752;-0.41625523567199707;-0.7355441451072693;[];
84.5;MPIB2;50.23312169670792;25.515665240601777;-0.025640640407800674;-0.657373309135437;0.7530657052993774;[];
84.5;MPIB1;29.592756072676366;49.069523530805924;-0.030982553958892822;-0.4019079804420471;-0.9151172041893005;[];
84.5;MPIB4;51.2981961525511;48.84129407590865;-0.32286056876182556;-0.4908948540687561;0.809136152267456;[];
84.5;MPIB3;48.99352348802404;28.23595611560694;-0.534447193145752;-0.41625523567199707;-0.7355441451072693;[];
84.53125;MPIB2;50.38926579290476;25.667501019442113;-0.03747766464948654;-0.657373309135437;0.7525694966316223;[];
84.53125;MPIB1;29.592756072676366;49.069523530805924;-0.026156678795814514;-0.4019079804420471;-0.9152678847312927;[];
84.53125;MPIB4;51.2981961525511;48.84129407590865;-0.32286056876182556;-0.4908948540687561;0.809136152267456;[];
84.53125;MPIB3;48.99352348802404;28.23595611560694;-0.534447193145752;-0.41625523567199707;-0.7355441451072693;[];
84.59375;MPIB2;50.539663349280126;25.69999998807907;-0.057159993797540665;-0.657373309135437;0.7513308525085449;[];
84.59375;MPIB1;29.592756072676366;49.069523530805924;-0.02378733828663826;-0.4019079804420471;-0.915332555770874;[];
84.59375;MPIB4;51.2981961525511;48.84129407590865;-0.32286056876182556;-0.4908948540687561;0.809136152267456;[];
84.59375;MPIB3;48.99352348802404;28.23595611560694;-0.534447193145752;-0.41625523567199707;-0.7355441451072693;[];
84.625;MPIB2;50.719436570291066;25.69999998807907;-0.06306486576795578;-0.657373309135437;0.7508583068847656;[];
84.625;MPIB1;29.592756072676366;49.069523530805924;-0.016590652987360954;-0.4019079804420471;-0.9154912233352661;[];
84.625;MPIB4;51.2981961525511;48.84129407590865;-0.32286056876182556;-0.4908948540687561;0.809136152267456;[];
84.625;MPIB3;48.99352348802404;28.23595611560694;-0.5541238188743591;-0.42095696926116943;-0.7181008458137512;[];
84.6875;MPIB2;50.9151327515045;25.69999998807907;-0.07259106636047363;-0.6612658500671387;0.74656742811203;[];
84.6875;MPIB1;29.592756072676366;49.069523530805924;-0.016590652987360954;-0.4019079804420471;-0.9154912233352661;[];
84.6875;MPIB4;51.2981961525511;48.84129407590865;-0.32286056876182556;-0.4908948540687561;0.809136152267456;[];
84.6875;MPIB3;48.99352348802404;28.23595611560694;-0.8390726447105408;-0.49314841628074646;-0.22952008247375488;[];
84.75;MPIB2;51.11936274957072;25.69999998807907;-0.08405609428882599;-0.6632054448127747;0.743638277053833;[];
84.75;MPIB1;29.592756072676366;49.069523530805924;-0.014236879535019398;-0.3995363116264343;-0.9165685176849365;[];
84.75;MPIB4;51.2981961525511;48.84129407590865;-0.32286056876182556;-0.4908948540687561;0.809136152267456;[];
84.75;MPIB3;48.99352348802404;28.23595611560694;-0.767393171787262;-0.5424286723136902;0.3417477309703827;[];
84.78125;MPIB2;51.327499353362185;25.716346783563495;-0.12395814061164856;-0.6690688729286194;0.7327249646186829;[];
84.78125;MPIB1;29.592756072676366;49.069523530805924;-0.014236879535019398;-0.3995363116264343;-0.9165685176849365;[];
84.78125;MPIB4;51.2981961525511;48.84129407590865;-0.32286056876182556;-0.4908948540687561;0.809136152267456;[];
84.78125;MPIB3;48.99352348802404;28.23595611560694;-0.7241527438163757;-0.5424286723136902;0.4257775843143463;[];
84.84375;MPIB2;51.53618900145659;25.749147982393538;-0.18018898367881775;-0.6729784607887268;0.7173119783401489;[];
84.84375;MPIB1;29.592756072676366;49.069523530805924;-0.014236879535019398;-0.3995363116264343;-0.9165685176849365;[];
84.84375;MPIB4;51.2981961525511;48.84129407590865;-0.32286056876182556;-0.4908948540687561;0.809136152267456;[];
84.84375;MPIB3;48.911619121411604;28.289767568889772;-0.702079176902771;-0.5424286723136902;0.46126845479011536;[];
84.875;MPIB2;51.74086669580753;25.80409116829017;-0.2794903814792633;-0.6729784607887268;0.6847552061080933;[];
84.875;MPIB1;29.592756072676366;49.069523530805924;-0.014236879535019398;-0.3995363116264343;-0.9165685176849365;[];
84.875;MPIB4;51.2981961525511;48.84129407590865;-0.32286056876182556;-0.4908948540687561;0.809136152267456;[];
84.875;MPIB3;48.660854328893265;28.504760315495076;-0.5545527935028076;-0.5202569365501404;0.6493987441062927;[];
84.9375;MPIB2;51.937100195984335;25.88376124986408;-0.3766571283340454;-0.6690688729286194;0.6406098008155823;[];
84.9375;MPIB1;29.592756072676366;49.069523530805924;-0.014236879535019398;-0.3995363116264343;-0.9165685176849365;[];
84.9375;MPIB4;51.2981961525511;48.84129407590865;-0.32286056876182556;-0.4908948540687561;0.809136152267456;[];
84.9375;MPIB3;48.660854328893265;28.504760315495076;-0.5545527935028076;-0.5202569365501404;0.6493987441062927;[];
85.0;MPIB2;52.04424369952587;25.927261119456062;-0.46877408027648926;-0.6671427488327026;0.5788575410842896;[];
85.0;MPIB1;29.592756072676366;49.069523530805924;-0.014236879535019398;-0.3995363116264343;-0.9165685176849365;[];
85.0;MPIB4;51.2981961525511;48.84129407590865;-0.32286056876182556;-0.4908948540687561;0.809136152267456;[];
85.0;MPIB3;48.52976038342399;28.649818381807222;-0.5259819626808167;-0.5179625153541565;0.6745167970657349;[];
85.03125;MPIB2;52.10274405925452;25.951012051012015;-0.531425416469574;-0.657373309135437;0.5341838598251343;[];
85.03125;MPIB1;29.591234041645748;48.9684190426876;-0.014236879535019398;-0.3995363116264343;-0.9165685176849365;[];
85.03125;MPIB4;51.2981961525511;48.84129407590865;-0.32286056876182556;-0.4908948540687561;0.809136152267456;[];
85.03125;MPIB3;48.39996314886412;28.807851805134504;-0.5081493258476257;-0.5179625153541565;0.6880509853363037;[];
85.09375;MPIB2;52.13468525937642;25.963980061147822;-0.6175026893615723;-0.6353562474250793;0.46359339356422424;[];
85.09375;MPIB1;29.58971201061513;48.81692933196865;-0.0142207657918334;-0.4019079804420471;-0.9155310988426208;[];
85.09375;MPIB4;51.2981961525511;48.84129407590865;-0.32286056876182556;-0.4908948540687561;0.809136152267456;[];
85.09375;MPIB3;48.27529810310398;28.97605274250955;-0.4717557430267334;-0.5112216472625732;0.718341588973999;[];
85.125;MPIB2;52.13468525937642;25.963980061147822;-0.7155982255935669;-0.5898310542106628;0.3740684390068054;[];
85.125;MPIB1;29.588189979584513;48.63622777439372;-0.014187646098434925;-0.4067308008670807;-0.9133988618850708;[];
85.125;MPIB4;51.2981961525511;48.84129407590865;-0.32286056876182556;-0.4908948540687561;0.809136152267456;[];
85.125;MPIB3;48.15890243899344;29.15314508201891;-0.4289887845516205;-0.49314841628074646;0.7567634582519531;[];
85.1875;MPIB2;52.13468525937642;25.963980061147822;-0.8066972494125366;-0.5424286723136902;0.23435714840888977;[];
85.1875;MPIB1;29.586667948553895;48.43957654658283;-0.014285231940448284;-0.39231711626052856;-0.9196814298629761;[];
85.1875;MPIB4;51.2981961525511;48.84129407590865;-0.32286056876182556;-0.4908948540687561;0.809136152267456;[];
85.1875;MPIB3;48.05063512488209;29.337041534817757;-0.4004049301147461;-0.4794096350669861;0.7808723449707031;[];
85.25;MPIB2;52.16684645532521;25.974926567712146;-0.8451713919639587;-0.5179625153541565;0.13158704340457916;[];
85.25;MPIB1;29.585145917523278;48.23421679781157;-0.014598822221159935;-0.3411290943622589;-0.939870297908783;[];
85.25;MPIB4;51.2981961525511;48.84129407590865;-0.32286056876182556;-0.4908948540687561;0.809136152267456;[];
85.25;MPIB3;47.95473984602518;29.528284752360946;-0.3303043246269226;-0.47477537393569946;0.8157249689102173;[];
85.28125;MPIB2;52.16684645532521;25.974926567712146;-0.850394606590271;-0.513526976108551;0.1141691505908966;[];
85.28125;MPIB1;29.58362388649266;48.02410219604366;-0.01469341292977333;-0.3238593637943268;-0.9459600448608398;[];
85.28125;MPIB4;51.2981961525511;48.84129407590865;-0.32286056876182556;-0.4908948540687561;0.809136152267456;[];
85.28125;MPIB3;47.88100995111745;29.72834495075722;-0.19191686809062958;-0.47477537393569946;0.8588806986808777;[];
85.34375;MPIB2;52.16684645532521;25.974926567712146;-0.8552455306053162;-0.5067653059959412;0.10798265784978867;[];
85.34375;MPIB1;29.582101855462042;47.81139144423804;-0.014757762663066387;-0.3114960789680481;-0.9501029253005981;[];
85.34375;MPIB4;51.2981961525511;48.84129407590865;-0.32286056876182556;-0.4908948540687561;0.809136152267456;[];
85.34375;MPIB3;47.83000768146371;29.934986901307383;-0.096900574862957;-0.46792641282081604;0.8783938884735107;[];
85.375;MPIB2;52.16684645532521;25.974926567712146;-0.8589702844619751;-0.5022124648094177;0.09934507310390472;[];
85.375;MPIB1;29.580579824431425;47.59726319434719;-0.014770700596272945;-0.30894404649734497;-0.9509358406066895;[];
85.375;MPIB4;51.2981961525511;48.84129407590865;-0.32286056876182556;-0.4908948540687561;0.809136152267456;[];
85.375;MPIB3;47.79268567442023;30.145354319524074;-0.08556059002876282;-0.46555230021476746;0.880829930305481;[];
85.4375;MPIB2;52.16684645532521;25.974926567712146;-0.8610146045684814;-0.49997231364250183;0.09272806346416473;[];
85.4375;MPIB1;29.579057793400807;47.38236099041191;-0.014732512645423412;-0.31641149520874023;-0.9484772682189941;[];
85.4375;MPIB4;51.2981961525511;48.84129407590865;-0.32286056876182556;-0.4908948540687561;0.809136152267456;[];
85.4375;MPIB3;47.77230785620759;30.260214943211736;-0.07170102745294571;-0.46555230021476746;0.8820663094520569;[];
85.5;MPIB2;52.16684645532521;25.974926567712146;-0.8625361919403076;-0.4977288246154785;0.09063391387462616;[];
85.5;MPIB1;29.57728211620133;47.16704046925136;-0.016965564340353012;-0.35102346539497375;-0.9361792802810669;[];
85.5;MPIB4;51.2981961525511;48.84129407590865;-0.32286056876182556;-0.4908948540687561;0.809136152267456;[];
85.5;MPIB3;47.76118156617099;30.322928851029587;-0.06476438045501709;-0.46555230021476746;0.8826027512550354;[];
85.53125;MPIB2;52.176573681895455;26.072442612686473;-0.8643288016319275;-0.49539870023727417;0.08621680736541748;[];
85.53125;MPIB1;29.57728211620133;47.04947545104221;-0.016898155212402344;-0.36078935861587524;-0.9324596524238586;[];
85.53125;MPIB4;51.2981961525511;48.84129407590865;-0.32286056876182556;-0.4908948540687561;0.809136152267456;[];
85.53125;MPIB3;47.755106611105475;30.357170648675407;-0.062479473650455475;-0.46555230021476746;0.8827674388885498;[];
85.59375;MPIB2;52.11773665743993;26.20240026181355;-0.8677260279655457;-0.4908948540687561;0.07740670442581177;[];
85.59375;MPIB1;29.57728211620133;46.98528494364413;-0.016898155212402344;-0.36078935861587524;-0.9324596524238586;[];
85.59375;MPIB4;51.2981961525511;48.84129407590865;-0.32286056876182556;-0.4908948540687561;0.809136152267456;[];
85.59375;MPIB3;47.755106611105475;30.357170648675407;-0.062479473650455475;-0.46555230021476746;0.8827674388885498;[];
85.625;MPIB2;52.02006960355098;26.348883555329905;-0.8689979314804077;-0.4908948540687561;0.06150491163134575;[];
85.625;MPIB1;29.57728211620133;46.95023692253386;-0.019381750375032425;-0.36320239305496216;-0.9314737915992737;[];
85.625;MPIB4;51.2981961525511;48.84129407590865;-0.32286056876182556;-0.4908948540687561;0.809136152267456;[];
85.625;MPIB3;47.755106611105475;30.357170648675407;-0.062479473650455475;-0.46555230021476746;0.8827674388885498;[];
85.6875;MPIB2;51.89771300419449;26.501215382855918;-0.8709314465522766;-0.4908948540687561;0.02046114392578602;[];
85.6875;MPIB1;29.57728211620133;46.95023692253386;-0.019381750375032425;-0.36320239305496216;-0.9314737915992737;[];
85.6875;MPIB4;51.2981961525511;48.84129407590865;-0.32286056876182556;-0.4908948540687561;0.809136152267456;[];
85.6875;MPIB3;47.75178968525438;30.391648287571968;-0.062479473650455475;-0.46555230021476746;0.8827674388885498;[];
85.75;MPIB2;51.75982375332964;26.654725396491557;-0.8711596727371216;-0.4908948540687561;-0.00459371879696846;[];
85.75;MPIB1;29.57728211620133;46.95023692253386;-0.019381750375032425;-0.36320239305496216;-0.9314737915992737;[];
85.75;MPIB4;51.2981961525511;48.84129407590865;-0.32286056876182556;-0.4908948540687561;0.809136152267456;[];
85.75;MPIB3;47.75178968525438;30.391648287571968;-0.062479473650455475;-0.46555230021476746;0.8827674388885498;[];
85.78125;MPIB2;51.68453621361259;26.73854187367212;-0.8711233139038086;-0.4908948540687561;-0.009187310002744198;[];
85.78125;MPIB1;29.57728211620133;46.91494750728825;-0.019401248544454575;-0.36078935861587524;-0.9324108958244324;[];
85.78125;MPIB4;51.2981961525511;48.84129407590865;-0.32286056876182556;-0.4908948540687561;0.809136152267456;[];
85.78125;MPIB3;47.75178968525438;30.391648287571968;-0.062479473650455475;-0.46555230021476746;0.8827674388885498;[];
85.84375;MPIB2;51.64342921215239;26.784305675528287;-0.8636445999145508;-0.4977288246154785;-0.07938005775213242;[];
85.84375;MPIB1;29.57728211620133;46.91494750728825;-0.019421333447098732;-0.3582844138145447;-0.9333760738372803;[];
85.84375;MPIB4;51.2981961525511;48.84129407590865;-0.32522261142730713;-0.4794096350669861;0.8150558471679688;[];
85.84375;MPIB3;47.75178968525438;30.391648287571968;-0.062479473650455475;-0.46555230021476746;0.8827674388885498;[];
85.875;MPIB2;51.620984786748146;26.809292714244066;-0.8544564247131348;-0.5044492483139038;-0.12390144169330597;[];
85.875;MPIB1;29.57728211620133;46.91494750728825;-0.019459670409560204;-0.3534461557865143;-0.9352185130119324;[];
85.875;MPIB4;51.2981961525511;48.84129407590865;-0.314818412065506;-0.44223135709762573;0.839788556098938;[];
85.875;MPIB3;47.75178968525438;30.391648287571968;-0.062479473650455475;-0.46555230021476746;0.8827674388885498;[];
85.9375;MPIB2;51.620984786748146;26.809292714244066;-0.8534560203552246;-0.5044492483139038;-0.1306149810552597;[];
85.9375;MPIB1;29.57728211620133;46.91494750728825;-0.019459670409560204;-0.3534461557865143;-0.9352185130119324;[];
85.9375;MPIB4;51.26499524409883;48.9334987286353;-0.30838993191719055;-0.4139001667499542;0.8564520478248596;[];
85.9375;MPIB3;47.75178968525438;30.391648287571968;-0.062479473650455475;-0.46555230021476746;0.8827674388885498;[];
86.0;MPIB2;51.620984786748146;26.809292714244066;-0.8520444631576538;-0.5044492483139038;-0.13952650129795074;[];
86.0;MPIB1;29.57728211620133;46.91494750728825;-0.01701505482196808;-0.34365129470825195;-0.9389102458953857;[];
86.0;MPIB4;51.214631994352885;49.07638904219243;-0.3028843402862549;-0.3899347484111786;0.8695648908615112;[];
86.0;MPIB3;47.75178968525438;30.391648287571968;-0.062479473650455475;-0.46555230021476746;0.8827674388885498;[];
86.03125;MPIB2;51.59838577479401;26.834451851823474;-0.8471829891204834;-0.5067653059959412;-0.1593303680419922;[];
86.03125;MPIB1;29.57728211620133;46.91494750728825;-0.014612492173910141;-0.33869463205337524;-0.9407504200935364;[];
86.03125;MPIB4;51.155386550334924;49.247122425823335;-0.29961076378822327;-0.38020193576812744;0.874992847442627;[];
86.03125;MPIB3;47.75178968525438;30.391648287571968;-0.062479473650455475;-0.46555230021476746;0.8827674388885498;[];
86.09375;MPIB2;51.59838577479401;26.834451851823474;-0.8454716801643372;-0.5067653059959412;-0.16817477345466614;[];
86.09375;MPIB1;29.57728211620133;46.91494750728825;-0.014653405174612999;-0.3312872350215912;-0.9433843493461609;[];
86.09375;MPIB4;51.092262044617655;49.43338482053832;-0.2922924757003784;-0.3656129837036133;0.8836441040039062;[];
86.09375;MPIB3;47.75178968525438;30.391648287571968;-0.062479473650455475;-0.46555230021476746;0.8827674388885498;[];
86.125;MPIB2;51.59838577479401;26.834451851823474;-0.8449796438217163;-0.5044492483139038;-0.17736056447029114;[];
86.125;MPIB1;29.57728211620133;46.91494750728825;-0.014666678383946419;-0.32884371280670166;-0.9442389011383057;[];
86.125;MPIB4;51.02946506944818;49.628899627721694;-0.27095767855644226;-0.3485085368156433;0.8972519636154175;[];
86.125;MPIB3;47.75178968525438;30.391648287571968;-0.062479473650455475;-0.46555230021476746;0.8827674388885498;[];
86.1875;MPIB2;51.59838577479401;26.834451851823474;-0.8360605239868164;-0.5067653059959412;-0.21001866459846497;[];
86.1875;MPIB1;29.57728211620133;46.91494750728825;-0.014706387184560299;-0.3214091956615448;-0.9467953443527222;[];
86.1875;MPIB4;50.97205002589976;49.830882541015825;-0.2228662371635437;-0.32884371280670166;0.9176779389381409;[];
86.1875;MPIB3;47.75178968525438;30.391648287571968;-0.062479473650455475;-0.46555230021476746;0.8827674388885498;[];
86.25;MPIB2;51.59838577479401;26.834451851823474;-0.8290439248085022;-0.5067653059959412;-0.23620176315307617;[];
86.25;MPIB1;29.57728211620133;46.91494750728825;-0.014732512645423412;-0.31641149520874023;-0.9484772682189941;[];
86.25;MPIB4;50.92334575036716;50.037616141906824;-0.16769634187221527;-0.3214091956615448;0.9319419264793396;[];
86.25;MPIB3;47.75178968525438;30.391648287571968;-0.062479473650455475;-0.46555230021476746;0.8827674388885498;[];
86.28125;MPIB2;51.59838577479401;26.834451851823474;-0.8252277374267578;-0.5067653059959412;-0.24920734763145447;[];
86.28125;MPIB1;29.57728211620133;46.91494750728825;-0.012287807650864124;-0.31395483016967773;-0.9493283033370972;[];
86.28125;MPIB4;50.88395543715933;50.247653472593356;-0.1237647756934166;-0.3189568817615509;0.939622700214386;[];
86.28125;MPIB3;47.75178968525438;30.391648287571968;-0.062479473650455475;-0.46555230021476746;0.8827674388885498;[];
86.34375;MPIB2;51.59838577479401;26.834451851823474;-0.8212326765060425;-0.5067653059959412;-0.2620725929737091;[];
86.34375;MPIB1;29.57728211620133;46.91494750728825;-0.012287807650864124;-0.31395483016967773;-0.9493283033370972;[];
86.34375;MPIB4;50.85680467322595;50.460171219731194;-0.054482780396938324;-0.3238593637943268;0.9445040822029114;[];
86.34375;MPIB3;47.75178968525438;30.391648287571968;-0.062479473650455475;-0.46555230021476746;0.8827674388885498;[];
86.375;MPIB2;51.59838577479401;26.834451851823474;-0.8104940056800842;-0.5157464742660522;-0.2775253653526306;[];
86.375;MPIB1;29.57728211620133;46.91494750728825;-0.009747632779181004;-0.3114960789680481;-0.9501675367355347;[];
86.375;MPIB4;50.8383826361985;50.67413985628505;-0.03473171964287758;-0.3238593637943268;0.9454364776611328;[];
86.375;MPIB3;47.75178968525438;30.391648287571968;-0.062479473650455475;-0.46555230021476746;0.8827674388885498;[];
86.4375;MPIB2;51.59838577479401;26.834451851823474;-0.8044360876083374;-0.5224658846855164;-0.28253597021102905;[];
86.4375;MPIB1;29.57728211620133;46.91494750728825;-0.009756178595125675;-0.30894404649734497;-0.9510005116462708;[];
86.4375;MPIB4;50.824989397676745;50.88890998432723;-0.03216389939188957;-0.32639798521995544;0.9446537494659424;[];
86.4375;MPIB3;47.75178968525438;30.391648287571968;-0.062479473650455475;-0.46555230021476746;0.8827674388885498;[];
86.5;MPIB2;51.59838577479401;26.834451851823474;-0.8044360876083374;-0.5224658846855164;-0.28253597021102905;[];
86.5;MPIB1;29.57728211620133;46.91494750728825;-0.009756178595125675;-0.30894404649734497;-0.9510005116462708;[];
86.5;MPIB4;50.81434188345793;51.10411772677284;-0.03216389939188957;-0.32639798521995544;0.9446537494659424;[];
86.5;MPIB3;47.75178968525438;30.391648287571968;-0.062479473650455475;-0.46555230021476746;0.8827674388885498;[];
86.53125;MPIB2;51.59838577479401;26.834451851823474;-0.8044360876083374;-0.5224658846855164;-0.28253597021102905;[];
86.53125;MPIB1;29.57728211620133;46.91494750728825;-0.009772460907697678;-0.30401602387428284;-0.9525876641273499;[];
86.53125;MPIB4;50.808528340019166;51.221621167796485;-0.03216389939188957;-0.32639798521995544;0.9446537494659424;[];
86.53125;MPIB3;47.75178968525438;30.391648287571968;-0.062479473650455475;-0.46555230021476746;0.8827674388885498;[];
86.59375;MPIB2;51.59838577479401;26.834451851823474;-0.8044360876083374;-0.5224658846855164;-0.28253597021102905;[];
86.59375;MPIB1;29.57728211620133;46.91494750728825;-0.00978079903870821;-0.3014575242996216;-0.9534004926681519;[];
86.59375;MPIB4;50.805354144932835;51.28577805404737;-0.03473171964287758;-0.3238593637943268;0.9454364776611328;[];
86.59375;MPIB3;47.75178968525438;30.391648287571968;-0.062479473650455475;-0.46555230021476746;0.8827674388885498;[];
86.625;MPIB2;51.59838577479401;26.834451851823474;-0.8044360876083374;-0.5224658846855164;-0.28253597021102905;[];
86.625;MPIB1;29.57728211620133;46.91494750728825;-0.009796683676540852;-0.29651716351509094;-0.9549488425254822;[];
86.625;MPIB4;50.805354144932835;51.32080771800915;-0.03473171964287758;-0.3238593637943268;0.9454364776611328;[];
86.625;MPIB3;47.75178968525438;30.391648287571968;-0.062479473650455475;-0.46555230021476746;0.8827674388885498;[];
86.6875;MPIB2;51.59838577479401;26.834451851823474;-0.8044360876083374;-0.5224658846855164;-0.28253597021102905;[];
86.6875;MPIB1;29.57728211620133;46.91494750728825;-0.009796683676540852;-0.29651716351509094;-0.9549488425254822;[];
86.6875;MPIB4;50.805354144932835;51.32080771800915;-0.03473171964287758;-0.3238593637943268;0.9454364776611328;[];
86.6875;MPIB3;47.75178968525438;30.394691465385677;-0.062479473650455475;-0.46555230021476746;0.8827674388885498;[];
86.75;MPIB2;51.59838577479401;26.834451851823474;-0.8044360876083374;-0.5224658846855164;-0.28253597021102905;[];
86.75;MPIB1;29.57728211620133;46.91494750728825;-0.009796683676540852;-0.29651716351509094;-0.9549488425254822;[];
86.75;MPIB4;50.805354144932835;51.32080771800915;-0.03473171964287758;-0.3238593637943268;0.9454364776611328;[];
86.75;MPIB3;47.75178968525438;30.394691465385677;-0.062479473650455475;-0.46555230021476746;0.8827674388885498;[];
86.78125;MPIB2;51.59838577479401;26.834451851823474;-0.8044360876083374;-0.5224658846855164;-0.28253597021102905;[];
86.78125;MPIB1;29.57728211620133;46.91183267782279;-0.009796683676540852;-0.29651716351509094;-0.9549488425254822;[];
86.78125;MPIB4;50.805354144932835;51.356078649670934;-0.03473171964287758;-0.3238593637943268;0.9454364776611328;[];
86.78125;MPIB3;47.75178968525438;30.394691465385677;-0.062479473650455475;-0.46555230021476746;0.8827674388885498;[];
86.84375;MPIB2;51.59838577479401;26.834451851823474;-0.8044360876083374;-0.5224658846855164;-0.28253597021102905;[];
86.84375;MPIB1;29.57728211620133;46.91183267782279;-0.009796683676540852;-0.29651716351509094;-0.9549488425254822;[];
86.84375;MPIB4;50.805354144932835;51.356078649670934;-0.03473171964287758;-0.3238593637943268;0.9454364776611328;[];
86.84375;MPIB3;47.75178968525438;30.394691465385677;-0.062479473650455475;-0.46555230021476746;0.8827674388885498;[];
86.875;MPIB2;51.59838577479401;26.834451851823474;-0.8044360876083374;-0.5224658846855164;-0.28253597021102905;[];
86.875;MPIB1;29.57728211620133;46.91183267782279;-0.009796683676540852;-0.29651716351509094;-0.9549488425254822;[];
86.875;MPIB4;50.805354144932835;51.356078649670934;-0.03473171964287758;-0.3238593637943268;0.9454364776611328;[];
86.875;MPIB3;47.75178968525438;30.394691465385677;-0.06010948866605759;-0.46555230021476746;0.8829320073127747;[];
86.9375;MPIB2;51.59838577479401;26.834451851823474;-0.8044360876083374;-0.5224658846855164;-0.28253597021102905;[];
86.9375;MPIB1;29.57728211620133;46.91183267782279;-0.009796683676540852;-0.29651716351509094;-0.9549488425254822;[];
86.9375;MPIB4;50.805354144932835;51.356078649670934;-0.03473171964287758;-0.3238593637943268;0.9454364776611328;[];
86.9375;MPIB3;47.75178968525438;30.394691465385677;-0.06010948866605759;-0.46555230021476746;0.8829320073127747;[];
87.0;MPIB2;51.59838577479401;26.834451851823474;-0.8003564476966858;-0.526954710483551;-0.2857663631439209;[];
87.0;MPIB1;29.57728211620133;46.91183267782279;-0.009796683676540852;-0.29651716351509094;-0.9549488425254822;[];
87.0;MPIB4;50.805354144932835;51.356078649670934;-0.03473171964287758;-0.3238593637943268;0.9454364776611328;[];
87.0;MPIB3;47.75178968525438;30.394691465385677;-0.06010948866605759;-0.46555230021476746;0.8829320073127747;[];
87.03125;MPIB2;51.59838577479401;26.834451851823474;-0.7972983121871948;-0.526954710483551;-0.2941909730434418;[];
87.03125;MPIB1;29.57728211620133;46.91183267782279;-0.009796683676540852;-0.29651716351509094;-0.9549488425254822;[];
87.03125;MPIB4;50.805354144932835;51.356078649670934;-0.03473171964287758;-0.3238593637943268;0.9454364776611328;[];
87.03125;MPIB3;47.75178968525438;30.394691465385677;-0.06010948866605759;-0.46555230021476746;0.8829320073127747;[];
87.09375;MPIB2;51.59838577479401;26.834451851823474;-0.7888975739479065;-0.5291529893875122;-0.3123326301574707;[];
87.09375;MPIB1;29.57728211620133;46.91183267782279;-0.009796683676540852;-0.29651716351509094;-0.9549488425254822;[];
87.09375;MPIB4;50.805354144932835;51.356078649670934;-0.03473171964287758;-0.3238593637943268;0.9454364776611328;[];
87.09375;MPIB3;47.75178968525438;30.394691465385677;-0.06010948866605759;-0.46555230021476746;0.8829320073127747;[];
87.125;MPIB2;51.59838577479401;26.834451851823474;-0.7734977602958679;-0.533538818359375;-0.34198105335235596;[];
87.125;MPIB1;29.57728211620133;46.91183267782279;-0.009796683676540852;-0.29651716351509094;-0.9549488425254822;[];
87.125;MPIB4;50.805354144932835;51.356078649670934;-0.03473171964287758;-0.3238593637943268;0.9454364776611328;[];
87.125;MPIB3;47.75178968525438;30.394691465385677;-0.06010948866605759;-0.46555230021476746;0.8829320073127747;[];
87.1875;MPIB2;51.59838577479401;26.834451851823474;-0.7527362108230591;-0.5401714444160461;-0.37618592381477356;[];
87.1875;MPIB1;29.57728211620133;46.91183267782279;-0.009796683676540852;-0.29651716351509094;-0.9549488425254822;[];
87.1875;MPIB4;50.805354144932835;51.356078649670934;-0.03473171964287758;-0.3238593637943268;0.9454364776611328;[];
87.1875;MPIB3;47.75178968525438;30.394691465385677;-0.06010948866605759;-0.46555230021476746;0.8829320073127747;[];
87.25;MPIB2;51.59838577479401;26.834451851823474;-0.7457217574119568;-0.5401714444160461;-0.389906108379364;[];
87.25;MPIB1;29.57728211620133;46.91183267782279;-0.009796683676540852;-0.29651716351509094;-0.9549488425254822;[];
87.25;MPIB4;50.805354144932835;51.356078649670934;-0.03473171964287758;-0.3238593637943268;0.9454364776611328;[];
87.25;MPIB3;47.75178968525438;30.394691465385677;-0.06010948866605759;-0.46555230021476746;0.8829320073127747;[];
87.28125;MPIB2;51.59838577479401;26.834451851823474;-0.7320218682289124;-0.5401714444160461;-0.41505616903305054;[];
87.28125;MPIB1;29.57728211620133;46.91183267782279;-0.009796683676540852;-0.29651716351509094;-0.9549488425254822;[];
87.28125;MPIB4;50.805354144932835;51.356078649670934;-0.03473171964287758;-0.3238593637943268;0.9454364776611328;[];
87.28125;MPIB3;47.75178968525438;30.394691465385677;-0.06010948866605759;-0.46555230021476746;0.8829320073127747;[];
87.34375;MPIB2;51.59838577479401;26.834451851823474;-0.7242991328239441;-0.5401714444160461;-0.4283905327320099;[];
87.34375;MPIB1;29.57728211620133;46.91183267782279;-0.009804815985262394;-0.2939523458480835;-0.9557415843009949;[];
87.34375;MPIB4;50.805354144932835;51.356078649670934;-0.03473171964287758;-0.3238593637943268;0.9454364776611328;[];
87.34375;MPIB3;47.75178968525438;30.394691465385677;-0.05782373994588852;-0.46555230021476746;0.8830846548080444;[];
87.375;MPIB2;51.59838577479401;26.834451851823474;-0.7008827924728394;-0.5424286723136902;-0.46308434009552;[];
87.375;MPIB1;29.57728211620133;46.91183267782279;-0.009812591597437859;-0.29147714376449585;-0.956499457359314;[];
87.375;MPIB4;50.805354144932835;51.356078649670934;-0.03473171964287758;-0.3238593637943268;0.9454364776611328;[];
87.375;MPIB3;47.75178968525438;30.394691465385677;-0.05782373994588852;-0.46555230021476746;0.8830846548080444;[];
87.4375;MPIB2;51.59838577479401;26.834451851823474;-0.6936214566230774;-0.5446015000343323;-0.4713924527168274;[];
87.4375;MPIB1;29.57728211620133;46.91183267782279;-0.009812591597437859;-0.29147714376449585;-0.956499457359314;[];
87.4375;MPIB4;50.805354144932835;51.356078649670934;-0.03473171964287758;-0.3238593637943268;0.9454364776611328;[];
87.4375;MPIB3;47.75178968525438;30.394691465385677;-0.05782373994588852;-0.46555230021476746;0.8830846548080444;[];
87.5;MPIB2;51.59838577479401;26.834451851823474;-0.6923535466194153;-0.5446015000343323;-0.4732527434825897;[];
87.5;MPIB1;29.57728211620133;46.91183267782279;-0.009812591597437859;-0.29147714376449585;-0.956499457359314;[];
87.5;MPIB4;50.805354144932835;51.356078649670934;-0.03473171964287758;-0.3238593637943268;0.9454364776611328;[];
87.5;MPIB3;47.75178968525438;30.394691465385677;-0.05782373994588852;-0.46555230021476746;0.8830846548080444;[];
87.53125;MPIB2;51.59838577479401;26.834451851823474;-0.6911261677742004;-0.5446015000343323;-0.4750433564186096;[];
87.53125;MPIB1;29.57728211620133;46.91183267782279;-0.009812591597437859;-0.29147714376449585;-0.956499457359314;[];
87.53125;MPIB4;50.805354144932835;51.356078649670934;-0.03473171964287758;-0.3238593637943268;0.9454364776611328;[];
87.53125;MPIB3;47.75178968525438;30.394691465385677;-0.05782373994588852;-0.46555230021476746;0.8830846548080444;[];
87.59375;MPIB2;51.542665479036955;26.91506975648656;-0.6898941397666931;-0.5446015000343323;-0.4768308401107788;[];
87.59375;MPIB1;29.57728211620133;46.91183267782279;-0.009812591597437859;-0.29147714376449585;-0.956499457359314;[];
87.59375;MPIB4;50.805354144932835;51.356078649670934;-0.03473171964287758;-0.3238593637943268;0.9454364776611328;[];
87.59375;MPIB3;47.75178968525438;30.394691465385677;-0.05782373994588852;-0.46555230021476746;0.8830846548080444;[];
87.625;MPIB2;51.4550550614825;27.03867124434828;-0.6810473203659058;-0.5446015000343323;-0.48938342928886414;[];
87.625;MPIB1;29.57728211620133;46.91183267782279;-0.009812591597437859;-0.29147714376449585;-0.956499457359314;[];
87.625;MPIB4;50.805354144932835;51.356078649670934;-0.03473171964287758;-0.3238593637943268;0.9454364776611328;[];
87.625;MPIB3;47.75178968525438;30.394691465385677;-0.05782373994588852;-0.46555230021476746;0.8830846548080444;[];
87.6875;MPIB2;51.41506376154575;27.205849532387873;-0.631107747554779;-0.5577207207679749;-0.5390378832817078;[];
87.6875;MPIB1;29.576276801212316;46.81383784363814;-0.009812591597437859;-0.29147714376449585;-0.956499457359314;[];
87.6875;MPIB4;50.805354144932835;51.356078649670934;-0.03473171964287758;-0.3238593637943268;0.9454364776611328;[];
87.6875;MPIB3;47.75178968525438;30.394691465385677;-0.05782373994588852;-0.46555230021476746;0.8830846548080444;[];
87.75;MPIB2;51.45765108686362;27.37097826082558;-0.5277442932128906;-0.5961612462997437;-0.6049677729606628;[];
87.75;MPIB1;29.5752714862233;46.662337823773896;-0.009812591597437859;-0.29147714376449585;-0.956499457359314;[];
87.75;MPIB4;50.805354144932835;51.356078649670934;-0.03473171964287758;-0.3238593637943268;0.9454364776611328;[];
87.75;MPIB3;47.75178968525438;30.394691465385677;-0.05782373994588852;-0.46555230021476746;0.8830846548080444;[];
87.78125;MPIB2;51.53012058725249;27.545883487292258;-0.3911011517047882;-0.6272518038749695;-0.6734250783920288;[];
87.78125;MPIB1;29.574266171234285;46.48162396913534;-0.009827944450080395;-0.2865208685398102;-0.9579960703849792;[];
87.78125;MPIB4;50.805354144932835;51.359191847678034;-0.03473171964287758;-0.3238593637943268;0.9454364776611328;[];
87.78125;MPIB3;47.75178968525438;30.394691465385677;-0.05782373994588852;-0.46555230021476746;0.8830846548080444;[];
87.84375;MPIB2;51.609548554327105;27.73090944840652;-0.31339046359062195;-0.6373530626296997;-0.7038986086845398;[];
87.84375;MPIB1;29.573514528083706;46.28495708643021;-0.00739258574321866;-0.2663431465625763;-0.963824450969696;[];
87.84375;MPIB4;50.805354144932835;51.359191847678034;-0.03473171964287758;-0.3238593637943268;0.9454364776611328;[];
87.84375;MPIB3;47.75178968525438;30.394691465385677;-0.05782373994588852;-0.46555230021476746;0.8830846548080444;[];
87.875;MPIB2;51.68441432627041;27.92473379019114;-0.24764925241470337;-0.6373530626296997;-0.729627788066864;[];
87.875;MPIB1;29.572762884933127;46.079579849389006;-0.00741353677585721;-0.25625601410865784;-0.9665559530258179;[];
87.875;MPIB4;50.805354144932835;51.359191847678034;-0.03473171964287758;-0.3238593637943268;0.9454364776611328;[];
87.875;MPIB3;47.75178968525438;30.394691465385677;-0.05782373994588852;-0.46555230021476746;0.8830846548080444;[];
87.9375;MPIB2;51.74816320361956;28.125855452231775;-0.18059685826301575;-0.6333551406860352;-0.7524307370185852;[];
87.9375;MPIB1;29.572011241782548;45.86944675832788;-0.00741353677585721;-0.25625601410865784;-0.9665559530258179;[];
87.9375;MPIB4;50.805354144932835;51.359191847678034;-0.03473171964287758;-0.3238593637943268;0.9454364776611328;[];
87.9375;MPIB3;47.75178968525438;30.394691465385677;-0.1874542385339737;-0.4539734125137329;0.8710290193557739;[];
88.0;MPIB2;51.86309623123648;28.295499318008552;-0.11361266672611237;-0.6108383536338806;-0.7835023403167725;[];
88.0;MPIB1;29.57125959863197;45.65671697067029;-0.00741353677585721;-0.25625601410865784;-0.9665559530258179;[];
88.0;MPIB4;50.805354144932835;51.359191847678034;-0.03473171964287758;-0.3238593637943268;0.9454364776611328;[];
88.0;MPIB3;47.75178968525438;30.394691465385677;-0.37829649448394775;-0.42807504534721375;0.820712685585022;[];
88.03125;MPIB2;52.00550296449866;28.44858437407214;-0.10744959861040115;-0.6108383536338806;-0.7843713164329529;[];
88.03125;MPIB1;29.57050795548139;45.442569386506335;-0.00741353677585721;-0.25625601410865784;-0.9665559530258179;[];
88.03125;MPIB4;50.805354144932835;51.359191847678034;-0.03473171964287758;-0.3238593637943268;0.9454364776611328;[];
88.03125;MPIB3;47.75178968525438;30.394691465385677;-0.5012133121490479;-0.3995363116264343;0.7675192356109619;[];
88.09375;MPIB2;52.162910342785516;28.59262831898218;-0.10744959861040115;-0.6108383536338806;-0.7843713164329529;[];
88.09375;MPIB1;29.56975631233081;45.22764768535998;-0.007403258234262466;-0.2612568736076355;-0.9652158617973328;[];
88.09375;MPIB4;50.805354144932835;51.359191847678034;-0.03473171964287758;-0.3238593637943268;0.9454364776611328;[];
88.09375;MPIB3;47.69031901649146;30.471015473790885;-0.5813516974449158;-0.37540847063064575;0.7218254804611206;[];
88.125;MPIB2;52.32850807420717;28.731735816628998;-0.10744959861040115;-0.6108383536338806;-0.7843713164329529;[];
88.125;MPIB1;29.56900466918023;45.01230331629216;-0.007365108001977205;-0.2789800465106964;-0.960241973400116;[];
88.125;MPIB4;50.805354144932835;51.359191847678034;-0.03473171964287758;-0.3238593637943268;0.9454364776611328;[];
88.125;MPIB3;47.585321484911674;30.57977865267341;-0.6890025734901428;-0.32630735635757446;0.6471010446548462;[];
88.1875;MPIB2;52.51601765568979;28.79438789821549;-0.10744959861040115;-0.6108383536338806;-0.7843713164329529;[];
88.1875;MPIB1;29.56825302602965;44.79672817051241;-0.007348052691668272;-0.2865208685398102;-0.9580183625221252;[];
88.1875;MPIB4;50.805354144932835;51.359191847678034;-0.03473171964287758;-0.3238593637943268;0.9454364776611328;[];
88.1875;MPIB3;47.456384848858306;30.706068481216562;-0.6912904381752014;-0.3238593637943268;0.6458899974822998;[];
88.25;MPIB2;52.69999998807907;28.814532423034677;-0.11361266672611237;-0.6108383536338806;-0.7835023403167725;[];
88.25;MPIB1;29.567501382879072;44.581027020633286;-0.007348052691668272;-0.2865208685398102;-0.9580183625221252;[];
88.25;MPIB4;50.805354144932835;51.359191847678034;-0.03473171964287758;-0.3238593637943268;0.9454364776611328;[];
88.25;MPIB3;47.31437746024426;30.84192786158596;-0.6912904381752014;-0.3238593637943268;0.6458899974822998;[];
88.28125;MPIB2;52.69999998807907;28.814532423034677;-0.12871240079402924;-0.6045950651168823;-0.7860061526298523;[];
88.28125;MPIB1;29.566749739728493;44.365257072507944;-0.007348052691668272;-0.2865208685398102;-0.9580183625221252;[];
88.28125;MPIB4;50.805354144932835;51.359191847678034;-0.03473171964287758;-0.3238593637943268;0.9454364776611328;[];
88.28125;MPIB3;47.16488164583916;30.982633698562722;-0.6908608078956604;-0.33869463205337524;0.6386988162994385;[];
88.34375;MPIB2;52.69999998807907;28.814532423034677;-0.15450572967529297;-0.5961612462997437;-0.7877994775772095;[];
88.34375;MPIB1;29.565998096577914;44.1494495605358;-0.007336573209613562;-0.29147714376449585;-0.9565216898918152;[];
88.34375;MPIB4;50.805354144932835;51.359191847678034;-0.03473171964287758;-0.3238593637943268;0.9454364776611328;[];
88.34375;MPIB3;47.010605870708105;31.125230085622064;-0.6870888471603394;-0.37540847063064575;0.622021496295929;[];
88.375;MPIB2;52.69999998807907;28.7549233120169;-0.21341527998447418;-0.5771399736404419;-0.7882086634635925;[];
88.375;MPIB1;29.5649927815889;43.93362381112797;-0.009804815985262394;-0.2939523458480835;-0.9557415843009949;[];
88.375;MPIB4;50.805354144932835;51.359191847678034;-0.03473171964287758;-0.3238593637943268;0.9454364776611328;[];
88.375;MPIB3;46.852862652539216;31.26789881014463;-0.690713107585907;-0.38984647393226624;0.6089878678321838;[];
88.4375;MPIB2;52.69999998807907;28.643961545261163;-0.2984914183616638;-0.5533362030982971;-0.7775818705558777;[];
88.4375;MPIB1;29.563987466599883;43.71778810407912;-0.009788773953914642;-0.29898834228515625;-0.9541778564453125;[];
88.4375;MPIB4;50.805354144932835;51.359191847678034;-0.03473171964287758;-0.3238593637943268;0.9454364776611328;[];
88.4375;MPIB3;46.690902396515185;31.40787201219652;-0.7085239291191101;-0.4019079804420471;0.5799942016601562;[];
88.5;MPIB2;52.7306572124362;28.488191692522776;-0.38776490092277527;-0.526954710483551;-0.7562217116355896;[];
88.5;MPIB1;29.562982151610868;43.50194696015765;-0.009739326313138008;-0.31395483016967773;-0.9493578672409058;[];
88.5;MPIB4;50.805354144932835;51.359191847678034;-0.03473171964287758;-0.3238593637943268;0.9454364776611328;[];
88.5;MPIB3;46.52364596446887;31.54252487257699;-0.731319785118103;-0.41625523567199707;0.5402131676673889;[];
88.53125;MPIB2;52.773530996881085;28.306616933099008;-0.42640018463134766;-0.5157464742660522;-0.7430368065834045;[];
88.53125;MPIB1;29.562982151610868;43.38409768188802;-0.009713699109852314;-0.3214091956615448;-0.9468597769737244;[];
88.53125;MPIB4;50.805354144932835;51.359191847678034;-0.03473171964287758;-0.3238593637943268;0.9454364776611328;[];
88.53125;MPIB3;46.43232394196434;31.61604534288432;-0.7397542595863342;-0.4233904778957367;0.5229058265686035;[];
88.59375;MPIB2;52.821052053440845;28.1104275835186;-0.44252294301986694;-0.513526976108551;-0.7351046800613403;[];
88.59375;MPIB1;29.562982151610868;43.31975196847887;-0.009696493856608868;-0.32630735635757446;-0.9451826810836792;[];
88.59375;MPIB4;50.805354144932835;51.359191847678034;-0.03473171964287758;-0.3238593637943268;0.9454364776611328;[];
88.59375;MPIB3;46.38246211188516;31.65618752433474;-0.7425012588500977;-0.4233904778957367;0.518997848033905;[];
88.625;MPIB2;52.87034681028184;27.9060721042477;-0.4490070939064026;-0.5112216472625732;-0.7327760457992554;[];
88.625;MPIB1;29.562982151610868;43.28461920487672;-0.009678703732788563;-0.3312872350215912;-0.943448543548584;[];
88.625;MPIB4;50.805354144932835;51.359191847678034;-0.03473171964287758;-0.3238593637943268;0.9454364776611328;[];
88.625;MPIB3;46.35523754949986;31.678105157952473;-0.7442740797996521;-0.42573419213294983;0.5145217776298523;[];
88.6875;MPIB2;52.980822440927035;27.74329234687022;-0.4490070939064026;-0.5112216472625732;-0.7327760457992554;[];
88.6875;MPIB1;29.562982151610868;43.28461920487672;-0.009678703732788563;-0.3312872350215912;-0.943448543548584;[];
88.6875;MPIB4;50.805354144932835;51.359191847678034;-0.03473171964287758;-0.3238593637943268;0.9454364776611328;[];
88.6875;MPIB3;46.35523754949986;31.678105157952473;-0.7537177801132202;-0.4351666569709778;0.4924066960811615;[];
88.75;MPIB2;53.12470283254938;27.603212936283256;-0.4490070939064026;-0.5112216472625732;-0.7327760457992554;[];
88.75;MPIB1;29.562982151610868;43.28461920487672;-0.009678703732788563;-0.3312872350215912;-0.943448543548584;[];
88.75;MPIB4;50.805354144932835;51.359191847678034;-0.03473171964287758;-0.3238593637943268;0.9454364776611328;[];
88.75;MPIB3;46.35523754949986;31.678105157952473;-0.7764208912849426;-0.45858025550842285;0.43219974637031555;[];
88.78125;MPIB2;53.28682222578376;27.47552791648357;-0.4490070939064026;-0.5112216472625732;-0.7327760457992554;[];
88.78125;MPIB1;29.562982151610868;43.24924446347313;-0.009678703732788563;-0.3312872350215912;-0.943448543548584;[];
88.78125;MPIB4;50.805354144932835;51.359191847678034;-0.03473171964287758;-0.3238593637943268;0.9454364776611328;[];
88.78125;MPIB3;46.32782547724969;31.70017374982828;-0.787371814250946;-0.46792641282081604;0.4012620151042938;[];
88.84375;MPIB2;53.45849501208679;27.3539549003969;-0.4547539949417114;-0.5112216472625732;-0.7292235493659973;[];
88.84375;MPIB1;29.562982151610868;43.24924446347313;-0.00966987106949091;-0.33372852206230164;-0.9425876140594482;[];
88.84375;MPIB4;50.805354144932835;51.359191847678034;-0.03473171964287758;-0.3238593637943268;0.9454364776611328;[];
88.84375;MPIB3;46.32782547724969;31.70017374982828;-0.7904342412948608;-0.47021257877349854;0.39247193932533264;[];
88.875;MPIB2;53.63428202564206;27.30000001192093;-0.46692031621932983;-0.5202569365501404;-0.7150055766105652;[];
88.875;MPIB1;29.562982151610868;43.24924446347313;-0.00966064352542162;-0.3362579047679901;-0.9416881203651428;[];
88.875;MPIB4;50.805354144932835;51.359191847678034;-0.03473171964287758;-0.3238593637943268;0.9454364776611328;[];
88.875;MPIB3;46.32782547724969;31.70017374982828;-0.7904342412948608;-0.47021257877349854;0.39247193932533264;[];
88.9375;MPIB2;53.80832197084382;27.30000001192093;-0.509612500667572;-0.5379912257194519;-0.6713967323303223;[];
88.9375;MPIB1;29.562982151610868;43.24924446347313;-0.00966064352542162;-0.3362579047679901;-0.9416881203651428;[];
88.9375;MPIB4;50.805354144932835;51.359191847678034;-0.03473171964287758;-0.3238593637943268;0.9454364776611328;[];
88.9375;MPIB3;46.32782547724969;31.70017374982828;-0.7904342412948608;-0.47021257877349854;0.39247193932533264;[];
89.0;MPIB2;53.96482578091984;27.30000001192093;-0.654194176197052;-0.5424286723136902;-0.5269855260848999;[];
89.0;MPIB1;29.562982151610868;43.24924446347313;-0.00966064352542162;-0.3362579047679901;-0.9416881203651428;[];
89.0;MPIB4;50.805354144932835;51.359191847678034;-0.03473171964287758;-0.3238593637943268;0.9454364776611328;[];
89.0;MPIB3;46.32782547724969;31.70017374982828;-0.7904342412948608;-0.47021257877349854;0.39247193932533264;[];
89.03125;MPIB2;54.09726725456313;27.30000001192093;-0.7371817827224731;-0.5424286723136902;-0.40279868245124817;[];
89.03125;MPIB1;29.562982151610868;43.24924446347313;-0.00966064352542162;-0.3362579047679901;-0.9416881203651428;[];
89.03125;MPIB4;50.805354144932835;51.359191847678034;-0.03473171964287758;-0.3238593637943268;0.9454364776611328;[];
89.03125;MPIB3;46.32782547724969;31.70017374982828;-0.7904342412948608;-0.47021257877349854;0.39247193932533264;[];
89.09375;MPIB2;54.20494642552597;27.30000001192093;-0.7834411859512329;-0.5424286723136902;-0.30315619707107544;[];
89.09375;MPIB1;29.562982151610868;43.24924446347313;-0.00966064352542162;-0.3362579047679901;-0.9416881203651428;[];
89.09375;MPIB4;50.805354144932835;51.359191847678034;-0.03473171964287758;-0.3238593637943268;0.9454364776611328;[];
89.09375;MPIB3;46.32782547724969;31.70017374982828;-0.7904342412948608;-0.47021257877349854;0.39247193932533264;[];
89.125;MPIB2;54.29597481132611;27.30000001192093;-0.7959938645362854;-0.5379912257194519;-0.2772583067417145;[];
89.125;MPIB1;29.562982151610868;43.24924446347313;-0.00966064352542162;-0.3362579047679901;-0.9416881203651428;[];
89.125;MPIB4;50.805354144932835;51.359191847678034;-0.03473171964287758;-0.3238593637943268;0.9454364776611328;[];
89.125;MPIB3;46.32782547724969;31.70017374982828;-0.7904342412948608;-0.47021257877349854;0.39247193932533264;[];
89.1875;MPIB2;54.34567631574595;27.30000001192093;-0.8043261170387268;-0.5358073711395264;-0.2566773593425751;[];
89.1875;MPIB1;29.562982151610868;43.24924446347313;-0.00966064352542162;-0.3362579047679901;-0.9416881203651428;[];
89.1875;MPIB4;50.80175642673498;51.45712578081688;-0.03473171964287758;-0.3238593637943268;0.9454364776611328;[];
89.1875;MPIB3;46.32782547724969;31.70017374982828;-0.7904342412948608;-0.47021257877349854;0.39247193932533264;[];
89.25;MPIB2;54.34567631574595;27.30000001192093;-0.8069644570350647;-0.5358073711395264;-0.2482580691576004;[];
89.25;MPIB1;29.562982151610868;43.24924446347313;-0.00966064352542162;-0.3362579047679901;-0.9416881203651428;[];
89.25;MPIB4;50.79815870853713;51.60853164766044;-0.03473171964287758;-0.3238593637943268;0.9454364776611328;[];
89.25;MPIB3;46.32782547724969;31.70017374982828;-0.7904342412948608;-0.47021257877349854;0.39247193932533264;[];
89.28125;MPIB2;54.38763015744487;27.30000001192093;-0.8069644570350647;-0.5358073711395264;-0.2482580691576004;[];
89.28125;MPIB1;29.562982151610868;43.24924446347313;-0.00966064352542162;-0.3362579047679901;-0.9416881203651428;[];
89.28125;MPIB4;50.79456099033928;51.78913319369792;-0.03508743643760681;-0.29404398798942566;0.9551194310188293;[];
89.28125;MPIB3;46.32782547724969;31.70017374982828;-0.7914850115776062;-0.47021257877349854;0.3903486728668213;[];
89.34375;MPIB2;54.38763015744487;27.30000001192093;-0.8069644570350647;-0.5358073711395264;-0.2482580691576004;[];
89.34375;MPIB1;29.562982151610868;43.24924446347313;-0.00966064352542162;-0.3362579047679901;-0.9416881203651428;[];
89.34375;MPIB4;50.790963272141425;51.985675582426865;-0.0353843979537487;-0.2663431465625763;0.9632030725479126;[];
89.34375;MPIB3;46.32782547724969;31.70017374982828;-0.7914850115776062;-0.47021257877349854;0.3903486728668213;[];
89.375;MPIB2;54.38763015744487;27.30000001192093;-0.8069644570350647;-0.5358073711395264;-0.2482580691576004;[];
89.375;MPIB1;29.562982151610868;43.24924446347313;-0.00966064352542162;-0.3362579047679901;-0.9416881203651428;[];
89.375;MPIB4;50.78838916523023;52.19095391838914;-0.025491420179605484;-0.24102666974067688;0.9701606035232544;[];
89.375;MPIB3;46.32782547724969;31.70017374982828;-0.7914850115776062;-0.47021257877349854;0.3903486728668213;[];
89.4375;MPIB2;54.48839257294014;27.2529787607491;-0.8076043725013733;-0.5358073711395264;-0.2461683303117752;[];
89.4375;MPIB1;29.562982151610868;43.24924446347313;-0.00966064352542162;-0.3362579047679901;-0.9416881203651428;[];
89.4375;MPIB4;50.7865853058604;52.40101929293601;-0.01790904998779297;-0.2308715432882309;0.9727972745895386;[];
89.4375;MPIB3;46.32782547724969;31.70017374982828;-0.7914850115776062;-0.47021257877349854;0.3903486728668213;[];
89.5;MPIB2;54.62471326335765;27.180055610215334;-0.8082389235496521;-0.5358073711395264;-0.24407696723937988;[];
89.5;MPIB1;29.562982151610868;43.24924446347313;-0.00966064352542162;-0.3362579047679901;-0.9416881203651428;[];
89.5;MPIB4;50.786068548549565;52.61371362729099;-0.005142909474670887;-0.22069120407104492;0.9753090143203735;[];
89.5;MPIB3;46.32782547724969;31.70017374982828;-0.7914850115776062;-0.47021257877349854;0.3903486728668213;[];
89.53125;MPIB2;54.78664946367799;27.091836518373952;-0.8100391030311584;-0.5379912257194519;-0.23305588960647583;[];
89.53125;MPIB1;29.562982151610868;43.24924446347313;-0.00966064352542162;-0.3362579047679901;-0.9416881203651428;[];
89.53125;MPIB4;50.785805471197136;52.82784438714688;-0.0026182173751294613;-0.22069120407104492;0.9753190279006958;[];
89.53125;MPIB3;46.32782547724969;31.70017374982828;-0.7914850115776062;-0.47021257877349854;0.3903486728668213;[];
89.59375;MPIB2;54.89968896976485;26.948812477415117;-0.81586092710495;-0.5379912257194519;-0.21177689731121063;[];
89.59375;MPIB1;29.562982151610868;43.24924446347313;-0.00966064352542162;-0.3362579047679901;-0.9416881203651428;[];
89.59375;MPIB4;50.7863128330348;53.04275847429247;0.0051489765755832195;-0.21554511785507202;0.9764596223831177;[];
89.59375;MPIB3;46.32782547724969;31.70017374982828;-0.7914850115776062;-0.47021257877349854;0.3903486728668213;[];
89.625;MPIB2;54.96140854725717;26.870721341981096;-0.8198543787002563;-0.5446015000343323;-0.17652317881584167;[];
89.625;MPIB1;29.562982151610868;43.24924446347313;-0.00966064352542162;-0.3362579047679901;-0.9416881203651428;[];
89.625;MPIB4;50.78682019487246;53.25810025818791;0.0051489765755832195;-0.21554511785507202;0.9764596223831177;[];
89.625;MPIB3;46.32782547724969;31.70017374982828;-0.7914850115776062;-0.47021257877349854;0.3903486728668213;[];
89.6875;MPIB2;54.995107440482194;26.828083577081628;-0.8257680535316467;-0.5446015000343323;-0.1463853418827057;[];
89.6875;MPIB1;29.562982151610868;43.24924446347313;-0.00966064352542162;-0.3362579047679901;-0.9416881203651428;[];
89.6875;MPIB4;50.787327556710125;53.47367556453588;0.0051489765755832195;-0.21554511785507202;0.9764596223831177;[];
89.6875;MPIB3;46.32782547724969;31.70017374982828;-0.7914850115776062;-0.47021257877349854;0.3903486728668213;[];
89.75;MPIB2;54.995107440482194;26.828083577081628;-0.8265284895896912;-0.5446015000343323;-0.1420290172100067;[];
89.75;MPIB1;29.562982151610868;43.24924446347313;-0.00966064352542162;-0.3362579047679901;-0.9416881203651428;[];
89.75;MPIB4;50.78783491854779;53.68937837415774;0.0051489765755832195;-0.21554511785507202;0.9764596223831177;[];
89.75;MPIB3;46.32782547724969;31.70017374982828;-0.7914850115776062;-0.47021257877349854;0.3903486728668213;[];
89.78125;MPIB2;55.02355321990667;26.79209235186886;-0.8310898542404175;-0.5379912257194519;-0.14059893786907196;[];
89.78125;MPIB1;29.562982151610868;43.24612210267205;-0.00966064352542162;-0.3362579047679901;-0.9416881203651428;[];
89.78125;MPIB4;50.78834228038545;53.90515080057526;0.0051489765755832195;-0.21554511785507202;0.9764596223831177;[];
89.78125;MPIB3;46.32782547724969;31.70017374982828;-0.7914850115776062;-0.47021257877349854;0.3903486728668213;[];
89.84375;MPIB2;55.02355321990667;26.79209235186886;-0.8437942862510681;-0.5202569365501404;-0.1313726305961609;[];
89.84375;MPIB1;29.562982151610868;43.24612210267205;-0.00966064352542162;-0.3362579047679901;-0.9416881203651428;[];
89.84375;MPIB4;50.78884964222311;54.1209612377676;0.0051489765755832195;-0.21554511785507202;0.9764596223831177;[];
89.84375;MPIB3;46.32782547724969;31.70017374982828;-0.7914850115776062;-0.47021257877349854;0.3903486728668213;[];
89.875;MPIB2;55.02355321990667;26.79209235186886;-0.8514891266822815;-0.5089951753616333;-0.12572252750396729;[];
89.875;MPIB1;29.562982151610868;43.24612210267205;-0.00966064352542162;-0.3362579047679901;-0.9416881203651428;[];
89.875;MPIB4;50.789357004060776;54.3367924288454;0.0051489765755832195;-0.21554511785507202;0.9764596223831177;[];
89.875;MPIB3;46.32782547724969;31.70017374982828;-0.7914850115776062;-0.47021257877349854;0.3903486728668213;[];
89.9375;MPIB2;55.02355321990667;26.79209235186886;-0.8569960594177246;-0.5022124648094177;-0.11513907462358475;[];
89.9375;MPIB1;29.562982151610868;43.24612210267205;-0.00966064352542162;-0.3362579047679901;-0.9416881203651428;[];
89.9375;MPIB4;50.789357004060776;54.45463627286176;0.0051489765755832195;-0.21554511785507202;0.9764596223831177;[];
89.9375;MPIB3;46.32782547724969;31.70017374982828;-0.7914850115776062;-0.47021257877349854;0.3903486728668213;[];
90.0;MPIB2;55.02355321990667;26.79209235186886;-0.8625953793525696;-0.49539870023727417;-0.10211165994405746;[];
90.0;MPIB1;29.562982151610868;43.24612210267205;-0.00966987106949091;-0.33372852206230164;-0.9425876140594482;[];
90.0;MPIB4;50.789357004060776;54.518979019168285;0.005146015901118517;-0.21807213127613068;0.9758982062339783;[];
90.0;MPIB3;46.32782547724969;31.70017374982828;-0.7914850115776062;-0.47021257877349854;0.3903486728668213;[];
90.03125;MPIB2;55.02355321990667;26.79209235186886;-0.8674615025520325;-0.48855432868003845;-0.09350650757551193;[];
90.03125;MPIB1;29.562982151610868;43.24612210267205;-0.009696493856608868;-0.32630735635757446;-0.9451826810836792;[];
90.03125;MPIB4;50.789357004060776;54.5541101627322;0.005103889387100935;-0.2511554956436157;0.9679092168807983;[];
90.03125;MPIB3;46.32782547724969;31.70017374982828;-0.7914850115776062;-0.47021257877349854;0.3903486728668213;[];
90.09375;MPIB2;55.02355321990667;26.79209235186886;-0.8744663000106812;-0.4794096350669861;-0.07344675064086914;[];
90.09375;MPIB1;29.562982151610868;43.24612210267205;-0.007268993183970451;-0.3189568817615509;-0.9477108120918274;[];
90.09375;MPIB4;50.789357004060776;54.5541101627322;-0.0050357431173324585;-0.29651716351509094;0.9549857974052429;[];
90.09375;MPIB3;46.32782547724969;31.70017374982828;-0.7914850115776062;-0.47021257877349854;0.3903486728668213;[];
90.125;MPIB2;55.02355321990667;26.79209235186886;-0.8764210343360901;-0.4771362841129303;-0.06439525634050369;[];
90.125;MPIB1;29.562982151610868;43.24612210267205;-0.004824216011911631;-0.31395483016967773;-0.9493955373764038;[];
90.125;MPIB4;50.789357004060776;54.5541101627322;-0.014847733080387115;-0.32884371280670166;0.9442360401153564;[];
90.125;MPIB3;46.32782547724969;31.70017374982828;-0.7914850115776062;-0.47021257877349854;0.3903486728668213;[];
90.1875;MPIB2;55.02355321990667;26.79209235186886;-0.8781753778457642;-0.47477537393569946;-0.05758684128522873;[];
90.1875;MPIB1;29.562982151610868;43.24612210267205;-0.004824216011911631;-0.31395483016967773;-0.9493955373764038;[];
90.1875;MPIB4;50.789357004060776;54.5894832729395;-0.01728510484099388;-0.34365129470825195;0.9389052987098694;[];
90.1875;MPIB3;46.32782547724969;31.70017374982828;-0.7914850115776062;-0.47021257877349854;0.3903486728668213;[];
90.25;MPIB2;55.02355321990667;26.79209235186886;-0.8788559436798096;-0.47477537393569946;-0.046047624200582504;[];
90.25;MPIB1;29.562982151610868;43.24612210267205;-0.004828330595046282;-0.3114960789680481;-0.9502052664756775;[];
90.25;MPIB4;50.789357004060776;54.5894832729395;-0.01965814270079136;-0.35102346539497375;0.9361265897750854;[];
90.25;MPIB3;46.32782547724969;31.70017374982828;-0.7914850115776062;-0.47021257877349854;0.3903486728668213;[];
90.28125;MPIB2;55.02355321990667;26.79209235186886;-0.8794682025909424;-0.47477537393569946;-0.03230829909443855;[];
90.28125;MPIB1;29.562982151610868;43.24612210267205;-0.004832563456147909;-0.30894404649734497;-0.9510383009910583;[];
90.28125;MPIB4;50.789357004060776;54.5894832729395;-0.022059815004467964;-0.3534461557865143;0.9351608157157898;[];
90.28125;MPIB3;46.32782547724969;31.70017374982828;-0.7914850115776062;-0.47021257877349854;0.3903486728668213;[];
90.34375;MPIB2;55.02355321990667;26.79209235186886;-0.8784826397895813;-0.4771362841129303;-0.022998258471488953;[];
90.34375;MPIB1;29.562982151610868;43.24612210267205;-0.004832563456147909;-0.30894404649734497;-0.9510383009910583;[];
90.34375;MPIB4;50.789357004060776;54.5894832729395;-0.024431362748146057;-0.3583739101886749;0.933224081993103;[];
90.34375;MPIB3;46.32782547724969;31.70017374982828;-0.7914850115776062;-0.47021257877349854;0.3903486728668213;[];
90.375;MPIB2;55.02355321990667;26.79209235186886;-0.8750017881393433;-0.48403051495552063;0.002265028189867735;[];
90.375;MPIB1;29.562982151610868;43.24612210267205;-0.004832563456147909;-0.30894404649734497;-0.9510383009910583;[];
90.375;MPIB4;50.789357004060776;54.5894832729395;-0.02688257023692131;-0.36320239305496216;0.9312875270843506;[];
90.375;MPIB3;46.32782547724969;31.70017374982828;-0.7914850115776062;-0.47021257877349854;0.3903486728668213;[];
90.4375;MPIB2;55.02355321990667;26.79209235186886;-0.8723787665367126;-0.48855432868003845;0.013717805966734886;[];
90.4375;MPIB1;29.562982151610868;43.24612210267205;-0.004832563456147909;-0.30894404649734497;-0.9510383009910583;[];
90.4375;MPIB4;50.789357004060776;54.5894832729395;-0.026826921850442886;-0.3681102991104126;0.9293597340583801;[];
90.4375;MPIB3;46.32782547724969;31.70017374982828;-0.7914850115776062;-0.47021257877349854;0.3903486728668213;[];
90.5;MPIB2;55.02724397033814;26.683379227824588;-0.8723403811454773;-0.48855432868003845;0.015975991263985634;[];
90.5;MPIB1;29.562982151610868;43.24612210267205;-0.004832563456147909;-0.30894404649734497;-0.9510383009910583;[];
90.5;MPIB4;50.789357004060776;54.5894832729395;-0.0291406512260437;-0.37540847063064575;0.9263652563095093;[];
90.5;MPIB3;46.32782547724969;31.70017374982828;-0.7914850115776062;-0.47021257877349854;0.3903486728668213;[];
90.53125;MPIB2;55.02519587185595;26.53190161258709;-0.8722960948944092;-0.48855432868003845;0.018234068527817726;[];
90.53125;MPIB1;29.562982151610868;43.24612210267205;-0.004832563456147909;-0.30894404649734497;-0.9510383009910583;[];
90.53125;MPIB4;50.789357004060776;54.5894832729395;-0.02907913736999035;-0.38020193576812744;0.9244097471237183;[];
90.53125;MPIB3;46.32782547724969;31.70017374982828;-0.7904342412948608;-0.47021257877349854;0.39247193932533264;[];
90.59375;MPIB2;55.02519587185595;26.4491948250608;-0.8704072833061218;-0.4908948540687561;0.03648867458105087;[];
90.59375;MPIB1;29.562982151610868;43.24612210267205;-0.004836611915379763;-0.3064810633659363;-0.951835036277771;[];
90.59375;MPIB4;50.789357004060776;54.5894832729395;-0.02898423746228218;-0.3874613642692566;0.9213929772377014;[];
90.59375;MPIB3;46.32782547724969;31.70017374982828;-0.7904342412948608;-0.47021257877349854;0.39247193932533264;[];
90.625;MPIB2;55.02519587185595;26.404036913826246;-0.8651208281517029;-0.4977288246154785;0.061230503022670746;[];
90.625;MPIB1;29.562982151610868;43.24612210267205;-0.004836611915379763;-0.3064810633659363;-0.951835036277771;[];
90.625;MPIB4;50.789357004060776;54.5894832729395;-0.03126460313796997;-0.3946968615055084;0.9182414412498474;[];
90.625;MPIB3;46.32782547724969;31.70017374982828;-0.7904342412948608;-0.47021257877349854;0.39247193932533264;[];
90.6875;MPIB2;55.02519587185595;26.404036913826246;-0.8627679347991943;-0.4977288246154785;0.08840085566043854;[];
90.6875;MPIB1;29.562982151610868;43.24612210267205;-0.004840628243982792;-0.30401602387428284;-0.9526254534721375;[];
90.6875;MPIB4;50.789357004060776;54.5894832729395;-0.031229721382260323;-0.39707398414611816;0.9172170162200928;[];
90.6875;MPIB3;46.32782547724969;31.70017374982828;-0.7894156575202942;-0.47021257877349854;0.3945167660713196;[];
90.75;MPIB2;55.02519587185595;26.365918392435304;-0.8531150221824646;-0.5044492483139038;0.13282379508018494;[];
90.75;MPIB1;29.562982151610868;43.24612210267205;-0.004872003570199013;-0.2839479446411133;-0.9588000774383545;[];
90.75;MPIB4;50.789357004060776;54.5894832729395;-0.031158024445176125;-0.4019079804420471;0.9151113033294678;[];
90.75;MPIB3;46.32782547724969;31.70017374982828;-0.7873243689537048;-0.47021257877349854;0.3986738920211792;[];
90.78125;MPIB2;55.02519587185595;26.365918392435304;-0.84028559923172;-0.5067653059959412;0.19241943955421448;[];
90.78125;MPIB1;29.632963719172494;43.17468978785891;-0.009901781566441059;-0.2612568736076355;-0.9651934504508972;[];
90.78125;MPIB4;50.789357004060776;54.5894832729395;-0.031158024445176125;-0.4019079804420471;0.9151113033294678;[];
90.78125;MPIB3;46.32782547724969;31.70017374982828;-0.7809982299804688;-0.47021257877349854;0.41092854738235474;[];
90.84375;MPIB2;55.02519587185595;26.365918392435304;-0.8148238658905029;-0.5067653059959412;0.28136664628982544;[];
90.84375;MPIB1;29.741155227060972;43.06425542462762;-0.009908688254654408;-0.2587572932243347;-0.9658666849136353;[];
90.84375;MPIB4;50.789357004060776;54.5894832729395;-0.031122509390115738;-0.404276967048645;0.9140682220458984;[];
90.84375;MPIB3;46.32782547724969;31.70017374982828;-0.7605046629905701;-0.46555230021476746;0.4525645971298218;[];
90.875;MPIB2;55.02519587185595;26.365918392435304;-0.8023238778114319;-0.5067653059959412;0.3152483105659485;[];
90.875;MPIB1;29.86715604980725;42.92965747440729;-0.050389692187309265;-0.25625601410865784;-0.9652700424194336;[];
90.875;MPIB4;50.789357004060776;54.5894832729395;-0.031085459515452385;-0.4067308008670807;0.9129800200462341;[];
90.875;MPIB3;46.32782547724969;31.70017374982828;-0.6647117733955383;-0.4632597863674164;0.586063027381897;[];
90.9375;MPIB2;55.02519587185595;26.365918392435304;-0.8015052080154419;-0.5067653059959412;0.31732413172721863;[];
90.9375;MPIB1;29.992604710219894;42.77376234175367;-0.17601236701011658;-0.25625601410865784;-0.9504235982894897;[];
90.9375;MPIB4;50.789357004060776;54.5894832729395;-0.031049519777297974;-0.4090942442417145;0.9119245409965515;[];
90.9375;MPIB3;46.32782547724969;31.70017374982828;-0.34977173805236816;-0.4632597863674164;0.8142305612564087;[];
91.0;MPIB2;55.02519587185595;26.365918392435304;-0.8015052080154419;-0.5067653059959412;0.31732413172721863;[];
91.0;MPIB1;30.103221462209376;42.59794764947992;-0.32957595586776733;-0.28146493434906006;-0.901168942451477;[];
91.0;MPIB4;50.789357004060776;54.5894832729395;-0.031049519777297974;-0.4090942442417145;0.9119245409965515;[];
91.0;MPIB3;46.32782547724969;31.70017374982828;-0.08795975893735886;-0.4632597863674164;0.8818020224571228;[];
91.03125;MPIB2;55.02519587185595;26.365918392435304;-0.8015052080154419;-0.5067653059959412;0.31732413172721863;[];
91.03125;MPIB1;30.204308809232316;42.410605829756605;-0.34290045499801636;-0.2889999747276306;-0.8937814235687256;[];
91.03125;MPIB4;50.789357004060776;54.5894832729395;-0.031049519777297974;-0.4090942442417145;0.9119245409965515;[];
91.03125;MPIB3;46.331413806319006;31.798107682967128;0.03253285214304924;-0.4632597863674164;0.8855807781219482;[];
91.09375;MPIB2;55.02519587185595;26.365918392435304;-0.8015052080154419;-0.5067653059959412;0.31732413172721863;[];
91.09375;MPIB1;30.299956499901782;42.21686517433065;-0.3449419140815735;-0.29147714376449585;-0.8921898007392883;[];
91.09375;MPIB4;50.789357004060776;54.5894832729395;-0.031049519777297974;-0.4090942442417145;0.9119245409965515;[];
91.09375;MPIB3;46.34343802639819;31.948837998217385;0.10911343991756439;-0.45858025550842285;0.8818845152854919;[];
91.125;MPIB2;55.02519587185595;26.365918392435304;-0.7969552874565125;-0.513526976108551;0.3179115951061249;[];
91.125;MPIB1;30.39263413785727;42.01963075420528;-0.3449419140815735;-0.29147714376449585;-0.8921898007392883;[];
91.125;MPIB4;50.789357004060776;54.5894832729395;-0.031049519777297974;-0.4090942442417145;0.9119245409965515;[];
91.125;MPIB3;46.37112666990856;32.12683112302045;0.19414131343364716;-0.4351666569709778;0.8791268467903137;[];
91.1875;MPIB2;55.02519587185595;26.365918392435304;-0.7969417572021484;-0.5179625153541565;0.3106665015220642;[];
91.1875;MPIB1;30.479332945353008;41.81868294856375;-0.38472649455070496;-0.3064810633659363;-0.8706313371658325;[];
91.1875;MPIB4;50.789357004060776;54.59260548976263;-0.031049519777297974;-0.4090942442417145;0.9119245409965515;[];
91.1875;MPIB3;46.41579646204832;32.317450705179624;0.272245317697525;-0.4304995536804199;0.8605103492736816;[];
91.25;MPIB2;54.98983851950977;26.263155217443853;-0.7977433204650879;-0.5179625153541565;0.3086024820804596;[];
91.25;MPIB1;30.5487583196184;41.61143530736783;-0.5055785179138184;-0.3189568817615509;-0.8016226887702942;[];
91.25;MPIB4;50.789357004060776;54.59260548976263;-0.031049519777297974;-0.4090942442417145;0.9119245409965515;[];
91.25;MPIB3;46.47362565115782;32.513644202732934;0.3091943860054016;-0.4233904778957367;0.8515079617500305;[];
91.28125;MPIB2;54.93517605054023;26.1218516909679;-0.7977433204650879;-0.5179625153541565;0.3086024820804596;[];
91.28125;MPIB1;30.605938470415254;41.400153093754255;-0.5279603600502014;-0.3214091956615448;-0.7860633730888367;[];
91.28125;MPIB4;50.789357004060776;54.59260548976263;-0.031049519777297974;-0.4090942442417145;0.9119245409965515;[];
91.28125;MPIB3;46.54552297152259;32.71008214353557;0.3741775155067444;-0.41625523567199707;0.8286435604095459;[];
91.34375;MPIB2;54.9053303390162;26.04469995655066;-0.7977433204650879;-0.5179625153541565;0.3086024820804596;[];
91.34375;MPIB1;30.654623302769664;41.18632985874439;-0.5423398017883301;-0.3214091956615448;-0.7762121558189392;[];
91.34375;MPIB4;50.789357004060776;54.59260548976263;-0.031049519777297974;-0.4090942442417145;0.9119245409965515;[];
91.34375;MPIB3;46.62719669629155;32.90567758391427;0.3950200378894806;-0.4090942442417145;0.8225141167640686;[];
91.375;MPIB2;54.88903457863129;26.002575104665937;-0.7977433204650879;-0.5179625153541565;0.3086024820804596;[];
91.375;MPIB1;30.69712889574714;40.970858336360806;-0.5539141297340393;-0.3238593637943268;-0.7669650912284851;[];
91.375;MPIB4;50.789357004060776;54.59260548976263;-0.031049519777297974;-0.4090942442417145;0.9119245409965515;[];
91.375;MPIB3;46.71420833848515;33.100813019008086;0.3950200378894806;-0.4090942442417145;0.8225141167640686;[];
91.4375;MPIB2;54.88903457863129;26.002575104665937;-0.796104907989502;-0.5179625153541565;0.3128047585487366;[];
91.4375;MPIB1;30.73599554687644;40.75444445516305;-0.5549594759941101;-0.32884371280670166;-0.7640826106071472;[];
91.4375;MPIB4;50.789357004060776;54.59260548976263;-0.031049519777297974;-0.4090942442417145;0.9119245409965515;[];
91.4375;MPIB3;46.80413448393119;33.29569729118717;0.3950200378894806;-0.4090942442417145;0.8225141167640686;[];
91.5;MPIB2;54.8752790643962;25.96701683760358;-0.7867799997329712;-0.5179625153541565;0.3355698883533478;[];
91.5;MPIB1;30.772875335525782;40.53751604599299;-0.5544572472572327;-0.3312872350215912;-0.7633911371231079;[];
91.5;MPIB4;50.789357004060776;54.59260548976263;-0.031049519777297974;-0.4090942442417145;0.9119245409965515;[];
91.5;MPIB3;46.85323416504775;33.40210411615638;0.3950200378894806;-0.4090942442417145;0.8225141167640686;[];
91.53125;MPIB2;54.8752790643962;25.96701683760358;-0.7679240703582764;-0.5089951753616333;0.38875773549079895;[];
91.53125;MPIB1;30.808935373891586;40.320349098321;-0.5519018173217773;-0.33372852206230164;-0.7641788125038147;[];
91.53125;MPIB4;50.789357004060776;54.59260548976263;-0.031049519777297974;-0.4090942442417145;0.9119245409965515;[];
91.53125;MPIB3;46.88004259405125;33.46020224933781;0.3971478343009949;-0.4090942442417145;0.8214888572692871;[];
91.59375;MPIB2;54.790280471661866;26.0051937668712;-0.7578307390213013;-0.48629406094551086;0.43488985300064087;[];
91.59375;MPIB1;30.842727949734012;40.10277552932462;-0.5620898604393005;-0.35102346539497375;-0.7488487362861633;[];
91.59375;MPIB4;50.789357004060776;54.59260548976263;-0.031049519777297974;-0.4090942442417145;0.9119245409965515;[];
91.59375;MPIB3;46.894679997987396;33.491923833739435;0.39526501297950745;-0.4186075031757355;0.8175942897796631;[];
91.625;MPIB2;54.66044336585489;26.08119992557195;-0.7502445578575134;-0.47249555587768555;0.4623863995075226;[];
91.625;MPIB1;30.790991166875415;39.91558657252361;-0.6706010699272156;-0.35102346539497375;-0.653462827205658;[];
91.625;MPIB4;50.789357004060776;54.59260548976263;-0.031049519777297974;-0.4090942442417145;0.9119245409965515;[];
91.625;MPIB3;46.894679997987396;33.491923833739435;0.3923508822917938;-0.43283456563949585;0.8115664720535278;[];
91.6875;MPIB2;54.507922418077435;26.176926235403215;-0.7381492257118225;-0.4632597863674164;0.4903544485569;[];
91.6875;MPIB1;30.676505784857113;39.76682860177263;-0.8239453434944153;-0.35102346539497375;-0.44478487968444824;[];
91.6875;MPIB4;50.789357004060776;54.59260548976263;-0.031049519777297974;-0.4090942442417145;0.9119245409965515;[];
91.6875;MPIB3;46.894679997987396;33.491923833739435;0.39186179637908936;-0.4351666569709778;0.8105548620223999;[];
91.75;MPIB2;54.344317618168816;26.285329723964878;-0.7303091883659363;-0.4539734125137329;0.5103715062141418;[];
91.75;MPIB1;30.52288503940622;39.649514462692196;-0.8705195784568787;-0.35102346539497375;-0.34484073519706726;[];
91.75;MPIB4;50.789357004060776;54.59260548976263;-0.031049519777297974;-0.4090942442417145;0.9119245409965515;[];
91.75;MPIB3;46.90703566679031;33.52386390135911;0.39085742831230164;-0.4399081766605377;0.8084772825241089;[];
91.78125;MPIB2;54.17600723499823;26.40253370249647;-0.7218549847602844;-0.4446374773979187;0.5302324295043945;[];
91.78125;MPIB1;30.347803258232375;39.549604628761415;-0.8714092969894409;-0.35102346539497375;-0.3425861597061157;[];
91.78125;MPIB4;50.789357004060776;54.59260548976263;-0.031049519777297974;-0.4090942442417145;0.9119245409965515;[];
91.78125;MPIB3;46.90703566679031;33.52386390135911;0.38883480429649353;-0.44926875829696655;0.8042935729026794;[];
91.84375;MPIB2;54.006357321395704;26.52618072572642;-0.7124667167663574;-0.4399081766605377;0.5466225743293762;[];
91.84375;MPIB1;30.160529215263864;39.53498990014637;-0.8714092969894409;-0.35102346539497375;-0.3425861597061157;[];
91.84375;MPIB4;50.789357004060776;54.59260548976263;-0.031049519777297974;-0.4090942442417145;0.9119245409965515;[];
91.84375;MPIB3;46.90703566679031;33.52386390135911;0.3804086446762085;-0.44926875829696655;0.8083129525184631;[];
91.875;MPIB2;53.836447399975015;26.653955064559625;-0.7090432047843933;-0.4375820457935333;0.5529053211212158;[];
91.875;MPIB1;29.966598196582254;39.566946304443064;-0.8714092969894409;-0.35102346539497375;-0.3425861597061157;[];
91.875;MPIB4;50.789357004060776;54.59260548976263;-0.031049519777297974;-0.4090942442417145;0.9119245409965515;[];
91.875;MPIB3;46.90703566679031;33.52386390135911;0.3804086446762085;-0.44926875829696655;0.8083129525184631;[];
91.9375;MPIB2;53.666714354415184;26.78438958556407;-0.7061178088188171;-0.4375820457935333;0.5566364526748657;[];
91.9375;MPIB1;29.76903246873917;39.624330550263096;-0.8714092969894409;-0.35102346539497375;-0.3425861597061157;[];
91.9375;MPIB4;50.789357004060776;54.59260548976263;-0.031049519777297974;-0.4090942442417145;0.9119245409965515;[];
91.9375;MPIB3;46.90703566679031;33.52386390135911;0.3804086446762085;-0.44926875829696655;0.8083129525184631;[];
92.0;MPIB2;53.498201698861514;26.917675639952535;-0.6993401050567627;-0.42807504534721375;0.5723643898963928;[];
92.0;MPIB1;29.569482189463315;39.695598399167494;-0.8714092969894409;-0.35102346539497375;-0.3425861597061157;[];
92.0;MPIB4;50.789357004060776;54.59260548976263;-0.031049519777297974;-0.4090942442417145;0.9119245409965515;[];
92.0;MPIB3;46.90703566679031;33.52386390135911;0.3804086446762085;-0.44926875829696655;0.8083129525184631;[];
92.03125;MPIB2;53.33150462838568;27.05389689230239;-0.6929384469985962;-0.41625523567199707;0.5886384844779968;[];
92.03125;MPIB1;29.36884834497937;39.774446696236424;-0.8714092969894409;-0.35102346539497375;-0.3425861597061157;[];
92.03125;MPIB4;50.789357004060776;54.59260548976263;-0.031049519777297974;-0.4090942442417145;0.9119245409965515;[];
92.03125;MPIB3;46.90703566679031;33.52386390135911;0.3804086446762085;-0.44926875829696655;0.8083129525184631;[];
92.09375;MPIB2;53.16646597756298;27.19249780632751;-0.688398003578186;-0.4114549458026886;0.5972781181335449;[];
92.09375;MPIB1;29.16762287382312;39.857433918483935;-0.8705605268478394;-0.3534461557865143;-0.3422524929046631;[];
92.09375;MPIB4;50.789357004060776;54.59260548976263;-0.03573017567396164;-0.41625523567199707;0.9085055589675903;[];
92.09375;MPIB3;46.90703566679031;33.52386390135911;0.3804086446762085;-0.44926875829696655;0.8083129525184631;[];
92.125;MPIB2;53.00233282397606;27.33239801577824;-0.688398003578186;-0.4114549458026886;0.5972781181335449;[];
92.125;MPIB1;28.965561461596735;39.94148224415218;-0.8660240769386292;-0.3534461557865143;-0.35357415676116943;[];
92.125;MPIB4;50.789357004060776;54.59260548976263;-0.06420081108808517;-0.4186075031757355;0.9058549404144287;[];
92.125;MPIB3;46.90703566679031;33.52386390135911;0.3804086446762085;-0.44926875829696655;0.8083129525184631;[];
92.1875;MPIB2;52.838694071937304;27.47300764061373;-0.688398003578186;-0.4114549458026886;0.5972781181335449;[];
92.1875;MPIB1;28.760965815026793;40.02073644696907;-0.8467074036598206;-0.34608107805252075;-0.4040447473526001;[];
92.1875;MPIB4;50.789357004060776;54.59260548976263;-0.08068036288022995;-0.42095696926116943;0.9034448862075806;[];
92.1875;MPIB3;46.90703566679031;33.52386390135911;0.3804086446762085;-0.44926875829696655;0.8083129525184631;[];
92.25;MPIB2;52.6753252631752;27.614004606294316;-0.688398003578186;-0.4114549458026886;0.5972781181335449;[];
92.25;MPIB1;28.55455639157958;40.0961319965686;-0.8413275480270386;-0.34608107805252075;-0.4151308536529541;[];
92.25;MPIB4;50.789357004060776;54.59260548976263;-0.09011700749397278;-0.42095696926116943;0.9025524258613586;[];
92.25;MPIB3;46.90703566679031;33.52386390135911;0.3804086446762085;-0.44926875829696655;0.8083129525184631;[];
92.28125;MPIB2;52.51210384345927;27.755213060100886;-0.688398003578186;-0.4114549458026886;0.5972781181335449;[];
92.28125;MPIB1;28.345749961324486;40.164928870532975;-0.8224465250968933;-0.3411290943622589;-0.45513853430747986;[];
92.28125;MPIB4;50.789357004060776;54.59260548976263;-0.09475637972354889;-0.4233904778957367;0.9009373784065247;[];
92.28125;MPIB3;46.90703566679031;33.52386390135911;0.3804086446762085;-0.44926875829696655;0.8083129525184631;[];
92.34375;MPIB2;52.3489628981719;27.89653698643764;-0.6875610947608948;-0.4139001667499542;0.5965519547462463;[];
92.34375;MPIB1;28.135212212972306;40.22860839511472;-0.8167100548744202;-0.3362579047679901;-0.4688866138458252;[];
92.34375;MPIB4;50.789357004060776;54.59260548976263;-0.09475637972354889;-0.4233904778957367;0.9009373784065247;[];
92.34375;MPIB3;46.90703566679031;33.52386390135911;0.3804086446762085;-0.44926875829696655;0.8083129525184631;[];
92.375;MPIB2;52.18453983759298;28.036362944938872;-0.6850309371948242;-0.4539734125137329;0.569704532623291;[];
92.375;MPIB1;27.923078744044346;40.28695867480218;-0.8092835545539856;-0.3189568817615509;-0.49322277307510376;[];
92.375;MPIB4;50.789357004060776;54.59260548976263;-0.09475637972354889;-0.4233904778957367;0.9009373784065247;[];
92.375;MPIB3;46.90703566679031;33.52386390135911;0.3804086446762085;-0.44926875829696655;0.8083129525184631;[];
92.4375;MPIB2;52.01844082768408;28.174178595911144;-0.6795070171356201;-0.48855432868003845;0.547268807888031;[];
92.4375;MPIB1;27.70977268029924;40.34112075994122;-0.8048351407051086;-0.3114960789680481;-0.5051273703575134;[];
92.4375;MPIB4;50.789357004060776;54.59260548976263;-0.09708821028470993;-0.4233904778957367;0.9006890654563904;[];
92.4375;MPIB3;46.90703566679031;33.52386390135911;0.3804086446762085;-0.44926875829696655;0.8083129525184631;[];
92.5;MPIB2;51.84999832402268;28.30907959360087;-0.6786309480667114;-0.5179625153541565;0.5206629037857056;[];
92.5;MPIB1;27.495543868594496;40.39172318869856;-0.8028631210327148;-0.2939523458480835;-0.5186028480529785;[];
92.5;MPIB4;50.789357004060776;54.59260548976263;-0.09941940754652023;-0.4233904778957367;0.900434672832489;[];
92.5;MPIB3;46.90703566679031;33.52386390135911;0.3804086446762085;-0.44926875829696655;0.8083129525184631;[];
92.53125;MPIB2;51.74342204797174;28.48166300005508;-0.6778014898300171;-0.5358073711395264;0.5033972859382629;[];
92.53125;MPIB1;27.28064893299745;40.439612820827875;-0.8049187064170837;-0.2688373327255249;-0.5289448499679565;[];
92.53125;MPIB4;50.789357004060776;54.59260548976263;-0.11356433480978012;-0.4233904778957367;0.8987602591514587;[];
92.53125;MPIB3;46.90703566679031;33.52386390135911;0.3804086446762085;-0.44926875829696655;0.8083129525184631;[];
92.59375;MPIB2;51.66726683767569;28.6742666734375;-0.6875218749046326;-0.5490164160728455;0.475191205739975;[];
92.59375;MPIB1;27.06523404013683;40.48525078638556;-0.8088847398757935;-0.2308715432882309;-0.5407038331031799;[];
92.59375;MPIB4;50.789357004060776;54.59260548976263;-0.14639683067798615;-0.4233904778957367;0.8939993977546692;[];
92.59375;MPIB3;46.90703566679031;33.52386390135911;0.3804086446762085;-0.44926875829696655;0.8083129525184631;[];
92.625;MPIB2;51.60386952143784;28.877019453047012;-0.7019982933998108;-0.5555702447891235;0.44547900557518005;[];
92.625;MPIB1;26.849586018833406;40.5299131682321;-0.8112846612930298;-0.22573775053024292;-0.5392749309539795;[];
92.625;MPIB4;50.789357004060776;54.59260548976263;-0.16282764077186584;-0.4233904778957367;0.8911532163619995;[];
92.625;MPIB3;46.90703566679031;33.52386390135911;0.3799120783805847;-0.45157986879348755;0.8072578310966492;[];
92.6875;MPIB2;51.53661478869971;29.08224571227717;-0.7356507778167725;-0.5749456286430359;0.35800185799598694;[];
92.6875;MPIB1;26.63386407044368;40.574305972487224;-0.8132143616676331;-0.2232152223587036;-0.537415623664856;[];
92.6875;MPIB4;50.789357004060776;54.59260548976263;-0.17673362791538239;-0.4233904778957367;0.888499915599823;[];
92.6875;MPIB3;46.90703566679031;33.52386390135911;0.3799120783805847;-0.45157986879348755;0.8072578310966492;[];
92.75;MPIB2;51.5369187273365;29.285035942564946;-0.7546820640563965;-0.5792520046234131;0.30794739723205566;[];
92.75;MPIB1;26.43432025620939;40.54451331277417;-0.8136938810348511;-0.22069120407104492;-0.5377325415611267;[];
92.75;MPIB4;50.789357004060776;54.59260548976263;-0.21353358030319214;-0.42573419213294983;0.879249632358551;[];
92.75;MPIB3;46.90703566679031;33.52386390135911;0.3799120783805847;-0.45157986879348755;0.8072578310966492;[];
92.78125;MPIB2;51.5369187273365;29.395759421162893;-0.75785893201828;-0.5792520046234131;0.30004411935806274;[];
92.78125;MPIB1;26.24389574694021;40.47378502086795;-0.8122650980949402;-0.21301664412021637;-0.5429635047912598;[];
92.78125;MPIB4;50.789357004060776;54.59260548976263;-0.3200531303882599;-0.4375820457935333;0.8402455449104309;[];
92.78125;MPIB3;46.90703566679031;33.52386390135911;0.37939438223838806;-0.4539734125137329;0.8061578273773193;[];
92.84375;MPIB2;51.5369187273365;29.456214447499377;-0.7609530091285706;-0.5792520046234131;0.29210805892944336;[];
92.84375;MPIB1;26.06035081325433;40.3779649739499;-0.7942197918891907;-0.20786167681217194;-0.5709373354911804;[];
92.84375;MPIB4;50.74785623077992;54.681384335728495;-0.3807639479637146;-0.4375820457935333;0.8145337700843811;[];
92.84375;MPIB3;46.90703566679031;33.52386390135911;0.37889260053634644;-0.45627835392951965;0.8050916194915771;[];
92.875;MPIB2;51.5369187273365;29.489222895713112;-0.7647239565849304;-0.5792520046234131;0.2820882499217987;[];
92.875;MPIB1;25.882086405304676;40.26638194770129;-0.7798685431480408;-0.2027009278535843;-0.5921818614006042;[];
92.875;MPIB4;50.67442844544098;54.81368224070931;-0.46579277515411377;-0.4375820457935333;0.7690797448158264;[];
92.875;MPIB3;46.90703566679031;33.52386390135911;0.37889260053634644;-0.45627835392951965;0.8050916194915771;[];
92.9375;MPIB2;51.5369187273365;29.489222895713112;-0.7761334180831909;-0.5728257298469543;0.26343411207199097;[];
92.9375;MPIB1;25.70812450779613;40.14436820809101;-0.7664970755577087;-0.19762851297855377;-0.6110548973083496;[];
92.9375;MPIB4;50.573262166057475;54.962558136994375;-0.560352087020874;-0.4375820457935333;0.7031728625297546;[];
92.9375;MPIB3;46.90703566679031;33.52386390135911;0.37889260053634644;-0.45627835392951965;0.8050916194915771;[];
93.0;MPIB2;51.5369187273365;29.489222895713112;-0.7864038348197937;-0.5663641095161438;0.24639654159545898;[];
93.0;MPIB1;25.537154356584892;40.01586185150657;-0.7600696086883545;-0.19762851297855377;-0.6190314888954163;[];
93.0;MPIB4;50.44746513184282;55.111853583519576;-0.6473805904388428;-0.4375820457935333;0.6239750981330872;[];
93.0;MPIB3;46.90703566679031;33.52386390135911;0.37889260053634644;-0.45627835392951965;0.8050916194915771;[];
93.03125;MPIB2;51.5369187273365;29.522458690452083;-0.8003107905387878;-0.5598674416542053;0.21438780426979065;[];
93.03125;MPIB1;25.368306576338227;39.88321506034001;-0.7551795840263367;-0.19762851297855377;-0.6249877214431763;[];
93.03125;MPIB4;50.30375727553724;55.25642124068193;-0.690935492515564;-0.4304995536804199;0.5806924700737;[];
93.03125;MPIB3;46.90703566679031;33.52386390135911;0.37838831543922424;-0.45858025550842285;0.80402010679245;[];
93.09375;MPIB2;51.5369187273365;29.522458690452083;-0.8183032274246216;-0.5511781573295593;0.16277062892913818;[];
93.09375;MPIB1;25.200779601296063;39.74811236406566;-0.7535592317581177;-0.19762851297855377;-0.6269404888153076;[];
93.09375;MPIB4;50.14896876847524;55.3968258594239;-0.7072644233703613;-0.4186075031757355;0.5696243643760681;[];
93.09375;MPIB3;46.90703566679031;33.52386390135911;0.37838831543922424;-0.45858025550842285;0.80402010679245;[];
93.125;MPIB2;51.5369187273365;29.522458690452083;-0.839600145816803;-0.533538818359375;0.10159406810998917;[];
93.125;MPIB1;25.03430532936534;39.61127237255894;-0.7502428889274597;-0.19762851297855377;-0.630905270576477;[];
93.125;MPIB4;49.98686221853632;55.53334894190337;-0.7232756614685059;-0.4067308008670807;0.5580064058303833;[];
93.125;MPIB3;46.90703566679031;33.52386390135911;0.3778626620769501;-0.460964173078537;0.8029031157493591;[];
93.1875;MPIB2;51.5369187273365;29.522458690452083;-0.8506355881690979;-0.5224658846855164;0.05799269676208496;[];
93.1875;MPIB1;24.86840583340029;39.473483817745176;-0.7502428889274597;-0.19762851297855377;-0.630905270576477;[];
93.1875;MPIB4;49.81861469654564;55.664863843293716;-0.7492097020149231;-0.3899347484111786;0.5353193879127502;[];
93.1875;MPIB3;46.90703566679031;33.52386390135911;0.3778626620769501;-0.460964173078537;0.8029031157493591;[];
93.25;MPIB2;51.5369187273365;29.522458690452083;-0.8524125814437866;-0.5202569365501404;0.05138479545712471;[];
93.25;MPIB1;24.702820165148864;39.3351773473056;-0.7502428889274597;-0.19762851297855377;-0.630905270576477;[];
93.25;MPIB4;49.64555049216324;55.79153799090648;-0.7654796838760376;-0.3826834261417389;0.5172295570373535;[];
93.25;MPIB3;46.90703566679031;33.52386390135911;0.3778626620769501;-0.460964173078537;0.8029031157493591;[];
93.28125;MPIB2;51.5369187273365;29.522458690452083;-0.8524125814437866;-0.5202569365501404;0.05138479545712471;[];
93.28125;MPIB1;24.537569372192024;39.1963941413874;-0.7486071586608887;-0.19762851297855377;-0.6328452825546265;[];
93.28125;MPIB4;49.46776788429065;55.91234364090229;-0.7860383987426758;-0.38020193576812744;0.4873630404472351;[];
93.28125;MPIB3;46.90703566679031;33.52386390135911;0.3778626620769501;-0.460964173078537;0.8029031157493591;[];
93.34375;MPIB2;51.5369187273365;29.522458690452083;-0.8524125814437866;-0.5202569365501404;0.05138479545712471;[];
93.34375;MPIB1;24.372501421167158;39.057350637867614;-0.7482138276100159;-0.20016539096832275;-0.6325127482414246;[];
93.34375;MPIB4;49.285319132505265;56.02641122457061;-0.8057615756988525;-0.38020193576812744;0.4540124535560608;[];
93.34375;MPIB3;46.90703566679031;33.52386390135911;0.38001665472984314;-0.460964173078537;0.8018858432769775;[];
93.375;MPIB2;51.5369187273365;29.522458690452083;-0.8524125814437866;-0.5202569365501404;0.05138479545712471;[];
93.375;MPIB1;24.207533301848798;38.91816501184087;-0.7473969459533691;-0.20532892644405365;-0.6318221688270569;[];
93.375;MPIB4;49.09969816563239;56.13567427183659;-0.8116552233695984;-0.38020193576812744;0.4433901607990265;[];
93.375;MPIB3;46.90703566679031;33.52386390135911;0.38001665472984314;-0.460964173078537;0.8018858432769775;[];
93.4375;MPIB2;51.5369187273365;29.522458690452083;-0.8524125814437866;-0.5202569365501404;0.05138479545712471;[];
93.4375;MPIB1;24.042619690648507;38.77890178691629;-0.7465747594833374;-0.210393026471138;-0.631127119064331;[];
93.4375;MPIB4;48.91234516912073;56.242314041922185;-0.8116552233695984;-0.38020193576812744;0.4433901607990265;[];
93.4375;MPIB3;46.90703566679031;33.52386390135911;0.3815760016441345;-0.4632597863674164;0.7998196482658386;[];
93.5;MPIB2;51.5369187273365;29.522458690452083;-0.8524125814437866;-0.5202569365501404;0.05138479545712471;[];
93.5;MPIB1;23.877735840884156;38.63959619298859;-0.7461405396461487;-0.21301664412021637;-0.6307600736618042;[];
93.5;MPIB4;48.810050421143615;56.300539363151955;-0.8128002285957336;-0.38020193576812744;0.4412876069545746;[];
93.5;MPIB3;46.90703566679031;33.52386390135911;0.38364511728286743;-0.4632597863674164;0.798829197883606;[];
93.53125;MPIB2;51.5369187273365;29.522458690452083;-0.8524125814437866;-0.5202569365501404;0.05138479545712471;[];
93.53125;MPIB1;23.712868240865646;38.50026746558251;-0.7457167506217957;-0.21554511785507202;-0.6304017901420593;[];
93.53125;MPIB4;48.75419748226068;56.332330392236;-0.81624436378479;-0.38020193576812744;0.43488410115242004;[];
93.53125;MPIB3;46.90703566679031;33.52386390135911;0.38364511728286743;-0.4632597863674164;0.798829197883606;[];
93.59375;MPIB2;51.5369187273365;29.522458690452083;-0.8511998057365417;-0.5224658846855164;0.0490187369287014;[];
93.59375;MPIB1;23.548009513209422;38.36092610729574;-0.7443990707397461;-0.2232152223587036;-0.6292878985404968;[];
93.59375;MPIB4;48.72370177408834;56.34968829613206;-0.8218858242034912;-0.38020193576812744;0.4241257607936859;[];
93.59375;MPIB3;46.90703566679031;33.52386390135911;0.38364511728286743;-0.4632597863674164;0.798829197883606;[];
93.625;MPIB2;51.5369187273365;29.522458690452083;-0.8470722436904907;-0.5291529893875122;0.04878103733062744;[];
93.625;MPIB1;23.38315562986361;38.22157785254734;-0.7435062527656555;-0.22825877368450165;-0.628533124923706;[];
93.625;MPIB4;48.72370177408834;56.34968829613206;-0.8244856595993042;-0.404276967048645;0.39586958289146423;[];
93.625;MPIB3;46.90703566679031;33.52386390135911;0.38364511728286743;-0.4632597863674164;0.798829197883606;[];
93.6875;MPIB2;51.5369187273365;29.522458690452083;-0.8457016944885254;-0.5313476920127869;0.04870210960507393;[];
93.6875;MPIB1;23.217809322782614;38.08281615673229;-0.7470213174819946;-0.2359057515859604;-0.6215011477470398;[];
93.6875;MPIB4;48.72370177408834;56.34968829613206;-0.8193594813346863;-0.45627835392951965;0.3469613492488861;[];
93.6875;MPIB3;46.90703566679031;33.52386390135911;0.38364511728286743;-0.4632597863674164;0.798829197883606;[];
93.75;MPIB2;51.5369187273365;29.522458690452083;-0.8457016944885254;-0.5313476920127869;0.04870210960507393;[];
93.75;MPIB1;23.127530228630235;38.00705226201711;-0.7450665831565857;-0.24614089727401733;-0.6198747754096985;[];
93.75;MPIB4;48.69299602595174;56.36434038284011;-0.8121176362037659;-0.49314841628074646;0.3117487132549286;[];
93.75;MPIB3;46.90703566679031;33.52386390135911;0.4089055061340332;-0.47021257877349854;0.782059371471405;[];
93.78125;MPIB2;51.5369187273365;29.522458690452083;-0.8431323766708374;-0.5358073711395264;0.0441758893430233;[];
93.78125;MPIB1;23.078237837497568;37.965685170697725;-0.7441318035125732;-0.2587572932243347;-0.6158445477485657;[];
93.78125;MPIB4;48.69299602595174;56.36434038284011;-0.8034877777099609;-0.5202569365501404;0.28923162817955017;[];
93.78125;MPIB3;46.90703566679031;33.52386390135911;0.5228434801101685;-0.48629406094551086;0.700050950050354;[];
93.84375;MPIB2;51.5369187273365;29.522458690452083;-0.8404616713523865;-0.5401714444160461;0.04185466095805168;[];
93.84375;MPIB1;23.051324188813055;37.94309873621387;-0.7436131238937378;-0.2612568736076355;-0.6154152750968933;[];
93.84375;MPIB4;48.69299602595174;56.36434038284011;-0.8007091283798218;-0.5313476920127869;0.2764926850795746;[];
93.84375;MPIB3;46.90703566679031;33.52386390135911;0.8076348900794983;-0.5620104074478149;0.17827224731445312;[];
93.875;MPIB2;51.5369187273365;29.522458690452083;-0.8354132771492004;-0.5490164160728455;0.024034900590777397;[];
93.875;MPIB1;23.051324188813055;37.94309873621387;-0.7414756417274475;-0.26384714245796204;-0.6168872714042664;[];
93.875;MPIB4;48.69299602595174;56.36434038284011;-0.799491286277771;-0.5358073711395264;0.27136221528053284;[];
93.875;MPIB3;46.90703566679031;33.52386390135911;0.7470711469650269;-0.5940809845924377;-0.2980238199234009;[];
93.9375;MPIB2;51.5369187273365;29.522458690452083;-0.8314163684844971;-0.5555702447891235;-1.0181914390680987E-16;[];
93.9375;MPIB1;23.051324188813055;37.94309873621387;-0.7376870512962341;-0.2663431465625763;-0.6203466653823853;[];
93.9375;MPIB4;48.69299602595174;56.36434038284011;-0.7988736033439636;-0.5379912257194519;0.26884838938713074;[];
93.9375;MPIB3;46.90703566679031;33.52386390135911;0.7286644577980042;-0.5940809845924377;-0.3405534029006958;[];
94.0;MPIB2;51.52769648714927;29.62002379004906;-0.8248517513275146;-0.5598674416542053;-0.07796826213598251;[];
94.0;MPIB1;23.02422517168975;37.92035673708898;-0.7360787391662598;-0.2663431465625763;-0.6222541928291321;[];
94.0;MPIB4;48.69299602595174;56.36434038284011;-0.7975508570671082;-0.5401714444160461;0.26840323209762573;[];
94.0;MPIB3;46.90703566679031;33.52386390135911;0.731056809425354;-0.5877386927604675;-0.34638044238090515;[];
94.03125;MPIB2;51.50909992723917;29.770351496881318;-0.8176218271255493;-0.5642287731170654;-0.11424140632152557;[];
94.03125;MPIB1;23.02422517168975;37.92035673708898;-0.7355495095252991;-0.2688373327255249;-0.621806800365448;[];
94.03125;MPIB4;48.69299602595174;56.36434038284011;-0.7982684969902039;-0.5401714444160461;0.2662612795829773;[];
94.03125;MPIB3;46.995489555683434;33.48167494775083;0.7356617450714111;-0.5792520046234131;-0.3508971631526947;[];
94.09375;MPIB2;51.498946204348876;29.852430434345422;-0.8139473795890808;-0.5663641095161438;-0.1289646029472351;[];
94.09375;MPIB1;23.02422517168975;37.92035673708898;-0.7355495095252991;-0.2688373327255249;-0.621806800365448;[];
94.09375;MPIB4;48.69299602595174;56.36434038284011;-0.7982684969902039;-0.5401714444160461;0.2662612795829773;[];
94.09375;MPIB3;47.13223927352192;33.41645082279683;0.7410856485366821;-0.5707020163536072;-0.35348427295684814;[];
94.125;MPIB2;51.49340227100683;29.897245539406214;-0.8078314661979675;-0.5663641095161438;-0.1629432737827301;[];
94.125;MPIB1;23.02422517168975;37.92035673708898;-0.7355495095252991;-0.2688373327255249;-0.621806800365448;[];
94.125;MPIB4;48.69299602595174;56.36434038284011;-0.7968898415565491;-0.5424286723136902;0.26580142974853516;[];
94.125;MPIB3;47.29468426183507;33.33726397913412;0.7485625147819519;-0.5490164160728455;-0.37160974740982056;[];
94.1875;MPIB2;51.49340227100683;29.897245539406214;-0.7987465858459473;-0.5663641095161438;-0.20284491777420044;[];
94.1875;MPIB1;23.02422517168975;37.92035673708898;-0.7355495095252991;-0.2688373327255249;-0.621806800365448;[];
94.1875;MPIB4;48.69299602595174;56.36434038284011;-0.7968898415565491;-0.5424286723136902;0.26580142974853516;[];
94.1875;MPIB3;47.47046291072343;33.2490787462921;0.7612263560295105;-0.5157464742660522;-0.3929349184036255;[];
94.25;MPIB2;51.49037528305048;29.935074692575483;-0.7913814783096313;-0.5663641095161438;-0.22990769147872925;[];
94.25;MPIB1;23.02422517168975;37.92035673708898;-0.7355495095252991;-0.2688373327255249;-0.621806800365448;[];
94.25;MPIB4;48.69299602595174;56.36434038284011;-0.7968898415565491;-0.5424286723136902;0.26580142974853516;[];
94.25;MPIB3;47.65352173913152;33.15598039238748;0.772960901260376;-0.49314841628074646;-0.398992121219635;[];
94.28125;MPIB2;51.49037528305048;29.935074692575483;-0.7789668440818787;-0.5663641095161438;-0.268984854221344;[];
94.28125;MPIB1;23.02422517168975;37.92035673708898;-0.7355495095252991;-0.2688373327255249;-0.621806800365448;[];
94.28125;MPIB4;48.69299602595174;56.36434038284011;-0.7968898415565491;-0.5424286723136902;0.26580142974853516;[];
94.28125;MPIB3;47.840675895247614;33.060433411125985;0.7808339595794678;-0.4794096350669861;-0.4004049301147461;[];
94.34375;MPIB2;51.49037528305048;29.935074692575483;-0.7528557181358337;-0.5663641095161438;-0.3351871967315674;[];
94.34375;MPIB1;23.02422517168975;37.92035673708898;-0.7355495095252991;-0.2688373327255249;-0.621806800365448;[];
94.34375;MPIB4;48.69299602595174;56.36434038284011;-0.7968898415565491;-0.5424286723136902;0.26580142974853516;[];
94.34375;MPIB3;48.0306417100569;32.96469028599631;0.7870982885360718;-0.4771362841129303;-0.39074012637138367;[];
94.375;MPIB2;51.49037528305048;29.935074692575483;-0.7419447302818298;-0.5663641095161438;-0.35869234800338745;[];
94.375;MPIB1;22.949548188631297;37.85689535887224;-0.7339375019073486;-0.2688373327255249;-0.6237087845802307;[];
94.375;MPIB4;48.69299602595174;56.36434038284011;-0.7968898415565491;-0.5424286723136902;0.26580142974853516;[];
94.375;MPIB3;48.226126985523024;32.878014238137354;0.8228340744972229;-0.4771362841129303;-0.3084736466407776;[];
94.4375;MPIB2;51.49037528305048;29.935074692575483;-0.7371695637702942;-0.5663641095161438;-0.36840635538101196;[];
94.4375;MPIB1;22.83426820128375;37.75858382232036;-0.7317090630531311;-0.27142199873924255;-0.6252055168151855;[];
94.4375;MPIB4;48.69299602595174;56.36434038284011;-0.7968898415565491;-0.5424286723136902;0.26580142974853516;[];
94.4375;MPIB3;48.427455885589325;32.805076871714874;0.8482187986373901;-0.4771362841129303;-0.22966957092285156;[];
94.5;MPIB2;51.49037528305048;29.935074692575483;-0.7352523803710938;-0.5663641095161438;-0.3722178637981415;[];
94.5;MPIB1;22.697149553280497;37.64085922246542;-0.7273886799812317;-0.276401162147522;-0.6280581951141357;[];
94.5;MPIB4;48.69299602595174;56.36434038284011;-0.7968898415565491;-0.5424286723136902;0.26580142974853516;[];
94.5;MPIB3;48.63249228163613;32.74163245396588;0.8516536951065063;-0.4794096350669861;-0.21151182055473328;[];
94.53125;MPIB2;51.49037528305048;29.935074692575483;-0.7342864274978638;-0.5663641095161438;-0.3741198778152466;[];
94.53125;MPIB1;22.54844575072218;37.51214484975591;-0.7195335626602173;-0.29651716351509094;-0.6279289126396179;[];
94.53125;MPIB4;48.69299602595174;56.36434038284011;-0.7968898415565491;-0.5424286723136902;0.26580142974853516;[];
94.53125;MPIB3;48.74444216688107;32.706991797851316;0.8491407632827759;-0.49539870023727417;-0.18283262848854065;[];
94.59375;MPIB2;51.49037528305048;29.935074692575483;-0.7326213121414185;-0.5642287731170654;-0.3805555999279022;[];
94.59375;MPIB1;22.393416453042164;37.37743006037087;-0.715320885181427;-0.31395483016967773;-0.6242525577545166;[];
94.59375;MPIB4;48.69299602595174;56.36434038284011;-0.7968898415565491;-0.5424286723136902;0.26580142974853516;[];
94.59375;MPIB3;48.805566811324525;32.68807799741589;0.843728244304657;-0.5089951753616333;-0.17010292410850525;[];
94.625;MPIB2;51.49037528305048;29.935074692575483;-0.7326213121414185;-0.5642287731170654;-0.3805555999279022;[];
94.625;MPIB1;22.23493343462451;37.23943904310042;-0.7128092050552368;-0.3238593637943268;-0.6220605969429016;[];
94.625;MPIB4;48.69299602595174;56.36434038284011;-0.7942147850990295;-0.5467707514762878;0.26490917801856995;[];
94.625;MPIB3;48.83894087106705;32.67775106117864;0.8362115025520325;-0.5224658846855164;-0.16633598506450653;[];
94.6875;MPIB2;51.49037528305048;29.935074692575483;-0.7202938795089722;-0.5642287731170654;-0.4034021198749542;[];
94.6875;MPIB1;22.141619045569996;37.06432624232616;-0.7102196216583252;-0.33372852206230164;-0.6198007464408875;[];
94.6875;MPIB4;48.69299602595174;56.36434038284011;-0.7935007810592651;-0.5467707514762878;0.2670402526855469;[];
94.6875;MPIB3;48.83894087106705;32.67775106117864;0.8321565985679626;-0.5291529893875122;-0.16552940011024475;[];
94.75;MPIB2;51.49037528305048;29.935074692575483;-0.7091211080551147;-0.5490164160728455;-0.4423122704029083;[];
94.75;MPIB1;22.080753181994396;36.86920752621657;-0.7215995788574219;-0.36078935861587524;-0.5908134579658508;[];
94.75;MPIB4;48.69299602595174;56.36434038284011;-0.7935007810592651;-0.5467707514762878;0.2670402526855469;[];
94.75;MPIB3;48.83894087106705;32.67775106117864;0.8261728286743164;-0.5401714444160461;-0.15981483459472656;[];
94.78125;MPIB2;51.41911464451546;29.87907721312621;-0.6239117980003357;-0.513526976108551;-0.589015781879425;[];
94.78125;MPIB1;22.0303486649143;36.66415809325818;-0.7455414533615112;-0.4114549458026886;-0.5242145657539368;[];
94.78125;MPIB4;48.69299602595174;56.36434038284011;-0.7935007810592651;-0.5467707514762878;0.2670402526855469;[];
94.78125;MPIB3;48.872544795493695;32.66903392769967;0.8237741589546204;-0.5446015000343323;-0.15713965892791748;[];
94.84375;MPIB2;51.31813753370808;29.76650667993522;-0.5484814047813416;-0.49997231364250183;-0.6701588034629822;[];
94.84375;MPIB1;21.978995060717693;36.4550826227663;-0.7680188417434692;-0.4399081766605377;-0.46535155177116394;[];
94.84375;MPIB4;48.69299602595174;56.36434038284011;-0.7935007810592651;-0.5467707514762878;0.2670402526855469;[];
94.84375;MPIB3;48.872544795493695;32.66903392769967;0.8237741589546204;-0.5446015000343323;-0.15713965892791748;[];
94.875;MPIB2;51.20750034722657;29.6242759622767;-0.4963054955005646;-0.4816797375679016;-0.7222080826759338;[];
94.875;MPIB1;21.923325090468097;36.244820530655744;-0.7795630693435669;-0.4539734125137329;-0.43140700459480286;[];
94.875;MPIB4;48.69299602595174;56.36434038284011;-0.7872198224067688;-0.5511781573295593;0.2764044404029846;[];
94.875;MPIB3;48.872544795493695;32.66903392769967;0.8237741589546204;-0.5446015000343323;-0.15713965892791748;[];
94.9375;MPIB2;51.09632407589556;29.46278846673266;-0.4596995413303375;-0.460964173078537;-0.7590190768241882;[];
94.9375;MPIB1;21.85932155812725;36.03583398495306;-0.8007683157920837;-0.4632597863674164;-0.3795810639858246;[];
94.9375;MPIB4;48.69299602595174;56.36434038284011;-0.78294438123703;-0.5533362030982971;0.2841281294822693;[];
94.9375;MPIB3;48.872544795493695;32.66903392769967;0.8223865032196045;-0.5467707514762878;-0.15687495470046997;[];
95.0;MPIB2;50.992047357396736;29.286836650223336;-0.400310754776001;-0.4351666569709778;-0.8064156174659729;[];
95.0;MPIB1;21.77621606335879;35.834087978477385;-0.848588764667511;-0.46792641282081604;-0.24670369923114777;[];
95.0;MPIB4;48.69299602595174;56.36434038284011;-0.7786865234375;-0.5577207207679749;0.2872387170791626;[];
95.0;MPIB3;48.872544795493695;32.66903392769967;0.8223865032196045;-0.5467707514762878;-0.15687495470046997;[];
95.03125;MPIB2;50.89595770683465;29.100928658526072;-0.36326155066490173;-0.41625523567199707;-0.8334866166114807;[];
95.03125;MPIB1;21.63549235311018;35.701290953355624;-0.861028254032135;-0.46555230021476746;-0.20448081195354462;[];
95.03125;MPIB4;48.69299602595174;56.36434038284011;-0.7779403924942017;-0.5577207207679749;0.28925344347953796;[];
95.03125;MPIB3;48.872544795493695;32.66903392769967;0.8223865032196045;-0.5467707514762878;-0.15687495470046997;[];
95.09375;MPIB2;50.80481246259314;28.90937937575282;-0.3592856824398041;-0.4139001667499542;-0.8363780379295349;[];
95.09375;MPIB1;21.558657198389824;35.62878376921722;-0.8772237300872803;-0.45157986879348755;-0.16271719336509705;[];
95.09375;MPIB4;48.69299602595174;56.36434038284011;-0.7750509977340698;-0.5598674416542053;0.29284021258354187;[];
95.09375;MPIB3;48.872544795493695;32.66903392769967;0.8223865032196045;-0.5467707514762878;-0.15687495470046997;[];
95.125;MPIB2;50.71636686451624;28.714749947694315;-0.3592856824398041;-0.4139001667499542;-0.8363780379295349;[];
95.125;MPIB1;21.51670519903962;35.58919484207931;-0.9006335735321045;-0.43283456563949585;-0.037928804755210876;[];
95.125;MPIB4;48.69299602595174;56.36434038284011;-0.7727249264717102;-0.5598674416542053;0.2989242672920227;[];
95.125;MPIB3;48.872544795493695;32.66903392769967;0.8223865032196045;-0.5467707514762878;-0.15687495470046997;[];
95.1875;MPIB2;50.62986195915856;28.518239717854073;-0.35495081543922424;-0.4139001667499542;-0.8382269144058228;[];
95.1875;MPIB1;21.493799404733863;35.567579285351314;-0.9023487567901611;-0.4304995536804199;-0.019035374745726585;[];
95.1875;MPIB4;48.69299602595174;56.36434038284011;-0.771948516368866;-0.5598674416542053;0.30092355608940125;[];
95.1875;MPIB3;48.872544795493695;32.66903392769967;0.8223865032196045;-0.5467707514762878;-0.15687495470046997;[];
95.25;MPIB2;50.54441667214866;28.32070257012171;-0.35495081543922424;-0.4139001667499542;-0.8382269144058228;[];
95.25;MPIB1;21.493799404733863;35.567579285351314;-0.9023950099945068;-0.4304995536804199;-0.016699500381946564;[];
95.25;MPIB4;48.69299602595174;56.36434038284011;-0.7684080600738525;-0.5642287731170654;0.3018370568752289;[];
95.25;MPIB3;48.872544795493695;32.66903392769967;0.8223865032196045;-0.5467707514762878;-0.15687495470046997;[];
95.28125;MPIB2;50.459792330287684;28.122502465936435;-0.352699339389801;-0.4139001667499542;-0.8391767144203186;[];
95.28125;MPIB1;21.493799404733863;35.567579285351314;-0.8991230726242065;-0.4375820457935333;-0.004913582466542721;[];
95.28125;MPIB4;48.69299602595174;56.36434038284011;-0.7675950527191162;-0.5642287731170654;0.30389875173568726;[];
95.28125;MPIB3;48.872544795493695;32.66903392769967;0.8223865032196045;-0.5467707514762878;-0.15687495470046997;[];
95.34375;MPIB2;50.3756162245301;27.92394038748583;-0.352699339389801;-0.4139001667499542;-0.8391767144203186;[];
95.34375;MPIB1;21.470735846188177;35.545814850927485;-0.8921404480934143;-0.45157986879348755;0.00915234163403511;[];
95.34375;MPIB4;48.69299602595174;56.36434038284011;-0.7643773555755615;-0.5642287731170654;0.31190356612205505;[];
95.34375;MPIB3;48.872544795493695;32.66903392769967;0.8223865032196045;-0.5467707514762878;-0.15687495470046997;[];
95.375;MPIB2;50.291684855713385;27.725180671063413;-0.352699339389801;-0.4139001667499542;-0.8391767144203186;[];
95.375;MPIB1;21.470735846188177;35.545814850927485;-0.8860712051391602;-0.4632597863674164;0.01376317162066698;[];
95.375;MPIB4;48.69299602595174;56.36434038284011;-0.7627220153808594;-0.5642287731170654;0.3159298002719879;[];
95.375;MPIB3;48.872544795493695;32.66903392769967;0.8223865032196045;-0.5467707514762878;-0.15687495470046997;[];
95.4375;MPIB2;50.207887113281906;27.526313044295847;-0.352699339389801;-0.4139001667499542;-0.8391767144203186;[];
95.4375;MPIB1;21.470735846188177;35.545814850927485;-0.8848304748535156;-0.46555230021476746;0.016035012900829315;[];
95.4375;MPIB4;48.69299602595174;56.36434038284011;-0.7588978409767151;-0.5663641095161438;0.3212728202342987;[];
95.4375;MPIB3;48.872544795493695;32.66903392769967;0.8223865032196045;-0.5467707514762878;-0.15687495470046997;[];
95.5;MPIB2;50.124162330865246;27.327386498472976;-0.352699339389801;-0.4139001667499542;-0.8391767144203186;[];
95.5;MPIB1;21.470735846188177;35.545814850927485;-0.8848304748535156;-0.46555230021476746;0.016035012900829315;[];
95.5;MPIB4;48.69299602595174;56.36434038284011;-0.7588978409767151;-0.5663641095161438;0.3212728202342987;[];
95.5;MPIB3;48.872544795493695;32.66903392769967;0.8223865032196045;-0.5467707514762878;-0.15687495470046997;[];
95.53125;MPIB2;50.0404773846213;27.12842778284218;-0.352699339389801;-0.4139001667499542;-0.8391767144203186;[];
95.53125;MPIB1;21.470735846188177;35.545814850927485;-0.8848304748535156;-0.46555230021476746;0.016035012900829315;[];
95.53125;MPIB4;48.69299602595174;56.36434038284011;-0.7550004124641418;-0.5684955716133118;0.3266456723213196;[];
95.53125;MPIB3;48.872544795493695;32.66903392769967;0.8223865032196045;-0.5467707514762878;-0.15687495470046997;[];
95.59375;MPIB2;49.95681418893018;26.929451502494203;-0.352699339389801;-0.4139001667499542;-0.8391767144203186;[];
95.59375;MPIB1;21.470735846188177;35.545814850927485;-0.8848304748535156;-0.46555230021476746;0.016035012900829315;[];
95.59375;MPIB4;48.69299602595174;56.36434038284011;-0.7188116908073425;-0.5684955716133118;0.40004095435142517;[];
95.59375;MPIB3;48.872544795493695;32.66903392769967;0.8223865032196045;-0.5467707514762878;-0.15687495470046997;[];
95.625;MPIB2;49.87316286904229;26.73046563180955;-0.352699339389801;-0.4139001667499542;-0.8391767144203186;[];
95.625;MPIB1;21.470735846188177;35.545814850927485;-0.8848304748535156;-0.46555230021476746;0.016035012900829315;[];
95.625;MPIB4;48.69299602595174;56.36434038284011;-0.6779761910438538;-0.5684955716133118;0.46590912342071533;[];
95.625;MPIB3;48.872544795493695;32.66903392769967;0.8223865032196045;-0.5467707514762878;-0.15687495470046997;[];
95.6875;MPIB2;49.78951803334371;26.531474524800444;-0.352699339389801;-0.4139001667499542;-0.8391767144203186;[];
95.6875;MPIB1;21.470735846188177;35.545814850927485;-0.8848304748535156;-0.46555230021476746;0.016035012900829315;[];
95.6875;MPIB4;48.69299602595174;56.36434038284011;-0.6730703711509705;-0.5684955716133118;0.47296854853630066;[];
95.6875;MPIB3;48.872544795493695;32.66903392769967;0.8223865032196045;-0.5467707514762878;-0.15687495470046997;[];
95.75;MPIB2;49.70587673801291;26.33248055875788;-0.352699339389801;-0.4139001667499542;-0.8391767144203186;[];
95.75;MPIB1;21.470735846188177;35.545814850927485;-0.8848304748535156;-0.46555230021476746;0.016035012900829315;[];
95.75;MPIB4;48.69299602595174;56.36434038284011;-0.6717983484268188;-0.5684955716133118;0.47477367520332336;[];
95.75;MPIB3;48.872544795493695;32.66903392769967;0.8223865032196045;-0.5467707514762878;-0.15687495470046997;[];
95.78125;MPIB2;49.62223737572314;26.133485031682852;-0.352699339389801;-0.4139001667499542;-0.8391767144203186;[];
95.78125;MPIB1;21.470735846188177;35.545814850927485;-0.8848304748535156;-0.46555230021476746;0.016035012900829315;[];
95.78125;MPIB4;48.69299602595174;56.36434038284011;-0.6705670952796936;-0.5684955716133118;0.4765110909938812;[];
95.78125;MPIB3;48.872544795493695;32.66903392769967;0.8223865032196045;-0.5467707514762878;-0.15687495470046997;[];
95.84375;MPIB2;49.53906730806209;25.934293275708995;-0.34835007786750793;-0.4139001667499542;-0.8409914374351501;[];
95.84375;MPIB1;21.470735846188177;35.545814850927485;-0.8860326409339905;-0.4632597863674164;0.01605680026113987;[];
95.84375;MPIB4;48.69299602595174;56.36434038284011;-0.6693313717842102;-0.5684955716133118;0.478245347738266;[];
95.84375;MPIB3;48.872544795493695;32.66903392769967;0.8223865032196045;-0.5467707514762878;-0.15687495470046997;[];
95.875;MPIB2;49.45686641763011;25.73470234578687;-0.3421437740325928;-0.4114549458026886;-0.8447310924530029;[];
95.875;MPIB1;21.470735846188177;35.545814850927485;-0.8860326409339905;-0.4632597863674164;0.01605680026113987;[];
95.875;MPIB4;48.69299602595174;56.36434038284011;-0.6680451035499573;-0.5684955716133118;0.48004037141799927;[];
95.875;MPIB3;48.872544795493695;32.66903392769967;0.821977436542511;-0.5467707514762878;-0.15900327265262604;[];
95.9375;MPIB2;49.37590992023636;25.53460704419379;-0.3354922831058502;-0.4114549458026886;-0.8473947644233704;[];
95.9375;MPIB1;21.470735846188177;35.545814850927485;-0.8860326409339905;-0.4632597863674164;0.01605680026113987;[];
95.9375;MPIB4;48.69299602595174;56.36434038284011;-0.6668002605438232;-0.5684955716133118;0.48176810145378113;[];
95.9375;MPIB3;48.872544795493695;32.66903392769967;0.8201193809509277;-0.5490164160728455;-0.16084744036197662;[];
96.0;MPIB2;49.29706994813239;25.333680430565124;-0.3221275210380554;-0.4114549458026886;-0.852564811706543;[];
96.0;MPIB1;21.470735846188177;35.545814850927485;-0.887267529964447;-0.460964173078537;0.013781753368675709;[];
96.0;MPIB4;48.69299602595174;56.36434038284011;-0.6668002605438232;-0.5684955716133118;0.48176810145378113;[];
96.0;MPIB3;48.872544795493695;32.66903392769967;0.8201193809509277;-0.5490164160728455;-0.16084744036197662;[];
96.03125;MPIB2;49.21962302289746;25.13221055824863;-0.31991949677467346;-0.4114549458026886;-0.8533958196640015;[];
96.03125;MPIB1;21.470735846188177;35.545814850927485;-0.8908970952033997;-0.4539734125137329;0.011531492695212364;[];
96.03125;MPIB4;48.69299602595174;56.36434038284011;-0.6668002605438232;-0.5684955716133118;0.48176810145378113;[];
96.03125;MPIB3;48.872544795493695;32.66903392769967;0.8201193809509277;-0.5490164160728455;-0.16084744036197662;[];
96.09375;MPIB2;49.143183162822226;24.93035205198376;-0.31799763441085815;-0.4090942442417145;-0.8552472591400146;[];
96.09375;MPIB1;21.372738739576448;35.546566494078064;-0.9070135951042175;-0.42095696926116943;0.006956843193620443;[];
96.09375;MPIB4;48.69299602595174;56.36434038284011;-0.6668002605438232;-0.5684955716133118;0.48176810145378113;[];
96.09375;MPIB3;48.872544795493695;32.66903392769967;0.8201193809509277;-0.5490164160728455;-0.16084744036197662;[];
96.125;MPIB2;49.067293160388054;24.72828135155845;-0.31799763441085815;-0.4090942442417145;-0.8552472591400146;[];
96.125;MPIB1;21.248163258846034;35.476216048271084;-0.937260091304779;-0.3485085368156433;0.004762551281601191;[];
96.125;MPIB4;48.69299602595174;56.36434038284011;-0.6668002605438232;-0.5684955716133118;0.48176810145378113;[];
96.125;MPIB3;48.872544795493695;32.66903392769967;0.8201193809509277;-0.5490164160728455;-0.16084744036197662;[];
96.1875;MPIB2;48.99170338026077;24.526094793108058;-0.31799763441085815;-0.4090942442417145;-0.8552472591400146;[];
96.1875;MPIB1;21.108525118034095;35.36801513429924;-0.9459949731826782;-0.3238593637943268;0.012244661338627338;[];
96.1875;MPIB4;48.69299602595174;56.36434038284011;-0.6668002605438232;-0.5684955716133118;0.48176810145378113;[];
96.1875;MPIB3;48.872544795493695;32.66903392769967;0.8201193809509277;-0.5490164160728455;-0.16084744036197662;[];
96.25;MPIB2;48.916277521532095;24.32384497616863;-0.31799763441085815;-0.4090942442417145;-0.8552472591400146;[];
96.25;MPIB1;20.9606627638625;35.239147862308954;-0.9459949731826782;-0.3238593637943268;0.012244661338627338;[];
96.25;MPIB4;48.69299602595174;56.36434038284011;-0.6642971038818359;-0.5684955716133118;0.4852137565612793;[];
96.25;MPIB3;48.872544795493695;32.66903392769967;0.8201193809509277;-0.5490164160728455;-0.16084744036197662;[];
96.28125;MPIB2;48.84094116389745;24.12156062009018;-0.31799763441085815;-0.4090942442417145;-0.8552472591400146;[];
96.28125;MPIB1;20.808309988674864;35.09899675752993;-0.9459949731826782;-0.3238593637943268;0.012244661338627338;[];
96.28125;MPIB4;48.69299602595174;56.36434038284011;-0.6414850950241089;-0.5511781573295593;0.5334897637367249;[];
96.28125;MPIB3;48.872544795493695;32.66903392769967;0.8201193809509277;-0.5490164160728455;-0.16084744036197662;[];
96.34375;MPIB2;48.76565367386582;23.919257405639627;-0.31799763441085815;-0.4090942442417145;-0.8552472591400146;[];
96.34375;MPIB1;20.653325027518576;34.952870310548235;-0.9451184272766113;-0.32630735635757446;0.014680339954793453;[];
96.34375;MPIB4;48.69299602595174;56.36434038284011;-0.5648972988128662;-0.5157464742660522;0.644058883190155;[];
96.34375;MPIB3;48.872544795493695;32.66903392769967;0.8182876110076904;-0.5511781573295593;-0.16277062892913818;[];
96.375;MPIB2;48.69039286554854;23.71694389451673;-0.31799763441085815;-0.4090942442417145;-0.8552472591400146;[];
96.375;MPIB1;20.495463924772935;34.80499707991211;-0.9393599629402161;-0.3411290943622589;0.03423795476555824;[];
96.375;MPIB4;48.63727573019469;56.4449582875032;-0.49532604217529297;-0.4908948540687561;0.71665358543396;[];
96.375;MPIB3;48.872544795493695;32.66903392769967;0.8182876110076904;-0.5511781573295593;-0.16277062892913818;[];
96.4375;MPIB2;48.615146625448986;23.51462476141006;-0.31799763441085815;-0.4090942442417145;-0.8552472591400146;[];
96.4375;MPIB1;20.332903383500252;34.6596992516036;-0.933998703956604;-0.3485085368156433;0.07826653867959976;[];
96.4375;MPIB4;48.565590142629844;56.57786560268454;-0.37157467007637024;-0.47021257877349854;0.8004703521728516;[];
96.4375;MPIB3;48.872544795493695;32.66903392769967;0.8182876110076904;-0.5511781573295593;-0.16277062892913818;[];
96.5;MPIB2;48.61569640538836;23.313237725774115;-0.31799763441085815;-0.4090942442417145;-0.8552472591400146;[];
96.5;MPIB1;20.161153158825755;34.524578655026545;-0.9197676181793213;-0.3485085368156433;0.1802961677312851;[];
96.5;MPIB4;48.51238629157274;56.74741865079466;-0.1269986927509308;-0.46555230021476746;0.8758158087730408;[];
96.5;MPIB3;48.872544795493695;32.66903392769967;0.8182876110076904;-0.5511781573295593;-0.16277062892913818;[];
96.53125;MPIB2;48.657330637194164;23.112359615416267;-0.31799763441085815;-0.4090942442417145;-0.8552472591400146;[];
96.53125;MPIB1;19.976681585303027;34.4086810252779;-0.8802515864372253;-0.3485085368156433;0.3219260275363922;[];
96.53125;MPIB4;48.49152979854534;56.93765155381857;0.07406864315271378;-0.46555230021476746;0.881870687007904;[];
96.53125;MPIB3;48.872544795493695;32.66903392769967;0.8182876110076904;-0.5511781573295593;-0.16277062892913818;[];
96.59375;MPIB2;48.72121715110081;22.911541106083405;-0.32135602831840515;-0.41625523567199707;-0.8505229353904724;[];
96.59375;MPIB1;19.779649285205892;34.31848948574941;-0.8166573643684387;-0.3485085368156433;0.4599454998970032;[];
96.59375;MPIB4;48.502264449465656;57.136989151950274;0.19703467190265656;-0.48855432868003845;0.8499472141265869;[];
96.59375;MPIB3;48.872544795493695;32.66903392769967;0.8182876110076904;-0.5511781573295593;-0.16277062892913818;[];
96.625;MPIB2;48.79388870417114;22.70930936865028;-0.3492700159549713;-0.43283456563949585;-0.8310173153877258;[];
96.625;MPIB1;19.573429373776662;34.25281033053517;-0.7648667097091675;-0.3411290943622589;0.5463957786560059;[];
96.625;MPIB4;48.53422719600485;57.34028755585467;0.23073142766952515;-0.49997231364250183;0.8346901535987854;[];
96.625;MPIB3;48.872544795493695;32.66903392769967;0.8182876110076904;-0.5511781573295593;-0.16277062892913818;[];
96.6875;MPIB2;48.79160753595198;22.510328025706087;-0.38200047612190247;-0.45157986879348755;-0.8062716722488403;[];
96.6875;MPIB1;19.361690908999208;34.203881047694836;-0.7486191987991333;-0.3312872350215912;0.5742456912994385;[];
96.6875;MPIB4;48.59035914658284;57.54133200479592;0.33979952335357666;-0.5089951753616333;0.79080730676651;[];
96.6875;MPIB3;48.872544795493695;32.66903392769967;0.8182876110076904;-0.5511781573295593;-0.16277062892913818;[];
96.75;MPIB2;48.74261025297011;22.316812155216383;-0.4387483596801758;-0.4794096350669861;-0.7599905133247375;[];
96.75;MPIB1;19.146939313743587;34.164097196232916;-0.7486191987991333;-0.3312872350215912;0.5742456912994385;[];
96.75;MPIB4;48.67264875252408;57.73439182797205;0.45363089442253113;-0.5089951753616333;0.7314772009849548;[];
96.75;MPIB3;48.872544795493695;32.66903392769967;0.8182876110076904;-0.5511781573295593;-0.16277062892913818;[];
96.78125;MPIB2;48.7278704013086;22.111876635347357;-0.5302874445915222;-0.5112216472625732;-0.6762863993644714;[];
96.78125;MPIB1;18.930542549055872;34.129306750883615;-0.7486191987991333;-0.3312872350215912;0.5742456912994385;[];
96.78125;MPIB4;48.776002677392626;57.91848324247667;0.5131945013999939;-0.5089951753616333;0.6909930109977722;[];
96.78125;MPIB3;48.872544795493695;32.66903392769967;0.8182876110076904;-0.5511781573295593;-0.16277062892913818;[];
96.84375;MPIB2;48.715375361171674;21.900080778172793;-0.6270589232444763;-0.526954710483551;-0.573611319065094;[];
96.84375;MPIB1;18.71324752175383;34.09724270558846;-0.7486191987991333;-0.3312872350215912;0.5742456912994385;[];
96.84375;MPIB4;48.892296078667414;58.096589181737556;0.5258265137672424;-0.5089951753616333;0.6814296841621399;[];
96.84375;MPIB3;48.872544795493695;32.66903392769967;0.8182876110076904;-0.5511781573295593;-0.16277062892913818;[];
96.875;MPIB2;48.693169135724986;21.685630656649437;-0.6806156635284424;-0.5379912257194519;-0.49723318219184875;[];
96.875;MPIB1;18.49546204300748;34.06666727489579;-0.7486191987991333;-0.3312872350215912;0.5742456912994385;[];
96.875;MPIB4;49.02399065109216;58.26421245277811;0.5933915972709656;-0.5224658846855164;0.6122339963912964;[];
96.875;MPIB3;48.872544795493695;32.66903392769967;0.8182876110076904;-0.5511781573295593;-0.16277062892913818;[];
96.9375;MPIB2;48.65974287081077;21.470836034010745;-0.7057205438613892;-0.5446015000343323;-0.4530785381793976;[];
96.9375;MPIB1;18.277408777741357;34.036904627870484;-0.7486191987991333;-0.3312872350215912;0.5742456912994385;[];
96.9375;MPIB4;49.16733043852469;58.422825034849666;0.6205557584762573;-0.5246713161468506;0.5827047824859619;[];
96.9375;MPIB3;48.872544795493695;32.66903392769967;0.817318856716156;-0.5533362030982971;-0.1602981835603714;[];
97.0;MPIB2;48.60985098374226;21.258695963558694;-0.745045006275177;-0.5533362030982971;-0.37234216928482056;[];
97.0;MPIB1;18.05920930101854;34.00758576077911;-0.7486191987991333;-0.3312872350215912;0.5742456912994385;[];
97.0;MPIB4;49.24559397155349;58.509427514719846;0.6205557584762573;-0.5246713161468506;0.5827047824859619;[];
97.0;MPIB3;48.872544795493695;32.66903392769967;0.829975962638855;-0.5533362030982971;-0.06971055269241333;[];
97.03125;MPIB2;48.54289381864892;21.05109262800491;-0.7730361223220825;-0.5555702447891235;-0.30605292320251465;[];
97.03125;MPIB1;17.84092999283098;33.97850919755979;-0.7486191987991333;-0.3312872350215912;0.5742456912994385;[];
97.03125;MPIB4;49.28832586555063;58.55671247422123;0.6205557584762573;-0.5246713161468506;0.5827047824859619;[];
97.03125;MPIB3;48.872544795493695;32.66903392769967;0.8027473092079163;-0.5291529893875122;0.2747868001461029;[];
97.09375;MPIB2;48.45633798058308;20.851137075279325;-0.7873125672340393;-0.5792520046234131;-0.21098674833774567;[];
97.09375;MPIB1;17.72174947671749;33.96263339219803;-0.7479360699653625;-0.33372852206230164;0.5737216472625732;[];
97.09375;MPIB4;49.311657482383;58.58253006510776;0.6205557584762573;-0.5246713161468506;0.5827047824859619;[];
97.09375;MPIB3;48.872544795493695;32.66903392769967;0.6449996829032898;-0.49314841628074646;0.5836932063102722;[];
97.125;MPIB2;48.35200829183492;20.659845621028467;-0.7916340827941895;-0.5940809845924377;-0.14244893193244934;[];
97.125;MPIB1;17.656676907361202;33.95396520146366;-0.676612377166748;-0.36078935861587524;0.641842782497406;[];
97.125;MPIB4;49.311657482383;58.58253006510776;0.621086061000824;-0.526954710483551;0.5800732374191284;[];
97.125;MPIB3;48.872544795493695;32.66903392769967;0.5641727447509766;-0.46555230021476746;0.6818292737007141;[];
97.1875;MPIB2;48.30000001192093;20.478178574651224;-0.7943492531776428;-0.6024546027183533;-0.07723704725503922;[];
97.1875;MPIB1;17.62114728036579;33.94923236877298;-0.5965142250061035;-0.37540847063064575;0.7093465924263;[];
97.1875;MPIB4;49.311657482383;58.58253006510776;0.6210189461708069;-0.5336199402809143;0.5740197896957397;[];
97.1875;MPIB3;48.872544795493695;32.66903392769967;0.5099090337753296;-0.44926875829696655;0.7335348725318909;[];
97.25;MPIB2;48.30000001192093;20.308277689330367;-0.7885233759880066;-0.61492919921875;-9.656626908441233E-17;[];
97.25;MPIB1;17.62114728036579;33.94923236877298;-0.5130670070648193;-0.37540847063064575;0.7718575596809387;[];
97.25;MPIB4;49.335149796318774;58.60852547530709;0.6247299909591675;-0.5446015000343323;0.5594944357872009;[];
97.25;MPIB3;48.872544795493695;32.66903392769967;0.47782713174819946;-0.4375820457935333;0.761661171913147;[];
97.28125;MPIB2;48.30000001192093;20.152168866283773;-0.7765239477157593;-0.6252336502075195;0.07745826989412308;[];
97.28125;MPIB1;17.62114728036579;33.94923236877298;-0.24835187196731567;-0.3850736916065216;0.8888033628463745;[];
97.28125;MPIB4;49.335149796318774;58.60852547530709;0.6260732412338257;-0.562089741230011;0.5403686165809631;[];
97.28125;MPIB3;48.92287043503961;32.75312028624688;0.46240660548210144;-0.4351666569709778;0.7724862098693848;[];
97.34375;MPIB2;48.30000001192093;20.01224835298811;-0.7540935277938843;-0.6373530626296997;0.15820814669132233;[];
97.34375;MPIB1;17.58537294216228;33.94923236877298;0.13470986485481262;-0.3850736916065216;0.9129639863967896;[];
97.34375;MPIB4;49.335149796318774;58.60852547530709;0.6301732659339905;-0.5728257298469543;0.5240823030471802;[];
97.34375;MPIB3;49.00067387696913;32.883117801893576;0.46240660548210144;-0.4351666569709778;0.7724862098693848;[];
97.375;MPIB2;48.30000001192093;19.844267143346798;-0.7137484550476074;-0.6454440355300903;0.2717914581298828;[];
97.375;MPIB1;17.58537294216228;33.94923236877298;0.1609964370727539;-0.3850736916065216;0.9086969494819641;[];
97.375;MPIB4;49.335149796318774;58.60852547530709;0.6319273114204407;-0.5771399736404419;0.5171914100646973;[];
97.375;MPIB3;49.09348020074276;33.03818281222823;0.46240660548210144;-0.4351666569709778;0.7724862098693848;[];
97.4375;MPIB2;48.30000001192093;19.668988701945608;-0.6512154936790466;-0.6454440355300903;0.39903104305267334;[];
97.4375;MPIB1;17.58537294216228;33.94923236877298;0.1609964370727539;-0.3850736916065216;0.9086969494819641;[];
97.4375;MPIB4;49.335149796318774;58.60852547530709;0.630768895149231;-0.5792520046234131;0.5162433385848999;[];
97.4375;MPIB3;49.19447809895496;33.206934676252274;0.46240660548210144;-0.4351666569709778;0.7724862098693848;[];
97.5;MPIB2;48.23442428559065;19.500459315201567;-0.5675671100616455;-0.6454440355300903;0.5110528469085693;[];
97.5;MPIB1;17.58537294216228;33.94923236877298;0.1609964370727539;-0.3850736916065216;0.9086969494819641;[];
97.5;MPIB4;49.335149796318774;58.60852547530709;0.630987286567688;-0.5813601613044739;0.5135998129844666;[];
97.5;MPIB3;49.29994859732983;33.383159563258744;0.46240660548210144;-0.4351666569709778;0.7724862098693848;[];
97.53125;MPIB2;48.12262112194165;19.34656998566774;-0.4811340868473053;-0.6474190354347229;0.5909855365753174;[];
97.53125;MPIB1;17.58537294216228;33.94923236877298;0.1609964370727539;-0.3850736916065216;0.9086969494819641;[];
97.53125;MPIB4;49.335149796318774;58.60852547530709;0.6310993432998657;-0.5835422277450562;0.5109806656837463;[];
97.53125;MPIB3;49.40786113567742;33.563464721287545;0.46240660548210144;-0.4351666569709778;0.7724862098693848;[];
97.59375;MPIB2;47.976197150886684;19.214438710873537;-0.3740972876548767;-0.6474190354347229;0.6639316082000732;[];
97.59375;MPIB1;17.58537294216228;33.94923236877298;0.17029882967472076;-0.3874613642692566;0.9059820175170898;[];
97.59375;MPIB4;49.335149796318774;58.60852547530709;0.6325551271438599;-0.5856424570083618;0.5067602396011353;[];
97.59375;MPIB3;49.517324536529486;33.74586713612837;0.4638003408908844;-0.4375820457935333;0.7702828645706177;[];
97.625;MPIB2;47.89624965340456;19.142295026456225;-0.3349584639072418;-0.6433912515640259;0.6882994174957275;[];
97.625;MPIB1;17.58537294216228;33.94923236877298;0.17029882967472076;-0.3874613642692566;0.9059820175170898;[];
97.625;MPIB4;49.335149796318774;58.60852547530709;0.6325551271438599;-0.5856424570083618;0.5067602396011353;[];
97.625;MPIB3;49.57709156033684;33.845458866199294;0.46527791023254395;-0.4399081766605377;0.768063485622406;[];
97.6875;MPIB2;47.852598314709105;19.102904570189054;-0.31709781289100647;-0.6373530626296997;0.7022363543510437;[];
97.6875;MPIB1;17.58537294216228;33.94923236877298;0.17029882967472076;-0.3874613642692566;0.9059820175170898;[];
97.6875;MPIB4;49.335149796318774;58.60852547530709;0.6325551271438599;-0.5856424570083618;0.5067602396011353;[];
97.6875;MPIB3;49.60972435912595;33.89983595713406;0.4622659385204315;-0.45157986879348755;0.7630914449691772;[];
97.75;MPIB2;47.82876468101305;19.08139737856908;-0.30364343523979187;-0.6333551406860352;0.7117359042167664;[];
97.75;MPIB1;17.58537294216228;33.94923236877298;0.17029882967472076;-0.3874613642692566;0.9059820175170898;[];
97.75;MPIB4;49.335149796318774;58.60852547530709;0.6325551271438599;-0.5856424570083618;0.5067602396011353;[];
97.75;MPIB3;49.627541869334436;33.92952585223301;0.4447820484638214;-0.4794096350669861;0.7564751505851746;[];
97.78125;MPIB2;47.82876468101305;19.08139737856908;-0.2727908194065094;-0.6292657256126404;0.7276785373687744;[];
97.78125;MPIB1;17.58537294216228;33.94923236877298;0.16757839918136597;-0.39231711626052856;0.9043979048728943;[];
97.78125;MPIB4;49.335149796318774;58.60852547530709;0.6325551271438599;-0.5856424570083618;0.5067602396011353;[];
97.78125;MPIB3;49.627541869334436;33.92952585223301;0.43496251106262207;-0.48629406094551086;0.7577890157699585;[];
97.84375;MPIB2;47.82876468101305;19.08139737856908;-0.24024972319602966;-0.6211097240447998;0.7459286451339722;[];
97.84375;MPIB1;17.58537294216228;33.94923236877298;0.1578563004732132;-0.3946968615055084;0.9051111340522766;[];
97.84375;MPIB4;49.335149796318774;58.60852547530709;0.6325551271438599;-0.5856424570083618;0.5067602396011353;[];
97.84375;MPIB3;49.627541869334436;33.92952585223301;0.4257604777812958;-0.4908948540687561;0.7600449323654175;[];
97.875;MPIB2;47.80476689255971;19.059742055620717;-0.19051174819469452;-0.6128858327865601;0.7668007016181946;[];
97.875;MPIB1;17.48567099294405;33.96606068596816;0.1578563004732132;-0.3946968615055084;0.9051111340522766;[];
97.875;MPIB4;49.335149796318774;58.60852547530709;0.6325551271438599;-0.5856424570083618;0.5067602396011353;[];
97.875;MPIB3;49.642581917145435;33.959420237238334;0.4237186312675476;-0.4908948540687561;0.7611851096153259;[];
97.9375;MPIB2;47.80476689255971;19.059742055620717;-0.12792955338954926;-0.5940809845924377;0.7941097021102905;[];
97.9375;MPIB1;17.336370235626873;33.991827294714824;0.15551280975341797;-0.3946968615055084;0.9055167436599731;[];
97.9375;MPIB4;49.335149796318774;58.60852547530709;0.6325551271438599;-0.5856424570083618;0.5067602396011353;[];
97.9375;MPIB3;49.642581917145435;33.959420237238334;0.4217468202114105;-0.4908948540687561;0.7622793912887573;[];
98.0;MPIB2;47.80476689255971;19.059742055620717;-0.09120550006628036;-0.5835422277450562;0.8068885803222656;[];
98.0;MPIB1;17.15822186407354;34.022224130615086;0.15316829085350037;-0.3946968615055084;0.9059162735939026;[];
98.0;MPIB4;49.335149796318774;58.60852547530709;0.6339132189750671;-0.5856424570083618;0.5050603151321411;[];
98.0;MPIB3;49.642581917145435;33.959420237238334;0.4217468202114105;-0.4908948540687561;0.7622793912887573;[];
98.03125;MPIB2;47.80476689255971;19.059742055620717;-0.06417461484670639;-0.5749456286430359;0.815615713596344;[];
98.03125;MPIB1;16.96432269331774;34.05514907083486;0.15316829085350037;-0.3946968615055084;0.9059162735939026;[];
98.03125;MPIB4;49.335149796318774;58.60852547530709;0.6366688013076782;-0.5877386927604675;0.49912407994270325;[];
98.03125;MPIB3;49.642581917145435;33.959420237238334;0.4217468202114105;-0.4908948540687561;0.7622793912887573;[];
98.09375;MPIB2;47.80476689255971;19.059742055620717;-0.04949970915913582;-0.5684955716133118;0.8211411833763123;[];
98.09375;MPIB1;16.7618235851985;34.089454356173405;0.15316829085350037;-0.3946968615055084;0.9059162735939026;[];
98.09375;MPIB4;49.335149796318774;58.60852547530709;0.6366688013076782;-0.5877386927604675;0.49912407994270325;[];
98.09375;MPIB3;49.642581917145435;33.959420237238334;0.4217468202114105;-0.4908948540687561;0.7622793912887573;[];
98.125;MPIB2;47.80476689255971;19.059742055620717;-0.036780718713998795;-0.5620104074478149;0.8262580037117004;[];
98.125;MPIB1;16.554671505702686;34.12476339063474;0.155339315533638;-0.39707398414611816;0.904506504535675;[];
98.125;MPIB4;49.335149796318774;58.60852547530709;0.639366090297699;-0.5898310542106628;0.49317246675491333;[];
98.125;MPIB3;49.642581917145435;33.959420237238334;0.4217468202114105;-0.4908948540687561;0.7622793912887573;[];
98.1875;MPIB2;47.80476689255971;19.059742055620717;-0.028291957452893257;-0.5555702447891235;0.8309348821640015;[];
98.1875;MPIB1;16.34710389853342;34.17013469410233;0.2435968816280365;-0.404276967048645;0.8815610408782959;[];
98.1875;MPIB4;49.335149796318774;58.60852547530709;0.639366090297699;-0.5898310542106628;0.49317246675491333;[];
98.1875;MPIB3;49.642581917145435;33.959420237238334;0.4217468202114105;-0.4908948540687561;0.7622793912887573;[];
98.25;MPIB2;47.80476689255971;19.059742055620717;-0.026187719777226448;-0.5533362030982971;0.8324931859970093;[];
98.25;MPIB1;16.151016570124625;34.24740068053319;0.4876837134361267;-0.41381287574768066;0.768668532371521;[];
98.25;MPIB4;49.335149796318774;58.60852547530709;0.639366090297699;-0.5898310542106628;0.49317246675491333;[];
98.25;MPIB3;49.642581917145435;33.959420237238334;0.4217468202114105;-0.4908948540687561;0.7622793912887573;[];
98.28125;MPIB2;47.80476689255971;19.059742055620717;-0.026187719777226448;-0.5533362030982971;0.8324931859970093;[];
98.28125;MPIB1;16.043952876377716;34.289587914024594;0.6586359739303589;-0.41381287574768066;0.628399133682251;[];
98.28125;MPIB4;49.335149796318774;58.60852547530709;0.639366090297699;-0.5898310542106628;0.49317246675491333;[];
98.28125;MPIB3;49.642581917145435;33.959420237238334;0.4217468202114105;-0.4908948540687561;0.7622793912887573;[];
98.34375;MPIB2;47.80476689255971;19.059742055620717;-0.026187719777226448;-0.5533362030982971;0.8324931859970093;[];
98.34375;MPIB1;15.98549609280201;34.312622146186385;0.7103951573371887;-0.41381287574768066;0.5692322850227356;[];
98.34375;MPIB4;49.335149796318774;58.60852547530709;0.639366090297699;-0.5898310542106628;0.49317246675491333;[];
98.34375;MPIB3;49.642581917145435;33.959420237238334;0.4217468202114105;-0.4908948540687561;0.7622793912887573;[];
98.375;MPIB2;47.80476689255971;19.059742055620717;-0.026232672855257988;-0.5511781573295593;0.8339222073554993;[];
98.375;MPIB1;15.953578685262414;34.325198838407545;0.7206992506980896;-0.41381287574768066;0.5561289191246033;[];
98.375;MPIB4;49.335149796318774;58.60852547530709;0.639366090297699;-0.5898310542106628;0.49317246675491333;[];
98.375;MPIB3;49.642581917145435;33.959420237238334;0.4217468202114105;-0.4908948540687561;0.7622793912887573;[];
98.4375;MPIB2;47.80476689255971;19.059742055620717;-0.026232672855257988;-0.5511781573295593;0.8339222073554993;[];
98.4375;MPIB1;15.953578685262414;34.325198838407545;0.7206992506980896;-0.41381287574768066;0.5561289191246033;[];
98.4375;MPIB4;49.335149796318774;58.60852547530709;0.639366090297699;-0.5898310542106628;0.49317246675491333;[];
98.4375;MPIB3;49.642581917145435;33.959420237238334;0.4217468202114105;-0.4908948540687561;0.7622793912887573;[];
98.5;MPIB2;47.80476689255971;19.059742055620717;-0.026232672855257988;-0.5511781573295593;0.8339222073554993;[];
98.5;MPIB1;15.953578685262414;34.325198838407545;0.7221364378929138;-0.41381287574768066;0.5542613863945007;[];
98.5;MPIB4;49.335149796318774;58.60852547530709;0.639366090297699;-0.5898310542106628;0.49317246675491333;[];
98.5;MPIB3;49.642581917145435;33.959420237238334;0.4217468202114105;-0.4908948540687561;0.7622793912887573;[];
98.53125;MPIB2;47.80476689255971;19.059742055620717;-0.026232672855257988;-0.5511781573295593;0.8339222073554993;[];
98.53125;MPIB1;15.921441445767869;34.335815027207076;0.7221364378929138;-0.41381287574768066;0.5542613863945007;[];
98.53125;MPIB4;49.335149796318774;58.60852547530709;0.639366090297699;-0.5898310542106628;0.49317246675491333;[];
98.53125;MPIB3;49.642581917145435;33.959420237238334;0.4217468202114105;-0.4908948540687561;0.7622793912887573;[];
98.59375;MPIB2;47.80476689255971;19.059742055620717;-0.026232672855257988;-0.5511781573295593;0.8339222073554993;[];
98.59375;MPIB1;15.921441445767869;34.335815027207076;0.7221364378929138;-0.41381287574768066;0.5542613863945007;[];
98.59375;MPIB4;49.335149796318774;58.60852547530709;0.639366090297699;-0.5898310542106628;0.49317246675491333;[];
98.59375;MPIB3;49.642581917145435;33.959420237238334;0.4217468202114105;-0.4908948540687561;0.7622793912887573;[];
98.625;MPIB2;47.80476689255971;19.059742055620717;-0.026232672855257988;-0.5511781573295593;0.8339222073554993;[];
98.625;MPIB1;15.921441445767869;34.335815027207076;0.7221364378929138;-0.41381287574768066;0.5542613863945007;[];
98.625;MPIB4;49.335149796318774;58.60852547530709;0.639366090297699;-0.5898310542106628;0.49317246675491333;[];
98.625;MPIB3;49.642581917145435;33.959420237238334;0.4217468202114105;-0.4908948540687561;0.7622793912887573;[];
98.6875;MPIB2;47.80476689255971;19.059742055620717;-0.026232672855257988;-0.5511781573295593;0.8339222073554993;[];
98.6875;MPIB1;15.921441445767869;34.335815027207076;0.7221364378929138;-0.41381287574768066;0.5542613863945007;[];
98.6875;MPIB4;49.335149796318774;58.60852547530709;0.639366090297699;-0.5898310542106628;0.49317246675491333;[];
98.6875;MPIB3;49.642581917145435;33.959420237238334;0.4217468202114105;-0.4908948540687561;0.7622793912887573;[];
98.75;MPIB2;47.80476689255971;19.059742055620717;-0.026232672855257988;-0.5511781573295593;0.8339222073554993;[];
98.75;MPIB1;15.999176713347424;34.395491029918134;0.7221364378929138;-0.41381287574768066;0.5542613863945007;[];
98.75;MPIB4;49.335149796318774;58.60852547530709;0.639366090297699;-0.5898310542106628;0.49317246675491333;[];
98.75;MPIB3;49.642581917145435;33.959420237238334;0.4217468202114105;-0.4908948540687561;0.7622793912887573;[];
98.78125;MPIB2;47.80476689255971;19.059742055620717;-0.028391266241669655;-0.5511781573295593;0.8338515758514404;[];
98.78125;MPIB1;16.11935544195535;34.48775013389405;0.7221364378929138;-0.41381287574768066;0.5542613863945007;[];
98.78125;MPIB4;49.335149796318774;58.60852547530709;0.639366090297699;-0.5898310542106628;0.49317246675491333;[];
98.78125;MPIB3;49.642581917145435;33.959420237238334;0.4217468202114105;-0.4908948540687561;0.7622793912887573;[];
98.84375;MPIB2;47.80476689255971;19.059742055620717;-0.02819368802011013;-0.5598674416542053;0.8280487060546875;[];
98.84375;MPIB1;16.262708302976534;34.59779961322698;0.7221364378929138;-0.41381287574768066;0.5542613863945007;[];
98.84375;MPIB4;49.335149796318774;58.60852547530709;0.639366090297699;-0.5898310542106628;0.49317246675491333;[];
98.84375;MPIB3;49.642581917145435;33.959420237238334;0.4217468202114105;-0.4908948540687561;0.7622793912887573;[];
98.875;MPIB2;47.80476689255971;19.059742055620717;-0.028043020516633987;-0.5663641095161438;0.8236235976219177;[];
98.875;MPIB1;16.418714241764974;34.71756263863307;0.7221364378929138;-0.41381287574768066;0.5542613863945007;[];
98.875;MPIB4;49.335149796318774;58.60852547530709;0.639366090297699;-0.5898310542106628;0.49317246675491333;[];
98.875;MPIB3;49.642581917145435;33.959420237238334;0.42113012075424194;-0.49314841628074646;0.7611647844314575;[];
98.9375;MPIB2;47.90276551908988;19.06025881293155;-0.004281845409423113;-0.5835422277450562;0.8120155930519104;[];
98.9375;MPIB1;16.581628761816773;34.84262926081115;0.7229838967323303;-0.4114549458026886;0.5549119114875793;[];
98.9375;MPIB4;49.335149796318774;58.60852547530709;0.639366090297699;-0.5898310542106628;0.49317246675491333;[];
98.9375;MPIB3;49.642581917145435;33.959420237238334;0.41915836930274963;-0.49314841628074646;0.7622523307800293;[];
99.0;MPIB2;48.05185644523166;19.03864024179913;0.17681869864463806;-0.5983143448829651;0.7814493775367737;[];
99.0;MPIB1;16.69999998807907;34.97119351996486;0.7178103923797607;-0.41381287574768066;0.5598526000976562;[];
99.0;MPIB4;49.335149796318774;58.60852547530709;0.6406405568122864;-0.5898310542106628;0.49151572585105896;[];
99.0;MPIB3;49.642581917145435;33.959420237238334;0.41915836930274963;-0.49314841628074646;0.7622523307800293;[];
99.03125;MPIB2;48.22010990160266;18.981445373122625;0.37900975346565247;-0.5749456286430359;0.7250510454177856;[];
99.03125;MPIB1;16.69999998807907;35.104261948931;0.6751293540000916;-0.47477537393569946;0.5645427107810974;[];
99.03125;MPIB4;49.335149796318774;58.60852547530709;0.64191073179245;-0.5898310542106628;0.4898557662963867;[];
99.03125;MPIB3;49.642581917145435;33.959420237238334;0.41915836930274963;-0.49314841628074646;0.7622523307800293;[];
99.09375;MPIB2;48.39444360213177;18.89728017509904;0.4491744935512543;-0.5555702447891235;0.6996395587921143;[];
99.09375;MPIB1;16.69999998807907;35.24326434492045;0.606569766998291;-0.5663641095161438;0.5578668117523193;[];
99.09375;MPIB4;49.335149796318774;58.60852547530709;0.64191073179245;-0.5898310542106628;0.4898557662963867;[];
99.09375;MPIB3;49.642581917145435;33.959420237238334;0.41915836930274963;-0.49314841628074646;0.7622523307800293;[];
99.125;MPIB2;48.571539336091;18.797530224181543;0.45646122097969055;-0.5555702447891235;0.6949074268341064;[];
99.125;MPIB1;16.69999998807907;35.38737152290091;0.5650700926780701;-0.6169684529304504;0.5476793050765991;[];
99.125;MPIB4;49.335149796318774;58.60852547530709;0.6431766152381897;-0.5898310542106628;0.48819246888160706;[];
99.125;MPIB3;49.642581917145435;33.959420237238334;0.41915836930274963;-0.49314841628074646;0.7622523307800293;[];
99.1875;MPIB2;48.750143140478244;18.689270997195564;0.4580634534358978;-0.5511781573295593;0.6973466277122498;[];
99.1875;MPIB1;16.69999998807907;35.53554290443358;0.5398181676864624;-0.6433912515640259;0.5427241921424866;[];
99.1875;MPIB4;49.335149796318774;58.60852547530709;0.6431766152381897;-0.5898310542106628;0.48819246888160706;[];
99.1875;MPIB3;49.642581917145435;33.959420237238334;0.41915836930274963;-0.49314841628074646;0.7622523307800293;[];
99.25;MPIB2;48.945468951635505;18.650962679935276;0.4574924111366272;-0.5424286723136902;0.7045455574989319;[];
99.25;MPIB1;16.69999998807907;35.61644448814735;0.5371424555778503;-0.6454440355300903;0.5429414510726929;[];
99.25;MPIB4;49.335149796318774;58.60852547530709;0.6431766152381897;-0.5898310542106628;0.48819246888160706;[];
99.25;MPIB3;49.642581917145435;33.959420237238334;0.41915836930274963;-0.49314841628074646;0.7622523307800293;[];
99.28125;MPIB2;49.149527736944;18.65263520025053;0.4489734470844269;-0.5291529893875122;0.7199540734291077;[];
99.28125;MPIB1;16.69999998807907;35.66061675798579;0.5333837866783142;-0.6493897438049316;0.5419409275054932;[];
99.28125;MPIB4;49.335149796318774;58.60852547530709;0.6431766152381897;-0.5898310542106628;0.48819246888160706;[];
99.28125;MPIB3;49.642581917145435;33.959420237238334;0.42113012075424194;-0.49314841628074646;0.7611647844314575;[];
99.34375;MPIB2;49.35817414697099;18.675989242571973;0.44475147128105164;-0.5246713161468506;0.7258309125900269;[];
99.34375;MPIB1;16.69999998807907;35.66061675798579;0.5340012311935425;-0.6553480625152588;0.5341036915779114;[];
99.34375;MPIB4;49.335149796318774;58.60852547530709;0.64448481798172;-0.5898310542106628;0.48646411299705505;[];
99.34375;MPIB3;49.642581917145435;33.959420237238334;0.42113012075424194;-0.49314841628074646;0.7611647844314575;[];
99.375;MPIB2;49.56913881549533;18.71285832642198;0.4397306442260742;-0.5224658846855164;0.7304662466049194;[];
99.375;MPIB1;16.69999998807907;35.697903283573226;0.5876750946044922;-0.6632054448127747;0.4633587598800659;[];
99.375;MPIB4;49.335149796318774;58.60852547530709;0.64448481798172;-0.5898310542106628;0.48646411299705505;[];
99.375;MPIB3;49.642581917145435;33.959420237238334;0.42113012075424194;-0.49314841628074646;0.7611647844314575;[];
99.4375;MPIB2;49.78130649706588;18.75735777169976;0.43783828616142273;-0.5224658846855164;0.7316020727157593;[];
99.4375;MPIB1;16.69999998807907;35.697903283573226;0.5974265336990356;-0.6612658500671387;0.4535568952560425;[];
99.4375;MPIB4;49.335149796318774;58.60852547530709;0.6457419395446777;-0.5898310542106628;0.48479416966438293;[];
99.4375;MPIB3;49.642581917145435;33.959420237238334;0.42113012075424194;-0.49314841628074646;0.7611647844314575;[];
99.5;MPIB2;49.99387109543066;18.80703561950503;0.43085014820098877;-0.5202569365501404;0.7373029589653015;[];
99.5;MPIB1;16.69999998807907;35.697903283573226;0.5974265336990356;-0.6612658500671387;0.4535568952560425;[];
99.5;MPIB4;49.335149796318774;58.60852547530709;0.6457419395446777;-0.5898310542106628;0.48479416966438293;[];
99.5;MPIB3;49.642581917145435;33.959420237238334;0.42113012075424194;-0.49314841628074646;0.7611647844314575;[];
99.53125;MPIB2;50.20587986713876;18.862321365042277;0.4107062816619873;-0.5157464742660522;0.751825213432312;[];
99.53125;MPIB1;16.69999998807907;35.697903283573226;0.6246112585067749;-0.6474190354347229;0.4365944564342499;[];
99.53125;MPIB4;49.335149796318774;58.60852547530709;0.6469947099685669;-0.5898310542106628;0.48312097787857056;[];
99.53125;MPIB3;49.642581917145435;33.959420237238334;0.42113012075424194;-0.49314841628074646;0.7611647844314575;[];
99.59375;MPIB2;50.41309011787481;18.93295016527202;0.31006231904029846;-0.5112216472625732;0.8015170097351074;[];
99.59375;MPIB1;16.69999998807907;35.697903283573226;0.734249472618103;-0.5856424570083618;0.34323403239250183;[];
99.59375;MPIB4;49.335149796318774;58.60852547530709;0.6619225144386292;-0.5835422277450562;0.4703681766986847;[];
99.59375;MPIB3;49.642581917145435;33.959420237238334;0.42113012075424194;-0.49314841628074646;0.7611647844314575;[];
99.625;MPIB2;50.61037061123215;19.025545328682995;0.18248960375785828;-0.5157464742660522;0.8370294570922852;[];
99.625;MPIB1;16.69999998807907;35.697903283573226;0.7454506754875183;-0.5792520046234131;0.32966625690460205;[];
99.625;MPIB4;49.420524621021514;58.656641350879056;0.7192472815513611;-0.5642287731170654;0.40526530146598816;[];
99.625;MPIB3;49.642581917145435;33.959420237238334;0.41854172945022583;-0.49539870023727417;0.7611309885978699;[];
99.6875;MPIB2;50.79133136553199;19.144183203327913;0.030812149867415428;-0.5401714444160461;0.840938925743103;[];
99.6875;MPIB1;16.69999998807907;35.697903283573226;0.7621536254882812;-0.5663641095161438;0.31347087025642395;[];
99.6875;MPIB4;49.55717907785083;58.7216015424311;0.7731826901435852;-0.5401714444160461;0.33213868737220764;[];
99.6875;MPIB3;49.642581917145435;33.959420237238334;0.39986106753349304;-0.4977288246154785;0.7696066498756409;[];
99.75;MPIB2;50.93876534451985;19.296338998128448;-0.230575829744339;-0.5401714444160461;0.809297502040863;[];
99.75;MPIB1;16.69999998807907;35.697903283573226;0.7982332706451416;-0.5467707514762878;0.25254231691360474;[];
99.75;MPIB4;49.723820717430044;58.79075645646725;0.8019514679908752;-0.5202569365501404;0.29346442222595215;[];
99.75;MPIB3;49.67261705900091;34.05270126789324;0.2658855617046356;-0.4977288246154785;0.8255228996276855;[];
99.78125;MPIB2;51.04966590133424;19.474682749178356;-0.38134196400642395;-0.5555702447891235;0.7388041019439697;[];
99.78125;MPIB1;16.69999998807907;35.697903283573226;0.8404101729393005;-0.5313476920127869;0.10627327114343643;[];
99.78125;MPIB4;49.90752232657542;58.86026215037947;0.8155762553215027;-0.5067653059959412;0.279178261756897;[];
99.78125;MPIB3;49.69004035359558;34.20162726015866;0.009146319702267647;-0.4977288246154785;0.8672367334365845;[];
99.84375;MPIB2;51.19670340061426;19.618147568771263;-0.3910127878189087;-0.5555702447891235;0.7337316870689392;[];
99.84375;MPIB1;16.69999998807907;35.697903283573226;0.8433361053466797;-0.5313476920127869;0.07979704439640045;[];
99.84375;MPIB4;50.10110444747397;58.92825634807838;0.8317009806632996;-0.48629406094551086;0.2677873969078064;[];
99.84375;MPIB3;49.68804227437295;34.38026243875052;-0.10187235474586487;-0.4977288246154785;0.861281156539917;[];
99.875;MPIB2;51.361984477280515;19.745256789441186;-0.4138198792934418;-0.5555702447891235;0.7211145758628845;[];
99.875;MPIB1;16.69999998807907;35.697903283573226;0.8432813286781311;-0.533538818359375;0.06423674523830414;[];
99.875;MPIB4;50.30031464334775;58.99469100471791;0.8385851979255676;-0.4771362841129303;0.26274603605270386;[];
99.875;MPIB3;49.60839478548087;34.538264389026466;-0.11762607842683792;-0.4977288246154785;0.8592713475227356;[];
99.9375;MPIB2;51.53240532235586;19.87101078657426;-0.4830488860607147;-0.5424286723136902;0.6872754693031311;[];
99.9375;MPIB1;16.69999998807907;35.697903283573226;0.8437602519989014;-0.533538818359375;0.05760524049401283;[];
99.9375;MPIB4;50.50267332485282;59.0600319818937;0.8451761603355408;-0.46555230021476746;0.2624104917049408;[];
99.9375;MPIB3;49.48509772737566;34.68478656622986;-0.11993233859539032;-0.4977288246154785;0.858952522277832;[];
100.0;MPIB2;51.699471000166476;20.003903671539916;-0.5515384078025818;-0.5401714444160461;0.635557234287262;[];
100.0;MPIB1;16.69999998807907;35.697903283573226;0.8376007080078125;-0.5446015000343323;0.04179269075393677;[];
100.0;MPIB4;50.70675107971215;59.12477581001292;0.8520635366439819;-0.45157986879348755;0.2645488679409027;[];
100.0;MPIB3;49.33796800171194;34.825040786607616;-0.11993233859539032;-0.4977288246154785;0.858952522277832;[];
100.03125;MPIB2;51.859250678121086;20.146486597730814;-0.6052758097648621;-0.5313476920127869;0.5926419496536255;[];
100.03125;MPIB1;16.69999998807907;35.697903283573226;0.8265945911407471;-0.5620104074478149;0.028223518282175064;[];
100.03125;MPIB4;50.91176744873201;59.189193594709366;0.8531772494316101;-0.44926875829696655;0.26489466428756714;[];
100.03125;MPIB3;49.17782563804985;34.96187270216106;-0.11993233859539032;-0.4977288246154785;0.858952522277832;[];
100.09375;MPIB2;51.946490392417424;20.22433688447356;-0.6994171738624573;-0.513526976108551;0.4970122277736664;[];
100.09375;MPIB1;16.69999998807907;35.697903283573226;0.8236909508705139;-0.5663641095161438;0.025989875197410583;[];
100.09375;MPIB4;51.02370639921878;59.22436570923895;0.8531772494316101;-0.44926875829696655;0.26489466428756714;[];
100.09375;MPIB3;49.076835986926426;35.13364138939684;-0.11993233859539032;-0.4977288246154785;0.858952522277832;[];
100.125;MPIB2;51.99412328195591;20.266843145972302;-0.769034206867218;-0.4816797375679016;0.4201071858406067;[];
100.125;MPIB1;16.69999998807907;35.697903283573226;0.8237577676773071;-0.5663641095161438;0.023778613656759262;[];
100.125;MPIB4;51.08482507328358;59.2435696860027;0.8531772494316101;-0.44926875829696655;0.26489466428756714;[];
100.125;MPIB3;49.0081437206004;35.32448555618683;-0.11993233859539032;-0.4977288246154785;0.858952522277832;[];
100.1875;MPIB2;52.02013084266477;20.29005156744634;-0.8028306365013123;-0.4632597863674164;0.3751993775367737;[];
100.1875;MPIB1;16.69999998807907;35.697903283573226;0.8237577676773071;-0.5663641095161438;0.023778613656759262;[];
100.1875;MPIB4;51.118195873199056;59.25405505853362;0.8531772494316101;-0.44926875829696655;0.26489466428756714;[];
100.1875;MPIB3;48.88377593470227;35.47823467716975;-0.2291824221611023;-0.49539870023727417;0.8378382921218872;[];
100.25;MPIB2;52.02013084266477;20.29005156744634;-0.8117870688438416;-0.45858025550842285;0.36142468452453613;[];
100.25;MPIB1;16.69999998807907;35.697903283573226;0.8237577676773071;-0.5663641095161438;0.023778613656759262;[];
100.25;MPIB4;51.118195873199056;59.25405505853362;0.8531772494316101;-0.44926875829696655;0.26489466428756714;[];
100.25;MPIB3;48.718950089007876;35.58680508981368;-0.450533390045166;-0.47249555587768555;0.7574217915534973;[];
100.28125;MPIB2;52.02013084266477;20.29005156744634;-0.8299870491027832;-0.446954607963562;0.33358117938041687;[];
100.28125;MPIB1;16.69999998807907;35.697903283573226;0.8237577676773071;-0.5663641095161438;0.023778613656759262;[];
100.28125;MPIB4;51.118195873199056;59.25405505853362;0.8531772494316101;-0.44926875829696655;0.26489466428756714;[];
100.28125;MPIB3;48.5308264754899;35.665339625057044;-0.49559569358825684;-0.45858025550842285;0.7375710010528564;[];
100.34375;MPIB2;52.04631753110841;20.313419837512583;-0.840319812297821;-0.4446374773979187;0.30997374653816223;[];
100.34375;MPIB1;16.69999998807907;35.697903283573226;0.8237577676773071;-0.5663641095161438;0.023778613656759262;[];
100.34375;MPIB4;51.151796515346405;59.26290593064405;0.8531772494316101;-0.44926875829696655;0.26489466428756714;[];
100.34375;MPIB3;48.37324396746544;35.78942053298576;-0.49750328063964844;-0.45858025550842285;0.7362856268882751;[];
100.375;MPIB2;52.04631753110841;20.313419837512583;-0.8525958061218262;-0.4399081766605377;0.28193163871765137;[];
100.375;MPIB1;16.69999998807907;35.709018996017505;0.8237577676773071;-0.5663641095161438;0.023778613656759262;[];
100.375;MPIB4;51.151796515346405;59.26290593064405;0.8531772494316101;-0.44926875829696655;0.26489466428756714;[];
100.375;MPIB3;48.287203908090305;35.85716871658397;-0.49750328063964844;-0.45858025550842285;0.7362856268882751;[];
100.4375;MPIB2;52.04631753110841;20.313419837512583;-0.8583016991615295;-0.4399081766605377;0.2640516757965088;[];
100.4375;MPIB1;16.69999998807907;35.709018996017505;0.8237577676773071;-0.5663641095161438;0.023778613656759262;[];
100.4375;MPIB4;51.151796515346405;59.26290593064405;0.8531772494316101;-0.44926875829696655;0.26489466428756714;[];
100.4375;MPIB3;48.2402260302149;35.89415922912514;-0.4780638813972473;-0.45858025550842285;0.749053418636322;[];
100.5;MPIB2;52.04631753110841;20.313419837512583;-0.8596820831298828;-0.4399081766605377;0.25952214002609253;[];
100.5;MPIB1;16.69999998807907;35.709018996017505;0.8237577676773071;-0.5663641095161438;0.023778613656759262;[];
100.5;MPIB4;51.151796515346405;59.26290593064405;0.8531772494316101;-0.44926875829696655;0.26489466428756714;[];
100.5;MPIB3;48.21457610591551;35.91435605131852;-0.4384158253669739;-0.46555230021476746;0.7687480449676514;[];
100.53125;MPIB2;52.04631753110841;20.313419837512583;-0.8616958260536194;-0.4399081766605377;0.25275567173957825;[];
100.53125;MPIB1;16.69999998807907;35.709018996017505;0.8237577676773071;-0.5663641095161438;0.023778613656759262;[];
100.53125;MPIB4;51.151796515346405;59.26290593064405;0.8531772494316101;-0.44926875829696655;0.26489466428756714;[];
100.53125;MPIB3;48.21457610591551;35.91435605131852;-0.3360394239425659;-0.4977288246154785;0.7995377779006958;[];
100.59375;MPIB2;52.04631753110841;20.313419837512583;-0.863523542881012;-0.44926875829696655;0.22892722487449646;[];
100.59375;MPIB1;16.69999998807907;35.709018996017505;0.8236209154129028;-0.5663641095161438;0.028121983632445335;[];
100.59375;MPIB4;51.151796515346405;59.26290593064405;0.8531772494316101;-0.44926875829696655;0.26489466428756714;[];
100.59375;MPIB3;48.21457610591551;35.91435605131852;-0.2897883951663971;-0.5067653059959412;0.8118668794631958;[];
100.625;MPIB2;52.04631753110841;20.313419837512583;-0.860126256942749;-0.45858025550842285;0.22317904233932495;[];
100.625;MPIB1;16.69999998807907;35.709018996017505;0.8236209154129028;-0.5663641095161438;0.028121983632445335;[];
100.625;MPIB4;51.151796515346405;59.26290593064405;0.8531772494316101;-0.44926875829696655;0.26489466428756714;[];
100.625;MPIB3;48.18874951711132;35.93469197963762;-0.2855813503265381;-0.5067653059959412;0.8133562803268433;[];
100.6875;MPIB2;52.04631753110841;20.313419837512583;-0.8583095669746399;-0.46555230021476746;0.2156076282262802;[];
100.6875;MPIB1;16.69999998807907;35.709018996017505;0.8236209154129028;-0.5663641095161438;0.028121983632445335;[];
100.6875;MPIB4;51.151796515346405;59.26290593064405;0.8531772494316101;-0.44926875829696655;0.26489466428756714;[];
100.6875;MPIB3;48.18874951711132;35.93469197963762;-0.2855813503265381;-0.5067653059959412;0.8133562803268433;[];
100.75;MPIB2;52.04631753110841;20.313419837512583;-0.8582175374031067;-0.46792641282081604;0.2107798308134079;[];
100.75;MPIB1;16.69999998807907;35.709018996017505;0.8236209154129028;-0.5663641095161438;0.028121983632445335;[];
100.75;MPIB4;51.151796515346405;59.26290593064405;0.8531772494316101;-0.44926875829696655;0.26489466428756714;[];
100.75;MPIB3;48.18874951711132;35.93469197963762;-0.2855813503265381;-0.5067653059959412;0.8133562803268433;[];
100.78125;MPIB2;52.04631753110841;20.313419837512583;-0.8581361770629883;-0.47021257877349854;0.20596805214881897;[];
100.78125;MPIB1;16.69999998807907;35.709018996017505;0.8236209154129028;-0.5663641095161438;0.028121983632445335;[];
100.78125;MPIB4;51.151796515346405;59.26290593064405;0.8531772494316101;-0.44926875829696655;0.26489466428756714;[];
100.78125;MPIB3;48.18874951711132;35.93469197963762;-0.2855813503265381;-0.5067653059959412;0.8133562803268433;[];
100.84375;MPIB2;52.04631753110841;20.313419837512583;-0.8586664795875549;-0.47021257877349854;0.2037460058927536;[];
100.84375;MPIB1;16.69999998807907;35.709018996017505;0.8236209154129028;-0.5663641095161438;0.028121983632445335;[];
100.84375;MPIB4;51.151796515346405;59.26290593064405;0.8531772494316101;-0.44926875829696655;0.26489466428756714;[];
100.84375;MPIB3;48.18874951711132;35.93469197963762;-0.2855813503265381;-0.5067653059959412;0.8133562803268433;[];
100.875;MPIB2;52.04631753110841;20.313419837512583;-0.8586664795875549;-0.47021257877349854;0.2037460058927536;[];
100.875;MPIB1;16.69999998807907;35.709018996017505;0.8236209154129028;-0.5663641095161438;0.028121983632445335;[];
100.875;MPIB4;51.151796515346405;59.26290593064405;0.8531772494316101;-0.44926875829696655;0.26489466428756714;[];
100.875;MPIB3;48.18874951711132;35.93469197963762;-0.2855813503265381;-0.5067653059959412;0.8133562803268433;[];
100.9375;MPIB2;52.04631753110841;20.313419837512583;-0.8615440130233765;-0.47249555587768555;0.1854993999004364;[];
100.9375;MPIB1;16.69999998807907;35.709018996017505;0.8236209154129028;-0.5663641095161438;0.028121983632445335;[];
100.9375;MPIB4;51.151796515346405;59.26290593064405;0.8531772494316101;-0.44926875829696655;0.26489466428756714;[];
100.9375;MPIB3;48.18874951711132;35.93469197963762;-0.2855813503265381;-0.5067653059959412;0.8133562803268433;[];
101.0;MPIB2;52.04631753110841;20.313419837512583;-0.8665376901626587;-0.47249555587768555;0.1605631709098816;[];
101.0;MPIB1;16.69999998807907;35.709018996017505;0.8236209154129028;-0.5663641095161438;0.028121983632445335;[];
101.0;MPIB4;51.151796515346405;59.26290593064405;0.8531772494316101;-0.44926875829696655;0.26489466428756714;[];
101.0;MPIB3;48.18874951711132;35.93469197963762;-0.2855813503265381;-0.5067653059959412;0.8133562803268433;[];
101.03125;MPIB2;52.04631753110841;20.313419837512583;-0.8704429268836975;-0.47249555587768555;0.13783039152622223;[];
101.03125;MPIB1;16.69999998807907;35.709018996017505;0.8236209154129028;-0.5663641095161438;0.028121983632445335;[];
101.03125;MPIB4;51.151796515346405;59.26290593064405;0.8531772494316101;-0.44926875829696655;0.26489466428756714;[];
101.03125;MPIB3;48.18874951711132;35.93469197963762;-0.2855813503265381;-0.5067653059959412;0.8133562803268433;[];
101.09375;MPIB2;52.04631753110841;20.313419837512583;-0.8727403283119202;-0.4794096350669861;0.09170614928007126;[];
101.09375;MPIB1;16.69999998807907;35.709018996017505;0.8236209154129028;-0.5663641095161438;0.028121983632445335;[];
101.09375;MPIB4;51.151796515346405;59.26290593064405;0.8531772494316101;-0.44926875829696655;0.26489466428756714;[];
101.09375;MPIB3;48.18874951711132;35.93469197963762;-0.2855813503265381;-0.5067653059959412;0.8133562803268433;[];
101.125;MPIB2;52.04631753110841;20.313419837512583;-0.8688212633132935;-0.49314841628074646;0.04326695576310158;[];
101.125;MPIB1;16.69999998807907;35.709018996017505;0.8236209154129028;-0.5663641095161438;0.028121983632445335;[];
101.125;MPIB4;51.151796515346405;59.26290593064405;0.8531772494316101;-0.44926875829696655;0.26489466428756714;[];
101.125;MPIB3;48.18874951711132;35.93469197963762;-0.2855813503265381;-0.5067653059959412;0.8133562803268433;[];
101.1875;MPIB2;52.04631753110841;20.313419837512583;-0.8678559064865112;-0.49539870023727417;0.03638172149658203;[];
101.1875;MPIB1;16.69999998807907;35.709018996017505;0.8236209154129028;-0.5663641095161438;0.028121983632445335;[];
101.1875;MPIB4;51.151796515346405;59.26290593064405;0.8531772494316101;-0.44926875829696655;0.26489466428756714;[];
101.1875;MPIB3;48.18874951711132;35.93469197963762;-0.2855813503265381;-0.5067653059959412;0.8133562803268433;[];
101.25;MPIB2;52.04631753110841;20.313419837512583;-0.8680357336997986;-0.49539870023727417;0.03180498257279396;[];
101.25;MPIB1;16.69999998807907;35.709018996017505;0.8236209154129028;-0.5663641095161438;0.028121983632445335;[];
101.25;MPIB4;51.151796515346405;59.26290593064405;0.8531772494316101;-0.44926875829696655;0.26489466428756714;[];
101.25;MPIB3;48.18874951711132;35.93469197963762;-0.2855813503265381;-0.5067653059959412;0.8133562803268433;[];
101.28125;MPIB2;52.04631753110841;20.313419837512583;-0.8681151866912842;-0.49539870023727417;0.029557883739471436;[];
101.28125;MPIB1;16.69999998807907;35.709018996017505;0.8236209154129028;-0.5663641095161438;0.028121983632445335;[];
101.28125;MPIB4;51.151796515346405;59.26290593064405;0.8531772494316101;-0.44926875829696655;0.26489466428756714;[];
101.28125;MPIB3;48.18874951711132;35.93469197963762;-0.2855813503265381;-0.5067653059959412;0.8133562803268433;[];
101.34375;MPIB2;52.04631753110841;20.313419837512583;-0.8681151866912842;-0.49539870023727417;0.029557883739471436;[];
101.34375;MPIB1;16.69999998807907;35.709018996017505;0.8236209154129028;-0.5663641095161438;0.028121983632445335;[];
101.34375;MPIB4;51.151796515346405;59.26290593064405;0.8531772494316101;-0.44926875829696655;0.26489466428756714;[];
101.34375;MPIB3;48.18874951711132;35.93469197963762;-0.2855813503265381;-0.5067653059959412;0.8133562803268433;[];
101.375;MPIB2;52.04631753110841;20.313419837512583;-0.8681151866912842;-0.49539870023727417;0.029557883739471436;[];
101.375;MPIB1;16.69999998807907;35.709018996017505;0.8236209154129028;-0.5663641095161438;0.028121983632445335;[];
101.375;MPIB4;51.151796515346405;59.26290593064405;0.8531772494316101;-0.44926875829696655;0.26489466428756714;[];
101.375;MPIB3;48.18874951711132;35.93469197963762;-0.2855813503265381;-0.5067653059959412;0.8133562803268433;[];
101.4375;MPIB2;52.04631753110841;20.313419837512583;-0.8681151866912842;-0.49539870023727417;0.029557883739471436;[];
101.4375;MPIB1;16.69999998807907;35.709018996017505;0.8236209154129028;-0.5663641095161438;0.028121983632445335;[];
101.4375;MPIB4;51.151796515346405;59.26290593064405;0.8531772494316101;-0.44926875829696655;0.26489466428756714;[];
101.4375;MPIB3;48.18874951711132;35.93469197963762;-0.2855813503265381;-0.5067653059959412;0.8133562803268433;[];
101.5;MPIB2;52.04631753110841;20.313419837512583;-0.8681151866912842;-0.49539870023727417;0.029557883739471436;[];
101.5;MPIB1;16.69999998807907;35.709018996017505;0.8236209154129028;-0.5663641095161438;0.028121983632445335;[];
101.5;MPIB4;51.151796515346405;59.26290593064405;0.8531772494316101;-0.44926875829696655;0.26489466428756714;[];
101.5;MPIB3;48.18874951711132;35.93469197963762;-0.28347495198249817;-0.5067653059959412;0.814092755317688;[];
101.53125;MPIB2;52.04631753110841;20.313419837512583;-0.8681151866912842;-0.49539870023727417;0.029557883739471436;[];
101.53125;MPIB1;16.69999998807907;35.709018996017505;0.8236209154129028;-0.5663641095161438;0.028121983632445335;[];
101.53125;MPIB4;51.151796515346405;59.26290593064405;0.8531772494316101;-0.44926875829696655;0.26489466428756714;[];
101.53125;MPIB3;48.18874951711132;35.93469197963762;-0.28347495198249817;-0.5067653059959412;0.814092755317688;[];
101.59375;MPIB2;52.04631753110841;20.313419837512583;-0.8681151866912842;-0.49539870023727417;0.029557883739471436;[];
101.59375;MPIB1;16.69999998807907;35.709018996017505;0.8236209154129028;-0.5663641095161438;0.028121983632445335;[];
101.59375;MPIB4;51.151796515346405;59.26290593064405;0.8531772494316101;-0.44926875829696655;0.26489466428756714;[];
101.59375;MPIB3;48.18874951711132;35.93469197963762;-0.28258001804351807;-0.49997231364250183;0.8185921907424927;[];
101.625;MPIB2;52.04631753110841;20.313419837512583;-0.8681151866912842;-0.49539870023727417;0.029557883739471436;[];
101.625;MPIB1;16.69999998807907;35.709018996017505;0.8236209154129028;-0.5663641095161438;0.028121983632445335;[];
101.625;MPIB4;51.151796515346405;59.26290593064405;0.8531772494316101;-0.44926875829696655;0.26489466428756714;[];
101.625;MPIB3;48.18874951711132;35.93469197963762;-0.2812345623970032;-0.48403051495552063;0.8285773396492004;[];
101.6875;MPIB2;52.04631753110841;20.313419837512583;-0.8681151866912842;-0.49539870023727417;0.029557883739471436;[];
101.6875;MPIB1;16.69999998807907;35.709018996017505;0.8236209154129028;-0.5663641095161438;0.028121983632445335;[];
101.6875;MPIB4;51.151796515346405;59.26290593064405;0.8531772494316101;-0.44926875829696655;0.26489466428756714;[];
101.6875;MPIB3;48.18874951711132;35.93469197963762;-0.27923572063446045;-0.47021257877349854;0.8371666669845581;[];
101.75;MPIB2;52.04631753110841;20.313419837512583;-0.8681151866912842;-0.49539870023727417;0.029557883739471436;[];
101.75;MPIB1;16.69999998807907;35.709018996017505;0.8236209154129028;-0.5663641095161438;0.028121983632445335;[];
101.75;MPIB4;51.151796515346405;59.26290593064405;0.8531772494316101;-0.44926875829696655;0.26489466428756714;[];
101.75;MPIB3;48.18874951711132;35.93469197963762;-0.2778424024581909;-0.46555230021476746;0.8402295112609863;[];
101.78125;MPIB2;51.948374292194394;20.31675464264913;-0.8681151866912842;-0.49539870023727417;0.029557883739471436;[];
101.78125;MPIB1;16.69999998807907;35.709018996017505;0.8236209154129028;-0.5663641095161438;0.028121983632445335;[];
101.78125;MPIB4;51.151796515346405;59.26290593064405;0.8531772494316101;-0.44926875829696655;0.26489466428756714;[];
101.78125;MPIB3;48.18874951711132;35.93469197963762;-0.2778424024581909;-0.46555230021476746;0.8402295112609863;[];
101.84375;MPIB2;51.796945440651825;20.319826510975645;-0.8681913614273071;-0.49539870023727417;0.027227357029914856;[];
101.84375;MPIB1;16.69999998807907;35.709018996017505;0.8236209154129028;-0.5663641095161438;0.028121983632445335;[];
101.84375;MPIB4;51.151796515346405;59.26290593064405;0.8531772494316101;-0.44926875829696655;0.26489466428756714;[];
101.84375;MPIB3;48.18874951711132;35.93469197963762;-0.2778424024581909;-0.46555230021476746;0.8402295112609863;[];
101.875;MPIB2;51.61628171664986;20.321620976327495;-0.8736020922660828;-0.48629406094551086;0.015999099239706993;[];
101.875;MPIB1;16.69999998807907;35.709018996017505;0.8236209154129028;-0.5663641095161438;0.028121983632445335;[];
101.875;MPIB4;51.151796515346405;59.26290593064405;0.8531772494316101;-0.44926875829696655;0.26489466428756714;[];
101.875;MPIB3;48.18874951711132;35.93469197963762;-0.2778424024581909;-0.46555230021476746;0.8402295112609863;[];
101.9375;MPIB2;51.41965143654484;20.323161796325394;-0.8823990225791931;-0.47021257877349854;0.013875369913876057;[];
101.9375;MPIB1;16.69999998807907;35.709018996017505;0.8236209154129028;-0.5663641095161438;0.028121983632445335;[];
101.9375;MPIB4;51.151796515346405;59.26290593064405;0.8531772494316101;-0.44926875829696655;0.26489466428756714;[];
101.9375;MPIB3;48.18874951711132;35.93469197963762;-0.2778424024581909;-0.46555230021476746;0.8402295112609863;[];
102.0;MPIB2;51.214296650667784;20.32418590156226;-0.8921387195587158;-0.45157986879348755;0.009323406964540482;[];
102.0;MPIB1;16.69999998807907;35.709018996017505;0.8236209154129028;-0.5663641095161438;0.028121983632445335;[];
102.0;MPIB4;51.151796515346405;59.26290593064405;0.8531772494316101;-0.44926875829696655;0.26489466428756714;[];
102.0;MPIB3;48.18874951711132;35.93469197963762;-0.2778424024581909;-0.46555230021476746;0.8402295112609863;[];
102.03125;MPIB2;51.004178284085896;20.325210006799125;-0.8979515433311462;-0.4399081766605377;0.009384154342114925;[];
102.03125;MPIB1;16.69999998807907;35.709018996017505;0.8236209154129028;-0.5663641095161438;0.028121983632445335;[];
102.03125;MPIB4;51.151796515346405;59.26290593064405;0.8531772494316101;-0.44926875829696655;0.26489466428756714;[];
102.03125;MPIB3;48.18874951711132;35.93469197963762;-0.2778424024581909;-0.46555230021476746;0.8402295112609863;[];
102.09375;MPIB2;50.79145900213707;20.32623411203599;-0.9069907069206238;-0.42095696926116943;0.009478619322180748;[];
102.09375;MPIB1;16.69999998807907;35.709018996017505;0.8236209154129028;-0.5663641095161438;0.028121983632445335;[];
102.09375;MPIB4;51.151796515346405;59.26290593064405;0.8531772494316101;-0.44926875829696655;0.26489466428756714;[];
102.09375;MPIB3;48.18874951711132;35.93469197963762;-0.2778424024581909;-0.46555230021476746;0.8402295112609863;[];
102.125;MPIB2;50.57731729565179;20.327004545841874;-0.9113625288009644;-0.4114549458026886;0.007164962124079466;[];
102.125;MPIB1;16.69999998807907;35.709018996017505;0.8236209154129028;-0.5663641095161438;0.028121983632445335;[];
102.125;MPIB4;51.151796515346405;59.26290593064405;0.8531772494316101;-0.44926875829696655;0.26489466428756714;[];
102.125;MPIB3;48.18874951711132;35.93469197963762;-0.2778424024581909;-0.46555230021476746;0.8402295112609863;[];
102.1875;MPIB2;50.3623989452794;20.327774979647756;-0.914569616317749;-0.404276967048645;0.007190175354480743;[];
102.1875;MPIB1;16.69999998807907;35.709018996017505;0.8236209154129028;-0.5663641095161438;0.028121983632445335;[];
102.1875;MPIB4;51.151796515346405;59.26290593064405;0.8531772494316101;-0.44926875829696655;0.26489466428756714;[];
102.1875;MPIB3;48.18874951711132;35.93469197963762;-0.2778424024581909;-0.46555230021476746;0.8402295112609863;[];
102.25;MPIB2;50.1470565472954;20.32854541345364;-0.9166507720947266;-0.3995363116264343;0.0072065372951328754;[];
102.25;MPIB1;16.703353573568165;35.611076405304004;0.8236209154129028;-0.5663641095161438;0.028121983632445335;[];
102.25;MPIB4;51.151796515346405;59.26290593064405;0.8531772494316101;-0.44926875829696655;0.26489466428756714;[];
102.25;MPIB3;48.18874951711132;35.93469197963762;-0.2778424024581909;-0.46555230021476746;0.8402295112609863;[];
102.28125;MPIB2;49.931482619288566;20.329315847259522;-0.9197640419006348;-0.39231711626052856;0.0072310129180550575;[];
102.28125;MPIB1;16.70670715905726;35.45965715384949;0.8236209154129028;-0.5663641095161438;0.028121983632445335;[];
102.28125;MPIB4;51.151796515346405;59.26290593064405;0.8531772494316101;-0.44926875829696655;0.26489466428756714;[];
102.28125;MPIB3;48.18874951711132;35.93469197963762;-0.2778424024581909;-0.46555230021476746;0.8402295112609863;[];
102.34375;MPIB2;49.71578227587458;20.330086281065405;-0.9228203892707825;-0.3850736916065216;0.007255041506141424;[];
102.34375;MPIB1;16.710060744546354;35.2790396422389;0.8236209154129028;-0.5663641095161438;0.028121983632445335;[];
102.34375;MPIB4;51.151796515346405;59.26290593064405;0.8531772494316101;-0.44926875829696655;0.26489466428756714;[];
102.34375;MPIB3;48.18874951711132;35.93469197963762;-0.2778424024581909;-0.46555230021476746;0.8402295112609863;[];
102.375;MPIB2;49.500012909640276;20.330856714871288;-0.9267948865890503;-0.37540847063064575;0.007286288309842348;[];
102.375;MPIB1;16.7831497406587;35.112172953255794;0.8236209154129028;-0.5663641095161438;0.028121983632445335;[];
102.375;MPIB4;51.151796515346405;59.26290593064405;0.8531772494316101;-0.44926875829696655;0.26489466428756714;[];
102.375;MPIB3;48.18874951711132;35.93469197963762;-0.2778424024581909;-0.46555230021476746;0.8402295112609863;[];
102.4375;MPIB2;49.28420818152284;20.331880820108154;-0.9277774691581726;-0.3729189932346344;0.009695854038000107;[];
102.4375;MPIB1;16.892474178903853;34.94908345527472;0.8427590131759644;-0.5379912257194519;-0.015272616408765316;[];
102.4375;MPIB4;51.151796515346405;59.26290593064405;0.8531772494316101;-0.44926875829696655;0.26489466428756714;[];
102.4375;MPIB3;48.18874951711132;35.93469197963762;-0.2778424024581909;-0.46555230021476746;0.8402295112609863;[];
102.5;MPIB2;49.06838712604722;20.333158589791083;-0.9287117123603821;-0.3705158829689026;0.012110006995499134;[];
102.5;MPIB1;17.009463609417708;34.77807985719173;0.8665657043457031;-0.47477537393569946;-0.15344884991645813;[];
102.5;MPIB4;51.151796515346405;59.26290593064405;0.8531772494316101;-0.44926875829696655;0.26489466428756714;[];
102.5;MPIB3;48.18874951711132;35.93469197963762;-0.2778424024581909;-0.46555230021476746;0.8402295112609863;[];
102.53125;MPIB2;48.8525652546141;20.334953055142932;-0.9295909404754639;-0.3681102991104126;0.01702447608113289;[];
102.53125;MPIB1;17.11016869908758;34.591740743137336;0.8497312068939209;-0.3778064548969269;-0.3675488233566284;[];
102.53125;MPIB4;51.151796515346405;59.26290593064405;0.8531772494316101;-0.44926875829696655;0.26489466428756714;[];
102.53125;MPIB3;48.18874951711132;35.93469197963762;-0.2778424024581909;-0.46555230021476746;0.8402295112609863;[];
102.59375;MPIB2;48.63674293766813;20.336747520494782;-0.9295909404754639;-0.3681102991104126;0.01702447608113289;[];
102.59375;MPIB1;17.189023657110056;34.3928902572666;0.8135318160057068;-0.30894404649734497;-0.49253055453300476;[];
102.59375;MPIB4;51.151796515346405;59.26290593064405;0.8531772494316101;-0.44926875829696655;0.26489466428756714;[];
102.59375;MPIB3;48.18874951711132;35.93469197963762;-0.2778424024581909;-0.46555230021476746;0.8402295112609863;[];
102.625;MPIB2;48.42092037747212;20.338541985846632;-0.9295909404754639;-0.3681102991104126;0.01702447608113289;[];
102.625;MPIB1;17.254932346586656;34.186964406064504;0.8130136728286743;-0.29147714376449585;-0.5039025545120239;[];
102.625;MPIB4;51.151796515346405;59.26290593064405;0.8531772494316101;-0.44926875829696655;0.26489466428756714;[];
102.625;MPIB3;48.18874951711132;35.93469197963762;-0.2778424024581909;-0.46555230021476746;0.8402295112609863;[];
102.6875;MPIB2;48.20510828663776;20.340843703954988;-0.929490327835083;-0.3681102991104126;0.021836889907717705;[];
102.6875;MPIB1;17.374217938346533;34.02290329120234;0.8130136728286743;-0.29147714376449585;-0.5039025545120239;[];
102.6875;MPIB4;51.151796515346405;59.26290593064405;0.8736662268638611;-0.45157986879348755;0.18084721267223358;[];
102.6875;MPIB3;48.18874951711132;35.93469197963762;-0.2778424024581909;-0.46555230021476746;0.8402295112609863;[];
102.75;MPIB2;47.98932303447152;20.343915572281503;-0.9263680577278137;-0.37540847063064575;0.02905183658003807;[];
102.75;MPIB1;17.52264732213814;33.8817003250368;0.8130136728286743;-0.29147714376449585;-0.5039025545120239;[];
102.75;MPIB4;51.151796515346405;59.26290593064405;0.882952868938446;-0.45157986879348755;-0.12794893980026245;[];
102.75;MPIB3;48.18874951711132;35.93469197963762;-0.2778424024581909;-0.46555230021476746;0.8402295112609863;[];
102.78125;MPIB2;47.7735902851692;20.348020261976444;-0.9179672598838806;-0.3946968615055084;0.038482457399368286;[];
102.78125;MPIB1;17.68698921822738;33.75297790950927;0.8130136728286743;-0.29147714376449585;-0.5039025545120239;[];
102.78125;MPIB4;51.151796515346405;59.26290593064405;0.7148241996765137;-0.45157986879348755;-0.5338085293769836;[];
102.78125;MPIB3;48.18874951711132;35.93469197963762;-0.2778424024581909;-0.46555230021476746;0.8402295112609863;[];
102.84375;MPIB2;47.58166003654322;20.28091411188575;-0.911323606967926;-0.4090942442417145;0.04538355767726898;[];
102.84375;MPIB1;17.860019347040293;33.63106987542159;0.8130136728286743;-0.29147714376449585;-0.5039025545120239;[];
102.84375;MPIB4;51.151796515346405;59.26290593064405;0.6834990382194519;-0.4539734125137329;-0.5714759230613708;[];
102.84375;MPIB3;48.18874951711132;35.93469197963762;-0.2778424024581909;-0.46555230021476746;0.8402295112609863;[];
102.875;MPIB2;47.40150961026071;20.178536827707546;-0.899344265460968;-0.43283456563949585;0.061313446611166;[];
102.875;MPIB1;18.03779325147127;33.512882494032254;0.8130136728286743;-0.29147714376449585;-0.5039025545120239;[];
102.875;MPIB4;51.151796515346405;59.26290593064405;0.6429259777069092;-0.45858025550842285;-0.6133487224578857;[];
102.875;MPIB3;48.18874951711132;35.93469197963762;-0.2778424024581909;-0.46555230021476746;0.8402295112609863;[];
102.9375;MPIB2;47.22659989555884;20.05829236901596;-0.8888607621192932;-0.45157986879348755;0.07697338610887527;[];
102.9375;MPIB1;18.218157257690677;33.396726589252154;0.8130136728286743;-0.29147714376449585;-0.5039025545120239;[];
102.9375;MPIB4;51.220001633525726;59.192535047894495;0.6175255179405212;-0.460964173078537;-0.6371973156929016;[];
102.9375;MPIB3;48.18874951711132;35.93469197963762;-0.2778424024581909;-0.46555230021476746;0.8402295112609863;[];
103.0;MPIB2;47.0520879187758;19.93134273685621;-0.8718617558479309;-0.4771362841129303;0.11008060723543167;[];
103.0;MPIB1;18.399935459650692;33.28167987082955;0.8130136728286743;-0.29147714376449585;-0.5039025545120239;[];
103.0;MPIB4;51.32338786456489;59.081802972926;0.6013087034225464;-0.4539734125137329;-0.6574059724807739;[];
103.0;MPIB3;48.18874951711132;35.93469197963762;-0.2778424024581909;-0.46555230021476746;0.8402295112609863;[];
103.03125;MPIB2;46.87351388830755;19.80668663572473;-0.8450335264205933;-0.5067653059959412;0.17036278545856476;[];
103.03125;MPIB1;18.582485812574873;33.16723876822846;0.8130136728286743;-0.29147714376449585;-0.5039025545120239;[];
103.03125;MPIB4;51.379836753269046;59.02134325297064;0.6013087034225464;-0.4539734125137329;-0.6574059724807739;[];
103.03125;MPIB3;48.18874951711132;35.93469197963762;-0.2778424024581909;-0.46555230021476746;0.8402295112609863;[];
103.09375;MPIB2;46.688382363249154;19.69044803349081;-0.8161014318466187;-0.526954710483551;0.23708920180797577;[];
103.09375;MPIB1;18.765457759974424;33.05312833190433;0.8130136728286743;-0.29147714376449585;-0.5039025545120239;[];
103.09375;MPIB4;51.41065785008141;58.98833224204071;0.6013087034225464;-0.4539734125137329;-0.6574059724807739;[];
103.09375;MPIB3;48.18874951711132;35.93469197963762;-0.295742928981781;-0.4632597863674164;0.8353728652000427;[];
103.125;MPIB2;46.496596529889466;19.58487735978082;-0.7915640473365784;-0.5379912257194519;0.28966328501701355;[];
103.125;MPIB1;18.94865989798427;32.939198439388406;0.8130136728286743;-0.29147714376449585;-0.5039025545120239;[];
103.125;MPIB4;51.41065785008141;58.98833224204071;0.6013087034225464;-0.4539734125137329;-0.6574059724807739;[];
103.125;MPIB3;48.18874951711132;35.93469197963762;-0.4884420335292816;-0.4632597863674164;0.7394160628318787;[];
103.1875;MPIB2;46.29806432298097;19.492618669054252;-0.7603448033332825;-0.5467707514762878;0.35047075152397156;[];
103.1875;MPIB1;19.028427574137595;32.77906672002942;0.5264806151390076;-0.2839479446411133;-0.8012856245040894;[];
103.1875;MPIB4;51.43667443512754;58.96046711515888;0.6013087034225464;-0.4539734125137329;-0.6574059724807739;[];
103.1875;MPIB3;48.18874951711132;35.93469197963762;-0.7030351758003235;-0.4632597863674164;0.5394935011863708;[];
103.25;MPIB2;46.093141315468365;19.41611048006493;-0.7186098694801331;-0.5598674416542053;0.4123825132846832;[];
103.25;MPIB1;18.999635406515495;32.62259746542372;-0.022427653893828392;-0.2839479446411133;-0.9585501551628113;[];
103.25;MPIB4;51.43667443512754;58.96046711515888;0.6013087034225464;-0.4539734125137329;-0.6574059724807739;[];
103.25;MPIB3;48.100974063186186;35.97827486236977;-0.7937213778495789;-0.4632597863674164;0.39410409331321716;[];
103.28125;MPIB2;45.88327906233762;19.35431107272592;-0.6876195073127747;-0.5663641095161438;0.45422637462615967;[];
103.28125;MPIB1;18.89566859525246;32.490127074770754;-0.27959731221199036;-0.28146493434906006;-0.9179058074951172;[];
103.28125;MPIB4;51.43667443512754;58.96046711515888;0.46173086762428284;-0.4375820457935333;-0.771480917930603;[];
103.28125;MPIB3;47.9610203622924;36.03575776443452;-0.8321783542633057;-0.4632597863674164;0.3046160340309143;[];
103.34375;MPIB2;45.66988468874483;19.305184659660057;-0.6630157232284546;-0.5707020163536072;0.48437532782554626;[];
103.34375;MPIB1;18.749575977848735;32.37284566913158;-0.3015405833721161;-0.276401162147522;-0.912482738494873;[];
103.34375;MPIB4;51.43667443512754;58.96046711515888;0.33967238664627075;-0.42573419213294983;-0.8385968208312988;[];
103.34375;MPIB3;47.79014807344106;36.093254111518604;-0.8494316339492798;-0.47249555587768555;0.2348063737154007;[];
103.375;MPIB2;45.45355256621158;19.27234440083413;-0.611114501953125;-0.5771399736404419;0.541625440120697;[];
103.375;MPIB1;18.58036231839219;32.2640974073972;-0.303989052772522;-0.276401162147522;-0.9116699695587158;[];
103.375;MPIB4;51.43667443512754;58.96046711515888;0.2235272228717804;-0.4186075031757355;-0.8801662921905518;[];
103.375;MPIB3;47.60089002843688;36.14453020944043;-0.8543404936790466;-0.48855432868003845;0.1770176738500595;[];
103.4375;MPIB2;45.235512102090425;19.258333852172257;-0.5543363094329834;-0.5771399736404419;0.5996084213256836;[];
103.4375;MPIB1;18.398524568508492;32.160008242776;-0.303989052772522;-0.276401162147522;-0.9116699695587158;[];
103.4375;MPIB4;51.43667443512754;58.96046711515888;0.1473684012889862;-0.4090942442417145;-0.9004595875740051;[];
103.4375;MPIB3;47.39978273421161;36.17920208353206;-0.8613877892494202;-0.5044492483139038;0.05880870670080185;[];
103.5;MPIB2;45.01777641734051;19.266844345149707;-0.47651469707489014;-0.5771399736404419;0.6631385684013367;[];
103.5;MPIB1;18.30000001192093;32.058462945474076;-0.303989052772522;-0.276401162147522;-0.9116699695587158;[];
103.5;MPIB4;51.43667443512754;58.96046711515888;0.11469760537147522;-0.4019079804420471;-0.9084183573722839;[];
103.5;MPIB3;46.98060371311294;36.21170137327272;-0.8632875084877014;-0.5044492483139038;-0.013492063619196415;[];
103.53125;MPIB2;44.80462900957682;19.304872961635397;-0.35792437195777893;-0.5555702447891235;0.7504287958145142;[];
103.53125;MPIB1;18.30000001192093;31.910051279251377;-0.3042144179344177;-0.2739124894142151;-0.9123458862304688;[];
103.53125;MPIB4;51.44964058397045;58.857416814913734;0.07435628771781921;-0.39707398414611816;-0.9147242307662964;[];
103.53125;MPIB3;46.98060371311294;36.21170137327272;-0.8632875084877014;-0.5044492483139038;-0.013492063619196415;[];
103.59375;MPIB2;44.592499762309004;19.304760959610718;-0.18103067576885223;-0.526954710483551;0.8303377628326416;[];
103.59375;MPIB1;18.30000001192093;31.735888410739022;-0.29939937591552734;-0.2739124894142151;-0.9139372706413269;[];
103.59375;MPIB4;51.45988720366199;58.70626329171128;0.055284786969423294;-0.3946968615055084;-0.9171034097671509;[];
103.59375;MPIB3;46.77050445754594;36.19206916568234;-0.8500886559486389;-0.47477537393569946;-0.22772231698036194;[];
103.625;MPIB2;44.3788255458221;19.299370588880407;-0.04727024957537651;-0.5112216472625732;0.8580988645553589;[];
103.625;MPIB1;18.30000001192093;31.547197212010417;-0.28499284386634827;-0.2739124894142151;-0.9185317158699036;[];
103.625;MPIB4;51.47010279536266;58.5258424704644;0.043234407901763916;-0.3946968615055084;-0.9177516102790833;[];
103.625;MPIB3;46.576052915238506;36.12437668939458;-0.7160587906837463;-0.47477537393569946;-0.5116326808929443;[];
103.6875;MPIB2;44.26215941006918;19.299370588880407;0.031613655388355255;-0.5044492483139038;0.8628140091896057;[];
103.6875;MPIB1;18.27515039779246;31.3493746785891;-0.24404209852218628;-0.27142199873924255;-0.93097984790802;[];
103.6875;MPIB4;51.47363241059679;58.32935410615306;-0.01920141652226448;-0.3946968615055084;-0.9185729026794434;[];
103.6875;MPIB3;46.39307744722623;36.02654784551609;-0.6897249817848206;-0.47477537393569946;-0.5466147065162659;[];
103.75;MPIB2;44.19845969254919;19.299370588880407;0.09697485715150833;-0.5044492483139038;0.8579295873641968;[];
103.75;MPIB1;18.247537588782507;31.144375220092883;-0.1383344680070877;-0.2612568736076355;-0.955280065536499;[];
103.75;MPIB4;51.45729487990934;58.12544286281022;-0.15084001421928406;-0.42573419213294983;-0.8921456336975098;[];
103.75;MPIB3;46.293172830087315;35.97313329055419;-0.6897249817848206;-0.47477537393569946;-0.5466147065162659;[];
103.78125;MPIB2;44.16367964274349;19.299370588880407;0.1820070743560791;-0.5022124648094177;0.8453240394592285;[];
103.78125;MPIB1;18.226067112728515;30.934654315287844;-0.06327775865793228;-0.24353814125061035;-0.9678015112876892;[];
103.78125;MPIB4;51.4272511685333;57.918410921337966;-0.19280807673931122;-0.446954607963562;-0.8734872341156006;[];
103.78125;MPIB3;46.23862490279362;35.943968940157475;-0.6897249817848206;-0.47477537393569946;-0.5466147065162659;[];
103.84375;MPIB2;44.16367964274349;19.299370588880407;0.2194192260503769;-0.5022124648094177;0.8363937735557556;[];
103.84375;MPIB1;18.283006085112447;30.747444920876944;-0.027811739593744278;-0.22825877368450165;-0.9731813073158264;[];
103.84375;MPIB4;51.38772853978003;57.710137431718664;-0.20990736782550812;-0.45627835392951965;-0.864679753780365;[];
103.84375;MPIB3;46.20884173103195;35.928045202991285;-0.6925976872444153;-0.47477537393569946;-0.5429701209068298;[];
103.875;MPIB2;44.16367964274349;19.299370588880407;0.2520391345024109;-0.5022124648094177;0.8271490335464478;[];
103.875;MPIB1;18.38275662131616;30.572526812568924;-0.027894427999854088;-0.21554511785507202;-0.9760746955871582;[];
103.875;MPIB4;51.342528570917466;57.50130928933541;-0.21388094127178192;-0.460964173078537;-0.8612134456634521;[];
103.875;MPIB3;46.20884173103195;35.928045202991285;-0.6925976872444153;-0.47477537393569946;-0.5429701209068298;[];
103.9375;MPIB2;44.1286600444616;19.299370588880407;0.2822350561618805;-0.5022124648094177;0.8173388242721558;[];
103.9375;MPIB1;18.5009778772486;30.399982667429555;-0.09238413721323013;-0.17964565753936768;-0.9793665409088135;[];
103.9375;MPIB4;51.29372757902638;57.29230418406706;-0.2184191793203354;-0.460964173078537;-0.8600736856460571;[];
103.9375;MPIB3;46.20884173103195;35.928045202991285;-0.7017817497253418;-0.4794096350669861;-0.5268663763999939;[];
104.0;MPIB2;44.1286600444616;19.299370588880407;0.31830352544784546;-0.5022124648094177;0.8039789795875549;[];
104.0;MPIB1;18.623467516305254;30.224269819248235;-0.1648256629705429;-0.1460665911436081;-0.9754328727722168;[];
104.0;MPIB4;51.24271463181685;57.08326521329258;-0.22064483165740967;-0.460964173078537;-0.8595054149627686;[];
104.0;MPIB3;46.178853426918295;35.91460371955685;-0.7119864821434021;-0.49539870023727417;-0.4975668489933014;[];
104.03125;MPIB2;44.1286600444616;19.299370588880407;0.3412928283214569;-0.5022124648094177;0.7944926023483276;[];
104.03125;MPIB1;18.747864946875325;30.046527986415015;-0.16994018852710724;-0.14341038465499878;-0.9749494791030884;[];
104.03125;MPIB4;51.19024832425953;56.8742711489399;-0.22256851196289062;-0.4632597863674164;-0.8577732443809509;[];
104.03125;MPIB3;46.178853426918295;35.91460371955685;-0.7268593907356262;-0.5112216472625732;-0.4585231840610504;[];
104.09375;MPIB2;44.1286600444616;19.299370588880407;0.3619682788848877;-0.5022124648094177;0.7852886319160461;[];
104.09375;MPIB1;18.873084232154497;29.8675242125735;-0.1725567877292633;-0.14341038465499878;-0.9744898080825806;[];
104.09375;MPIB4;51.13648862985838;56.66543271136314;-0.22708848118782043;-0.4632597863674164;-0.8565877079963684;[];
104.09375;MPIB3;46.178853426918295;35.91460371955685;-0.7394556403160095;-0.5246713161468506;-0.42171040177345276;[];
104.125;MPIB2;44.1286600444616;19.299370588880407;0.3838968575000763;-0.5044492483139038;0.7733502388000488;[];
104.125;MPIB1;18.9932748068195;29.68426272486596;-0.23498843610286713;-0.1667095124721527;-0.9575785994529724;[];
104.125;MPIB4;51.08103420685006;56.45694684851921;-0.23602747917175293;-0.4632597863674164;-0.8541678786277771;[];
104.125;MPIB3;46.178853426918295;35.91460371955685;-0.7455411553382874;-0.5313476920127869;-0.4021835923194885;[];
104.1875;MPIB2;44.1286600444616;19.299370588880407;0.4059782326221466;-0.5044492483139038;0.7619902491569519;[];
104.1875;MPIB1;19.10936862433539;29.49787233179967;-0.24907194077968597;-0.1873737871646881;-0.9501678347587585;[];
104.1875;MPIB4;51.02738175811828;56.24794193125243;-0.20960181951522827;-0.4771362841129303;-0.853421151638031;[];
104.1875;MPIB3;46.178853426918295;35.91460371955685;-0.7455411553382874;-0.5313476920127869;-0.4021835923194885;[];
104.25;MPIB2;44.1286600444616;19.299370588880407;0.41790851950645447;-0.5044492483139038;0.7555130124092102;[];
104.25;MPIB1;19.223225612188116;29.309773556209052;-0.24907194077968597;-0.1873737871646881;-0.9501678347587585;[];
104.25;MPIB4;50.97521535658802;56.038531674035795;-0.20509879291057587;-0.4771362841129303;-0.854514479637146;[];
104.25;MPIB3;46.178853426918295;35.91460371955685;-0.7465797662734985;-0.5313476920127869;-0.4002523422241211;[];
104.28125;MPIB2;44.1286600444616;19.299370588880407;0.4361833333969116;-0.5089951753616333;0.7420134544372559;[];
104.28125;MPIB1;19.335861290902812;29.120742003651827;-0.24907194077968597;-0.1873737871646881;-0.9501678347587585;[];
104.28125;MPIB4;50.92386033692401;55.828900101180864;-0.20509879291057587;-0.4771362841129303;-0.854514479637146;[];
104.28125;MPIB3;46.178853426918295;35.91460371955685;-0.7486799359321594;-0.5313476920127869;-0.396310031414032;[];
104.34375;MPIB2;44.04241344314545;19.351219603937494;0.45402607321739197;-0.513526976108551;0.7280562520027161;[];
104.34375;MPIB1;19.44692522448429;28.930678459329897;-0.2589876353740692;-0.1873737871646881;-0.9475131034851074;[];
104.34375;MPIB4;50.87294833181022;55.619147689973374;-0.20509879291057587;-0.4771362841129303;-0.854514479637146;[];
104.34375;MPIB3;46.178853426918295;35.91460371955685;-0.7484833002090454;-0.533538818359375;-0.39372894167900085;[];
104.375;MPIB2;43.915957021592696;19.434606182075214;0.48153766989707947;-0.5157464742660522;0.708549439907074;[];
104.375;MPIB1;19.555985961270835;28.73940793334225;-0.2714102864265442;-0.1873737871646881;-0.9440298080444336;[];
104.375;MPIB4;50.82227821266906;55.40932930101772;-0.20509879291057587;-0.4771362841129303;-0.854514479637146;[];
104.375;MPIB3;46.178853426918295;35.91460371955685;-0.7484833002090454;-0.533538818359375;-0.39372894167900085;[];
104.4375;MPIB2;43.76838818644202;19.53876252918883;0.5109364986419678;-0.5202569365501404;0.6842451691627502;[];
104.4375;MPIB1;19.66141670406455;28.546122128849618;-0.2984465956687927;-0.1873737871646881;-0.9358340501785278;[];
104.4375;MPIB4;50.77273723537019;55.19924108153768;-0.197260320186615;-0.46792641282081604;-0.861425518989563;[];
104.4375;MPIB3;46.178853426918295;35.91460371955685;-0.7505490183830261;-0.533538818359375;-0.38977667689323425;[];
104.5;MPIB2;43.61296245595552;19.658878233427373;0.5503121018409729;-0.5224658846855164;0.6512300968170166;[];
104.5;MPIB1;19.761815381025485;28.350226077304;-0.32978829741477966;-0.19245673716068268;-0.9242098331451416;[];
104.5;MPIB4;50.72732522846445;54.988268619999104;-0.1669447422027588;-0.4539734125137329;-0.8751913905143738;[];
104.5;MPIB3;46.178853426918295;35.91460371955685;-0.7505490183830261;-0.533538818359375;-0.38977667689323425;[];
104.53125;MPIB2;43.528099997252895;19.72446141555926;0.5980174541473389;-0.533538818359375;0.5980174541473389;[];
104.53125;MPIB1;19.857323658434893;28.151919834144678;-0.35055577754974365;-0.20532892644405365;-0.9137352705001831;[];
104.53125;MPIB4;50.69689599967114;54.775239754914935;-0.05208289250731468;-0.4233904778957367;-0.9044082164764404;[];
104.53125;MPIB3;46.178853426918295;35.91460371955685;-0.7505490183830261;-0.533538818359375;-0.38977667689323425;[];
104.59375;MPIB2;43.48176508941934;19.760269837162525;0.6597153544425964;-0.5424286723136902;0.5200571417808533;[];
104.59375;MPIB1;19.873886104615394;27.95233360506512;-0.3547717034816742;-0.21301664412021637;-0.9103411436080933;[];
104.59375;MPIB4;50.68950387900736;54.56136088147184;0.08694586902856827;-0.38020193576812744;-0.9207627773284912;[];
104.59375;MPIB3;46.178853426918295;35.91460371955685;-0.7515555024147034;-0.533538818359375;-0.38783252239227295;[];
104.625;MPIB2;43.45646622680369;19.779821237628852;0.7092447876930237;-0.5424286723136902;0.45017290115356445;[];
104.625;MPIB1;19.847107875203278;27.75214092804424;-0.3562934696674347;-0.2232152223587036;-0.9072971940040588;[];
104.625;MPIB4;50.69750132420563;54.34732462146232;0.11384092271327972;-0.3729189932346344;-0.9208068251609802;[];
104.625;MPIB3;46.178853426918295;35.91460371955685;-0.7535901069641113;-0.533538818359375;-0.383864164352417;[];
104.6875;MPIB2;43.45646622680369;19.779821237628852;0.7553547620773315;-0.5424286723136902;0.3675907254219055;[];
104.6875;MPIB1;19.796665634169017;27.551617130408943;-0.3560809791088104;-0.22573775053024292;-0.9067560434341431;[];
104.6875;MPIB4;50.714404834565585;54.133266033984086;0.11872965842485428;-0.3705158829689026;-0.9211592078208923;[];
104.6875;MPIB3;46.178853426918295;35.91460371955685;-0.7533004283905029;-0.5358073711395264;-0.3812638521194458;[];
104.75;MPIB2;43.402875497106045;19.888868365508728;0.7933034300804138;-0.5424286723136902;0.2763211727142334;[];
104.75;MPIB1;19.733302841288378;27.350912540897184;-0.3560809791088104;-0.22573775053024292;-0.9067560434341431;[];
104.75;MPIB4;50.73311826921349;53.91885004050516;0.08941733092069626;-0.38020193576812744;-0.920525848865509;[];
104.75;MPIB3;46.178853426918295;35.91460371955685;-0.7552642226219177;-0.5358073711395264;-0.3773587942123413;[];
104.78125;MPIB2;43.36228697346496;20.038743826079752;0.8284897208213806;-0.5358073711395264;0.16256852447986603;[];
104.78125;MPIB1;19.66216941430889;27.150393664923683;-0.36297935247421265;-0.22825877368450165;-0.9033832550048828;[];
104.78125;MPIB4;50.73411356553083;53.704213794870554;-0.08395884931087494;-0.45157986879348755;-0.888228178024292;[];
104.78125;MPIB3;46.178853426918295;35.91460371955685;-0.7562745213508606;-0.5358073711395264;-0.37532997131347656;[];
104.84375;MPIB2;43.331923461373066;20.218231192986877;0.8523525595664978;-0.5179625153541565;0.0715894028544426;[];
104.84375;MPIB1;19.58255463747105;26.951796246184387;-0.4050874412059784;-0.22825877368450165;-0.885301947593689;[];
104.84375;MPIB4;50.71248583018428;53.49143872130068;-0.18876902759075165;-0.5179625153541565;-0.834263801574707;[];
104.84375;MPIB3;46.178853426918295;35.91460371955685;-0.7572435736656189;-0.5358073711395264;-0.3733710050582886;[];
104.875;MPIB2;43.31534498184526;20.316231306701127;0.8672367334365845;-0.4977288246154785;0.009146319702267647;[];
104.875;MPIB1;19.493469157092818;26.756625676805044;-0.45316916704177856;-0.22825877368450165;-0.8616803884506226;[];
104.875;MPIB4;50.682572940010004;53.27895028694414;-0.14655748009681702;-0.6087107062339783;-0.7796791195869446;[];
104.875;MPIB3;46.178853426918295;35.91460371955685;-0.7582074999809265;-0.5358073711395264;-0.3714095950126648;[];
104.9375;MPIB2;43.306293130971675;20.3697393750042;0.8711704015731812;-0.48855432868003845;-0.04782302677631378;[];
104.9375;MPIB1;19.397854587600364;26.56405409656847;-0.4663655161857605;-0.2308715432882309;-0.8539077043533325;[];
104.9375;MPIB4;50.682337110653634;53.066262577491585;0.11546254903078079;-0.7107580900192261;-0.6938155889511108;[];
104.9375;MPIB3;46.178853426918295;35.91460371955685;-0.7592018246650696;-0.5358073711395264;-0.3693728744983673;[];
105.0;MPIB2;43.306293130971675;20.3697393750042;0.8703349232673645;-0.4794096350669861;-0.11217883974313736;[];
105.0;MPIB1;19.298675135037342;26.37290156456868;-0.4663655161857605;-0.2308715432882309;-0.8539077043533325;[];
105.0;MPIB4;50.74539664180588;52.87511844941642;0.42545264959335327;-0.7500882148742676;-0.5061830282211304;[];
105.0;MPIB3;46.178853426918295;35.91460371955685;-0.7592018246650696;-0.5358073711395264;-0.3693728744983673;[];
105.03125;MPIB2;43.301350819820634;20.41490639868701;0.8615742921829224;-0.4794096350669861;-0.16657719016075134;[];
105.03125;MPIB1;19.197104605441723;26.182768174786844;-0.4695865511894226;-0.24102666974067688;-0.8493230938911438;[];
105.03125;MPIB4;50.85038738906974;52.70274454565322;0.47606906294822693;-0.7500882148742676;-0.4588996171951294;[];
105.03125;MPIB3;46.178853426918295;35.91460371955685;-0.7592018246650696;-0.5358073711395264;-0.3693728744983673;[];
105.09375;MPIB2;43.301350819820634;20.41490639868701;0.8482431173324585;-0.4794096350669861;-0.2247949242591858;[];
105.09375;MPIB1;19.09377696794479;25.993442470298362;-0.47114911675453186;-0.26384714245796204;-0.841637909412384;[];
105.09375;MPIB4;50.98036969791019;52.54286435841297;0.5003218054771423;-0.7378528118133545;-0.45289328694343567;[];
105.09375;MPIB3;46.178853426918295;35.91460371955685;-0.7592018246650696;-0.5358073711395264;-0.3693728744983673;[];
105.125;MPIB2;43.301350819820634;20.41490639868701;0.8366961479187012;-0.4794096350669861;-0.2645426392555237;[];
105.125;MPIB1;18.986824969874988;25.806105143313147;-0.49083375930786133;-0.3064810633659363;-0.8155339956283569;[];
105.125;MPIB4;51.12766405518573;52.394099097277376;0.5676541924476624;-0.6845247149467468;-0.45721888542175293;[];
105.125;MPIB3;46.178853426918295;35.91460371955685;-0.7592018246650696;-0.5358073711395264;-0.3693728744983673;[];
105.1875;MPIB2;43.301350819820634;20.41490639868701;0.7871256470680237;-0.49314841628074646;-0.3702698051929474;[];
105.1875;MPIB1;18.87464127759904;25.621899109430075;-0.517372190952301;-0.33372852206230164;-0.7879663109779358;[];
105.1875;MPIB4;51.20808678359958;52.31287325526273;0.6279425621032715;-0.6003865003585815;-0.4950478971004486;[];
105.1875;MPIB3;46.178853426918295;35.91460371955685;-0.7592018246650696;-0.5358073711395264;-0.3693728744983673;[];
105.25;MPIB2;43.301350819820634;20.41490639868701;0.7043071389198303;-0.4977288246154785;-0.5060299038887024;[];
105.25;MPIB1;18.758319729103732;25.440258580170195;-0.527689516544342;-0.34365129470825195;-0.776779055595398;[];
105.25;MPIB4;51.251997598413936;52.26852394037144;0.6705886125564575;-0.5202569365501404;-0.5286685228347778;[];
105.25;MPIB3;46.178853426918295;35.91460371955685;-0.7592018246650696;-0.5358073711395264;-0.3693728744983673;[];
105.28125;MPIB2;43.23151831602501;20.359615184071714;0.6084229350090027;-0.4977288246154785;-0.6180070042610168;[];
105.28125;MPIB1;18.639738910850156;25.260018816597295;-0.5271877646446228;-0.34608107805252075;-0.7760404348373413;[];
105.28125;MPIB4;51.27597290608742;52.244309211628206;0.6910496354103088;-0.4748597741127014;-0.544799268245697;[];
105.28125;MPIB3;46.178853426918295;35.91460371955685;-0.7592018246650696;-0.5358073711395264;-0.3693728744983673;[];
105.34375;MPIB2;43.172866257375844;20.22420301918055;0.478497177362442;-0.48403051495552063;-0.7325342893600464;[];
105.34375;MPIB1;18.519924531165316;25.08054387117832;-0.5251261591911316;-0.3558664619922638;-0.7730057239532471;[];
105.34375;MPIB4;51.27597290608742;52.244309211628206;0.7039680480957031;-0.4539734125137329;-0.5460639595985413;[];
105.34375;MPIB3;46.178853426918295;35.91460371955685;-0.7592018246650696;-0.5358073711395264;-0.3693728744983673;[];
105.375;MPIB2;43.1134602022759;20.054089898851487;0.42804238200187683;-0.47477537393569946;-0.7689114212989807;[];
105.375;MPIB1;18.403096091279735;24.899117738529554;-0.48411697149276733;-0.3850736916065216;-0.7856721878051758;[];
105.375;MPIB4;51.27597290608742;52.244309211628206;0.713315486907959;-0.4375820457935333;-0.5473140478134155;[];
105.375;MPIB3;46.178853426918295;35.91460371955685;-0.7592018246650696;-0.5358073711395264;-0.3693728744983673;[];
105.4375;MPIB2;43.05288720343621;19.8652482896089;0.4219839870929718;-0.47477537393569946;-0.7722533345222473;[];
105.4375;MPIB1;18.290766846849692;24.714925170769988;-0.45404529571533203;-0.3995363116264343;-0.7963312268257141;[];
105.4375;MPIB4;51.30011334430128;52.21992770332591;0.7183592915534973;-0.42807504534721375;-0.5482353568077087;[];
105.4375;MPIB3;46.178853426918295;35.91460371955685;-0.7611039876937866;-0.5358073711395264;-0.36543741822242737;[];
105.5;MPIB2;42.991171445665415;19.666330628747687;0.41848811507225037;-0.47249555587768555;-0.7755473256111145;[];
105.5;MPIB1;18.181343753808733;24.528967356660985;-0.4488185942173004;-0.404276967048645;-0.7969009280204773;[];
105.5;MPIB4;51.30011334430128;52.21992770332591;0.7183592915534973;-0.42807504534721375;-0.5482353568077087;[];
105.5;MPIB3;46.178853426918295;35.91460371955685;-0.7611039876937866;-0.5358073711395264;-0.36543741822242737;[];
105.53125;MPIB2;42.92883174144578;19.461911443063713;0.41848811507225037;-0.47249555587768555;-0.7755473256111145;[];
105.53125;MPIB1;18.0748559001928;24.341300145783492;-0.4347039759159088;-0.4114549458026886;-0.8010402321815491;[];
105.53125;MPIB4;51.30011334430128;52.21992770332591;0.7183592915534973;-0.42807504534721375;-0.5482353568077087;[];
105.53125;MPIB3;46.178853426918295;35.91460371955685;-0.7630203366279602;-0.5358073711395264;-0.3614189922809601;[];
105.59375;MPIB2;42.94179288647216;19.264303625640878;0.4243403375148773;-0.46555230021476746;-0.7765656113624573;[];
105.59375;MPIB1;17.92113999576395;24.30000001192093;-0.42427438497543335;-0.42095696926116943;-0.8016939759254456;[];
105.59375;MPIB4;51.30011334430128;52.21992770332591;0.7183592915534973;-0.42807504534721375;-0.5482353568077087;[];
105.59375;MPIB3;46.178853426918295;35.91460371955685;-0.7639533281326294;-0.5358073711395264;-0.35944265127182007;[];
105.625;MPIB2;43.003962230743284;19.075361561652727;0.5021448731422424;-0.44926875829696655;-0.738823413848877;[];
105.625;MPIB1;17.742778994092987;24.30000001192093;-0.3876442611217499;-0.4539734125137329;-0.8022235035896301;[];
105.625;MPIB4;51.30011334430128;52.21992770332591;0.7183592915534973;-0.42807504534721375;-0.5482353568077087;[];
105.625;MPIB3;46.178853426918295;35.91460371955685;-0.7639533281326294;-0.5358073711395264;-0.35944265127182007;[];
105.6875;MPIB2;43.09879017026297;18.895405951662582;0.5578243732452393;-0.4399081766605377;-0.7036772966384888;[];
105.6875;MPIB1;17.553216440113374;24.30000001192093;-0.32801535725593567;-0.49539870023727417;-0.8043031096458435;[];
105.6875;MPIB4;51.30011334430128;52.21992770332591;0.6595537662506104;-0.42095696926116943;-0.6226010322570801;[];
105.6875;MPIB3;46.178853426918295;35.91460371955685;-0.7649154663085938;-0.5358073711395264;-0.35739052295684814;[];
105.75;MPIB2;43.215771052781655;18.723990557029452;0.5974252223968506;-0.4399081766605377;-0.670381486415863;[];
105.75;MPIB1;17.361101919948965;24.30000001192093;-0.2531963884830475;-0.5313476920127869;-0.8083779215812683;[];
105.75;MPIB4;51.30011334430128;52.21992770332591;0.35584741830825806;-0.42095696926116943;-0.8342887163162231;[];
105.75;MPIB3;46.178853426918295;35.91460371955685;-0.7654930949211121;-0.5379912257194519;-0.3528437912464142;[];
105.78125;MPIB2;43.349131475271875;18.561294224050442;0.6366845965385437;-0.4399081766605377;-0.6332143545150757;[];
105.78125;MPIB1;17.171364899036348;24.30000001192093;-0.18761642277240753;-0.5554904937744141;-0.8100257515907288;[];
105.78125;MPIB4;51.30011334430128;52.21992770332591;0.16796360909938812;-0.41625523567199707;-0.8935426473617554;[];
105.78125;MPIB3;46.178853426918295;35.91460371955685;-0.7654930949211121;-0.5379912257194519;-0.3528437912464142;[];
105.84375;MPIB2;43.494609931776395;18.40670495736495;0.6631940007209778;-0.446954607963562;-0.6002102494239807;[];
105.84375;MPIB1;16.986722771485233;24.30000001192093;-0.12972195446491241;-0.5771399736404419;-0.8062203526496887;[];
105.84375;MPIB4;51.30011334430128;52.21992770332591;0.1209796816110611;-0.41625523567199707;-0.9011114835739136;[];
105.84375;MPIB3;46.178853426918295;35.91460371955685;-0.7660725116729736;-0.5401714444160461;-0.34822484850883484;[];
105.875;MPIB2;43.58476795422805;18.222876201773772;0.6911019682884216;-0.460964173078537;-0.5565410256385803;[];
105.875;MPIB1;16.788250440368074;24.30818346235901;-0.06703812628984451;-0.5961612462997437;-0.800003707408905;[];
105.875;MPIB4;51.30011334430128;52.21992770332591;-0.08790338039398193;-0.41625523567199707;-0.9049485921859741;[];
105.875;MPIB3;46.178853426918295;35.91460371955685;-0.7687864303588867;-0.5401714444160461;-0.34219157695770264;[];
105.9375;MPIB2;43.65325872589143;18.024378845991038;0.7273550629615784;-0.4816797375679016;-0.4886615574359894;[];
105.9375;MPIB1;16.58232120863238;24.303410679153416;0.07502790540456772;-0.6045950651168823;-0.7929261922836304;[];
105.9375;MPIB4;51.30011334430128;52.21992770332591;-0.3257550001144409;-0.41625523567199707;-0.8488478064537048;[];
105.9375;MPIB3;46.178853426918295;35.91460371955685;-0.7705476880073547;-0.5401714444160461;-0.33820685744285583;[];
106.0;MPIB2;43.69999998807907;17.821394978672686;0.7800562381744385;-0.49539870023727417;-0.3820374608039856;[];
106.0;MPIB1;16.373436255482147;24.286036526835773;0.13972078263759613;-0.61492919921875;-0.7760324478149414;[];
106.0;MPIB4;51.30011334430128;52.21992770332591;-0.38920921087265015;-0.41625523567199707;-0.8216904401779175;[];
106.0;MPIB3;46.178853426918295;35.91460371955685;-0.7731826901435852;-0.5401714444160461;-0.33213868737220764;[];
106.03125;MPIB2;43.69999998807907;17.621118693154756;0.8139406442642212;-0.513526976108551;-0.27141067385673523;[];
106.03125;MPIB1;16.166758426554793;24.24454547985286;0.2600400447845459;-0.6045950651168823;-0.752804160118103;[];
106.03125;MPIB4;51.30011334430128;52.21992770332591;-0.3914135992527008;-0.41625523567199707;-0.8206426501274109;[];
106.03125;MPIB3;46.178853426918295;35.91460371955685;-0.7740715742111206;-0.5401714444160461;-0.3300619125366211;[];
106.09375;MPIB2;43.69078710209578;17.41420184979509;0.840542197227478;-0.5358073711395264;-0.07937079668045044;[];
106.09375;MPIB1;15.965137451497299;24.180382079999646;0.33797529339790344;-0.6024546027183533;-0.7229675650596619;[];
106.09375;MPIB4;51.30011334430128;52.21992770332591;-0.39353659749031067;-0.41625523567199707;-0.8196267485618591;[];
106.09375;MPIB3;46.178853426918295;35.91460371955685;-0.7749233245849609;-0.5401714444160461;-0.32805705070495605;[];
106.125;MPIB2;43.69779040931411;17.203968020943222;0.8208174109458923;-0.5620104074478149;0.10155774652957916;[];
106.125;MPIB1;15.77747185240753;24.085471829059173;0.4951542019844055;-0.5856424570083618;-0.6416333317756653;[];
106.125;MPIB4;51.30011334430128;52.21992770332591;-0.40637466311454773;-0.41625523567199707;-0.8133379220962524;[];
106.125;MPIB3;46.178853426918295;35.91460371955685;-0.7749233245849609;-0.5401714444160461;-0.32805705070495605;[];
106.1875;MPIB2;43.69999998807907;16.99465798752078;0.7876330018043518;-0.5771399736404419;0.2155304253101349;[];
106.1875;MPIB1;15.617005896080627;23.954657557715507;0.6594156622886658;-0.5749456286430359;-0.4842076897621155;[];
106.1875;MPIB4;51.30011334430128;52.21992770332591;-0.44632548093795776;-0.41625523567199707;-0.792119026184082;[];
106.1875;MPIB3;46.178853426918295;35.91460371955685;-0.7744301557540894;-0.5424286723136902;-0.3254868686199188;[];
106.25;MPIB2;43.69999998807907;16.88037469599783;0.7564619779586792;-0.5813601613044739;0.2994910776615143;[];
106.25;MPIB1;15.48287175841051;23.796978017828792;0.720047652721405;-0.5749456286430359;-0.3883620500564575;[];
106.25;MPIB4;51.30011334430128;52.21992770332591;-0.5477564930915833;-0.41625523567199707;-0.7256871461868286;[];
106.25;MPIB3;46.178853426918295;35.91460371955685;-0.7752701044082642;-0.5424286723136902;-0.32348111271858215;[];
106.28125;MPIB2;43.69999998807907;16.817976011578537;0.7277680039405823;-0.5813601613044739;0.36370784044265747;[];
106.28125;MPIB1;15.367921064357233;23.622205859106145;0.7456862330436707;-0.5663641095161438;-0.35077640414237976;[];
106.28125;MPIB4;51.30011334430128;52.21992770332591;-0.7247720956802368;-0.4186075031757355;-0.547174870967865;[];
106.28125;MPIB3;46.178853426918295;35.91460371955685;-0.7752701044082642;-0.5424286723136902;-0.32348111271858215;[];
106.34375;MPIB2;43.69999998807907;16.783906325928314;0.7249215841293335;-0.5813601613044739;0.3693484961986542;[];
106.34375;MPIB1;15.300000011920929;23.431790696265722;0.8263988494873047;-0.5224658846855164;-0.20970375835895538;[];
106.34375;MPIB4;51.30011334430128;52.21992770332591;-0.858292818069458;-0.42573419213294983;-0.28637373447418213;[];
106.34375;MPIB3;46.178853426918295;35.91460371955685;-0.7752701044082642;-0.5424286723136902;-0.32348111271858215;[];
106.375;MPIB2;43.69999998807907;16.783906325928314;0.7249215841293335;-0.5813601613044739;0.3693484961986542;[];
106.375;MPIB1;15.300000011920929;23.231604018601672;0.8450714349746704;-0.5089951753616333;-0.16338349878787994;[];
106.375;MPIB4;51.30011334430128;52.21992770332591;-0.86339271068573;-0.42573419213294983;-0.27060967683792114;[];
106.375;MPIB3;46.178853426918295;35.91460371955685;-0.7752701044082642;-0.5424286723136902;-0.32348111271858215;[];
106.4375;MPIB2;43.69999998807907;16.783906325928314;0.7249215841293335;-0.5813601613044739;0.3693484961986542;[];
106.4375;MPIB1;15.300000011920929;23.025940599248116;0.8476076126098633;-0.5067653059959412;-0.15697428584098816;[];
106.4375;MPIB4;51.30011334430128;52.21992770332591;-0.8640902638435364;-0.42573419213294983;-0.2683737874031067;[];
106.4375;MPIB3;46.178853426918295;35.91460371955685;-0.7769650816917419;-0.5424286723136902;-0.31938859820365906;[];
106.5;MPIB2;43.69999998807907;16.74960198445308;0.7249215841293335;-0.5813601613044739;0.3693484961986542;[];
106.5;MPIB1;15.300000011920929;22.816296227036844;0.8615419864654541;-0.4977288246154785;-0.09955991059541702;[];
106.5;MPIB4;51.30011334430128;52.21992770332591;-0.8640902638435364;-0.42573419213294983;-0.2683737874031067;[];
106.5;MPIB3;46.178853426918295;35.91460371955685;-0.7776411175727844;-0.5467707514762878;-0.3102070093154907;[];
106.53125;MPIB2;43.69999998807907;16.74960198445308;0.7249215841293335;-0.5813601613044739;0.3693484961986542;[];
106.53125;MPIB1;15.300000011920929;22.70183038651399;0.875697135925293;-0.460964173078537;0.14348596334457397;[];
106.53125;MPIB4;51.30011334430128;52.21992770332591;-0.8640902638435364;-0.42573419213294983;-0.2683737874031067;[];
106.53125;MPIB3;46.14638727982333;36.007069649243874;-0.7872198224067688;-0.5511781573295593;-0.2764044404029846;[];
106.59375;MPIB2;43.69999998807907;16.74960198445308;0.7249215841293335;-0.5813601613044739;0.3693484961986542;[];
106.59375;MPIB1;15.300000011920929;22.639332030329143;0.8565342426300049;-0.44926875829696655;0.2538301646709442;[];
106.59375;MPIB4;51.30011334430128;52.21992770332591;-0.8640902638435364;-0.42573419213294983;-0.2683737874031067;[];
106.59375;MPIB3;46.11409532434959;36.15446758738412;-0.8221821188926697;-0.5555702447891235;-0.12357085943222046;[];
106.625;MPIB2;43.69999998807907;16.74960198445308;0.7209861874580383;-0.5813601613044739;0.3769729435443878;[];
106.625;MPIB1;15.300000011920929;22.605207923888628;0.8443988561630249;-0.44926875829696655;0.2916697859764099;[];
106.625;MPIB4;51.30011334430128;52.21992770332591;-0.8650104999542236;-0.4067308008670807;-0.2936931550502777;[];
106.625;MPIB3;46.03132832388087;36.31082408294455;-0.8290145993232727;-0.5555702447891235;0.06314998120069504;[];
106.6875;MPIB2;43.69999998807907;16.74960198445308;0.7193261384963989;-0.5792520046234131;0.3833359479904175;[];
106.6875;MPIB1;15.300000011920929;22.605207923888628;0.8349131941795349;-0.4399081766605377;0.33064332604408264;[];
106.6875;MPIB4;51.20899816762358;52.183844161515395;-0.860804557800293;-0.3778064548969269;-0.3408968448638916;[];
106.6875;MPIB3;45.93167739829346;36.4800642115826;-0.8146962523460388;-0.5533362030982971;0.1732071340084076;[];
106.75;MPIB2;43.69999998807907;16.74960198445308;0.7182358503341675;-0.5728257298469543;0.3948642611503601;[];
106.75;MPIB1;15.300000011920929;22.605207923888628;0.8270189762115479;-0.4375820457935333;0.35282593965530396;[];
106.75;MPIB4;51.06951641237015;52.12474696346757;-0.85651034116745;-0.3534461557865143;-0.37603530287742615;[];
106.75;MPIB3;45.83446049324402;36.662843638396396;-0.7964505553245544;-0.533538818359375;0.28445786237716675;[];
106.78125;MPIB2;43.69999998807907;16.74960198445308;0.7129876613616943;-0.5728257298469543;0.40426376461982727;[];
106.78125;MPIB1;15.300000011920929;22.570848786798507;0.8113600015640259;-0.42095696926116943;0.405483603477478;[];
106.78125;MPIB4;50.90393898694765;52.05238008622726;-0.8568520545959473;-0.34365129470825195;-0.3842479884624481;[];
106.78125;MPIB3;45.6944173570314;36.807824037437996;-0.762609601020813;-0.5112216472625732;0.39622563123703003;[];
106.84375;MPIB2;43.69999998807907;16.74960198445308;0.7129876613616943;-0.5728257298469543;0.40426376461982727;[];
106.84375;MPIB1;15.300000011920929;22.570848786798507;0.8016455769538879;-0.4067308008670807;0.4380218982696533;[];
106.84375;MPIB4;50.724217423470236;51.97253662277873;-0.857494592666626;-0.33869463205337524;-0.3872053325176239;[];
106.84375;MPIB3;45.53618900089191;36.94100663642493;-0.7236059308052063;-0.4977288246154785;0.4780978858470917;[];
106.875;MPIB2;43.69999998807907;16.74960198445308;0.7129876613616943;-0.5728257298469543;0.40426376461982727;[];
106.875;MPIB1;15.300000011920929;22.570848786798507;0.8016455769538879;-0.4067308008670807;0.4380218982696533;[];
106.875;MPIB4;50.53677315971754;51.88861094278636;-0.857494592666626;-0.33869463205337524;-0.3872053325176239;[];
106.875;MPIB3;45.368317511505666;37.06817803352314;-0.7210748791694641;-0.4977288246154785;0.48190683126449585;[];
106.9375;MPIB2;43.69999998807907;16.74960198445308;0.7129876613616943;-0.5728257298469543;0.40426376461982727;[];
106.9375;MPIB1;15.300000011920929;22.570848786798507;0.8016455769538879;-0.4067308008670807;0.4380218982696533;[];
106.9375;MPIB4;50.43442857982109;51.842787516188025;-0.857494592666626;-0.33869463205337524;-0.3872053325176239;[];
106.9375;MPIB3;45.19860512034461;37.196871418575455;-0.6928519606590271;-0.49314841628074646;0.5260024070739746;[];
107.0;MPIB2;43.69999998807907;16.74960198445308;0.7129876613616943;-0.5728257298469543;0.40426376461982727;[];
107.0;MPIB1;15.300000011920929;22.570848786798507;0.8016455769538879;-0.4067308008670807;0.4380218982696533;[];
107.0;MPIB4;50.37854843270702;51.817767922359224;-0.857494592666626;-0.33869463205337524;-0.3872053325176239;[];
107.0;MPIB3;45.10594214400771;37.26713801497567;-0.5970414876937866;-0.513526976108551;0.6162360906600952;[];
107.03125;MPIB2;43.69999998807907;16.74960198445308;0.7129876613616943;-0.5728257298469543;0.40426376461982727;[];
107.03125;MPIB1;15.300000011920929;22.570848786798507;0.8016455769538879;-0.4067308008670807;0.4380218982696533;[];
107.03125;MPIB4;50.3480378688389;51.80410722254197;-0.857494592666626;-0.33869463205337524;-0.3872053325176239;[];
107.03125;MPIB3;45.055348153051;37.30550358106646;-0.5265818238258362;-0.5555702447891235;0.6434009671211243;[];
107.09375;MPIB2;43.69999998807907;16.74960198445308;0.7129876613616943;-0.5728257298469543;0.40426376461982727;[];
107.09375;MPIB1;15.300000011920929;22.570848786798507;0.8016455769538879;-0.4067308008670807;0.4380218982696533;[];
107.09375;MPIB4;50.3480378688389;51.80410722254197;-0.857494592666626;-0.33869463205337524;-0.3872053325176239;[];
107.09375;MPIB3;45.02772383078013;37.326451182585146;-0.5082653760910034;-0.5707020163536072;0.6448841691017151;[];
107.125;MPIB2;43.69999998807907;16.74960198445308;0.7129876613616943;-0.5728257298469543;0.40426376461982727;[];
107.125;MPIB1;15.300000011920929;22.570848786798507;0.8016455769538879;-0.4067308008670807;0.4380218982696533;[];
107.125;MPIB4;50.3480378688389;51.80410722254197;-0.857494592666626;-0.33869463205337524;-0.3872053325176239;[];
107.125;MPIB3;45.02772383078013;37.326451182585146;-0.4871717095375061;-0.5919966697692871;0.6419596672058105;[];
107.1875;MPIB2;43.69999998807907;16.74960198445308;0.7129876613616943;-0.5728257298469543;0.40426376461982727;[];
107.1875;MPIB1;15.300000011920929;22.570848786798507;0.8016455769538879;-0.4067308008670807;0.4380218982696533;[];
107.1875;MPIB4;50.31731716268723;51.79257600544261;-0.857494592666626;-0.33869463205337524;-0.3872053325176239;[];
107.1875;MPIB3;45.02772383078013;37.326451182585146;-0.48010051250457764;-0.6003865003585815;0.639490008354187;[];
107.25;MPIB2;43.69999998807907;16.74960198445308;0.7129876613616943;-0.5728257298469543;0.40426376461982727;[];
107.25;MPIB1;15.300000011920929;22.570848786798507;0.8016455769538879;-0.4067308008670807;0.4380218982696533;[];
107.25;MPIB4;50.31731716268723;51.79257600544261;-0.857494592666626;-0.33869463205337524;-0.3872053325176239;[];
107.25;MPIB3;44.999909245288336;37.3475430612412;-0.4729549288749695;-0.6087107062339783;0.6369398236274719;[];
107.28125;MPIB2;43.69999998807907;16.74960198445308;0.7129876613616943;-0.5728257298469543;0.40426376461982727;[];
107.28125;MPIB1;15.300000011920929;22.570848786798507;0.8016455769538879;-0.4067308008670807;0.4380218982696533;[];
107.28125;MPIB4;50.31731716268723;51.79257600544261;-0.857494592666626;-0.33869463205337524;-0.3872053325176239;[];
107.28125;MPIB3;44.999909245288336;37.3475430612412;-0.4729549288749695;-0.6087107062339783;0.6369398236274719;[];
107.34375;MPIB2;43.69999998807907;16.74960198445308;0.7129876613616943;-0.5728257298469543;0.40426376461982727;[];
107.34375;MPIB1;15.300000011920929;22.570848786798507;0.8016455769538879;-0.4067308008670807;0.4380218982696533;[];
107.34375;MPIB4;50.31731716268723;51.79257600544261;-0.857494592666626;-0.33869463205337524;-0.3872053325176239;[];
107.34375;MPIB3;44.999909245288336;37.3475430612412;-0.4729549288749695;-0.6087107062339783;0.6369398236274719;[];
107.375;MPIB2;43.69999998807907;16.74960198445308;0.7129876613616943;-0.5728257298469543;0.40426376461982727;[];
107.375;MPIB1;15.300000011920929;22.570848786798507;0.8004668354988098;-0.4067308008670807;0.44017231464385986;[];
107.375;MPIB4;50.31731716268723;51.79257600544261;-0.857494592666626;-0.33869463205337524;-0.3872053325176239;[];
107.375;MPIB3;44.999909245288336;37.3475430612412;-0.4729549288749695;-0.6087107062339783;0.6369398236274719;[];
107.4375;MPIB2;43.69999998807907;16.74960198445308;0.7129876613616943;-0.5728257298469543;0.40426376461982727;[];
107.4375;MPIB1;15.300000011920929;22.570848786798507;0.8014208674430847;-0.404276967048645;0.44069692492485046;[];
107.4375;MPIB4;50.31731716268723;51.79257600544261;-0.857494592666626;-0.33869463205337524;-0.3872053325176239;[];
107.4375;MPIB3;44.999909245288336;37.3475430612412;-0.4729549288749695;-0.6087107062339783;0.6369398236274719;[];
107.5;MPIB2;43.69999998807907;16.74657410278158;0.7129876613616943;-0.5728257298469543;0.40426376461982727;[];
107.5;MPIB1;15.300000011920929;22.570848786798507;0.8011906743049622;-0.4019079804420471;0.4432752728462219;[];
107.5;MPIB4;50.31731716268723;51.79257600544261;-0.857494592666626;-0.33869463205337524;-0.3872053325176239;[];
107.5;MPIB3;44.999909245288336;37.3475430612412;-0.4729549288749695;-0.6087107062339783;0.6369398236274719;[];
107.53125;MPIB2;43.69999998807907;16.74657410278158;0.7129876613616943;-0.5728257298469543;0.40426376461982727;[];
107.53125;MPIB1;15.300000011920929;22.570848786798507;0.8011906743049622;-0.4019079804420471;0.4432752728462219;[];
107.53125;MPIB4;50.31731716268723;51.79257600544261;-0.857494592666626;-0.33869463205337524;-0.3872053325176239;[];
107.53125;MPIB3;44.999909245288336;37.3475430612412;-0.4713045656681061;-0.6087107062339783;0.6381619572639465;[];
107.59375;MPIB2;43.69999998807907;16.74657410278158;0.7129876613616943;-0.5728257298469543;0.40426376461982727;[];
107.59375;MPIB1;15.300000011920929;22.570848786798507;0.8011906743049622;-0.4019079804420471;0.4432752728462219;[];
107.59375;MPIB4;50.31731716268723;51.79257600544261;-0.857494592666626;-0.33869463205337524;-0.3872053325176239;[];
107.59375;MPIB3;44.999909245288336;37.3475430612412;-0.4713045656681061;-0.6087107062339783;0.6381619572639465;[];
107.625;MPIB2;43.69999998807907;16.74657410278158;0.7129876613616943;-0.5728257298469543;0.40426376461982727;[];
107.625;MPIB1;15.300000011920929;22.570848786798507;0.8011906743049622;-0.4019079804420471;0.4432752728462219;[];
107.625;MPIB4;50.31731716268723;51.79257600544261;-0.857494592666626;-0.33869463205337524;-0.3872053325176239;[];
107.625;MPIB3;44.999909245288336;37.3475430612412;-0.4713045656681061;-0.6087107062339783;0.6381619572639465;[];
107.6875;MPIB2;43.69999998807907;16.74657410278158;0.7129876613616943;-0.5728257298469543;0.40426376461982727;[];
107.6875;MPIB1;15.300000011920929;22.570848786798507;0.8011906743049622;-0.4019079804420471;0.4432752728462219;[];
107.6875;MPIB4;50.31731716268723;51.79257600544261;-0.857494592666626;-0.33869463205337524;-0.3872053325176239;[];
107.6875;MPIB3;44.999909245288336;37.3475430612412;-0.4695897400379181;-0.6087107062339783;0.6394248604774475;[];
107.75;MPIB2;43.69999998807907;16.74657410278158;0.711938738822937;-0.5728257298469543;0.4061080515384674;[];
107.75;MPIB1;15.300000011920929;22.570848786798507;0.8011906743049622;-0.4019079804420471;0.4432752728462219;[];
107.75;MPIB4;50.31731716268723;51.79257600544261;-0.857494592666626;-0.33869463205337524;-0.3872053325176239;[];
107.75;MPIB3;44.999909245288336;37.3475430612412;-0.46793296933174133;-0.6087107062339783;0.6406382918357849;[];
107.78125;MPIB2;43.69999998807907;16.74657410278158;0.711938738822937;-0.5728257298469543;0.4061080515384674;[];
107.78125;MPIB1;15.300000011920929;22.56781606857774;0.8011906743049622;-0.4019079804420471;0.4432752728462219;[];
107.78125;MPIB4;50.31731716268723;51.79257600544261;-0.857494592666626;-0.33869463205337524;-0.3872053325176239;[];
107.78125;MPIB3;44.999909245288336;37.3475430612412;-0.46793296933174133;-0.6087107062339783;0.6406382918357849;[];
107.84375;MPIB2;43.69999998807907;16.74657410278158;0.711938738822937;-0.5728257298469543;0.4061080515384674;[];
107.84375;MPIB1;15.300000011920929;22.56781606857774;0.8011906743049622;-0.4019079804420471;0.4432752728462219;[];
107.84375;MPIB4;50.31731716268723;51.79257600544261;-0.857494592666626;-0.33869463205337524;-0.3872053325176239;[];
107.84375;MPIB3;44.999909245288336;37.3475430612412;-0.46793296933174133;-0.6087107062339783;0.6406382918357849;[];
107.875;MPIB2;43.69999998807907;16.74657410278158;0.711938738822937;-0.5728257298469543;0.4061080515384674;[];
107.875;MPIB1;15.300000011920929;22.56781606857774;0.8011906743049622;-0.4019079804420471;0.4432752728462219;[];
107.875;MPIB4;50.31731716268723;51.79257600544261;-0.857494592666626;-0.33869463205337524;-0.3872053325176239;[];
107.875;MPIB3;44.999909245288336;37.3475430612412;-0.46793296933174133;-0.6087107062339783;0.6406382918357849;[];
107.9375;MPIB2;43.74855721741915;16.661454184792802;0.711938738822937;-0.5728257298469543;0.4061080515384674;[];
107.9375;MPIB1;15.300000011920929;22.56781606857774;0.8011906743049622;-0.4019079804420471;0.4432752728462219;[];
107.9375;MPIB4;50.31731716268723;51.79257600544261;-0.857494592666626;-0.33869463205337524;-0.3872053325176239;[];
107.9375;MPIB3;44.999909245288336;37.3475430612412;-0.4662730097770691;-0.6087107062339783;0.6418474316596985;[];
108.0;MPIB2;43.871590502555065;16.58884714128405;0.7108851671218872;-0.5728257298469543;0.4079495966434479;[];
108.0;MPIB1;15.300000011920929;22.56781606857774;0.8011906743049622;-0.4019079804420471;0.4432752728462219;[];
108.0;MPIB4;50.31731716268723;51.79257600544261;-0.857494592666626;-0.33869463205337524;-0.3872053325176239;[];
108.0;MPIB3;44.999909245288336;37.3475430612412;-0.4662730097770691;-0.6087107062339783;0.6418474316596985;[];
108.03125;MPIB2;44.034421261058796;16.520059165395622;0.7233232259750366;-0.5728257298469543;0.3854660093784332;[];
108.03125;MPIB1;15.300000011920929;22.56781606857774;0.8011906743049622;-0.4019079804420471;0.4432752728462219;[];
108.03125;MPIB4;50.31731716268723;51.79257600544261;-0.857494592666626;-0.33869463205337524;-0.3872053325176239;[];
108.03125;MPIB3;44.999909245288336;37.3475430612412;-0.4662730097770691;-0.6087107062339783;0.6418474316596985;[];
108.09375;MPIB2;44.21478806207024;16.44207568520457;0.7887333631515503;-0.533538818359375;0.30520400404930115;[];
108.09375;MPIB1;15.300000011920929;22.56781606857774;0.8011906743049622;-0.4019079804420471;0.4432752728462219;[];
108.09375;MPIB4;50.31731716268723;51.79257600544261;-0.857494592666626;-0.33869463205337524;-0.3872053325176239;[];
108.09375;MPIB3;44.999909245288336;37.3475430612412;-0.4662730097770691;-0.6087107062339783;0.6418474316596985;[];
108.125;MPIB2;44.401149338260524;16.35178500732414;0.8377610445022583;-0.48629406094551086;0.24817942082881927;[];
108.125;MPIB1;15.300000011920929;22.56781606857774;0.8011906743049622;-0.4019079804420471;0.4432752728462219;[];
108.125;MPIB4;50.31731716268723;51.79257600544261;-0.857494592666626;-0.33869463205337524;-0.3872053325176239;[];
108.125;MPIB3;44.999909245288336;37.3475430612412;-0.4646100103855133;-0.6087107062339783;0.6430522799491882;[];
108.1875;MPIB2;44.58910929635629;16.251811469293784;0.8747137784957886;-0.42807504534721375;0.22705362737178802;[];
108.1875;MPIB1;15.300000011920929;22.56781606857774;0.8020985126495361;-0.3995363116264343;0.44377756118774414;[];
108.1875;MPIB4;50.31731716268723;51.79257600544261;-0.857494592666626;-0.33869463205337524;-0.3872053325176239;[];
108.1875;MPIB3;44.999909245288336;37.3475430612412;-0.4646100103855133;-0.6087107062339783;0.6430522799491882;[];
108.25;MPIB2;44.77794213487385;16.146551089007488;0.88215571641922;-0.4114549458026886;0.22898535430431366;[];
108.25;MPIB1;15.300000011920929;22.56781606857774;0.8032445311546326;-0.3995363116264343;0.4416997730731964;[];
108.25;MPIB4;50.31731716268723;51.79257600544261;-0.857494592666626;-0.33869463205337524;-0.3872053325176239;[];
108.25;MPIB3;44.999909245288336;37.3475430612412;-0.4646100103855133;-0.6087107062339783;0.6430522799491882;[];
108.28125;MPIB2;44.96738244305582;16.038627442294;0.8866752982139587;-0.3995363116264343;0.2326100766658783;[];
108.28125;MPIB1;15.300000011920929;22.56781606857774;0.8053658604621887;-0.39707398414611816;0.44005468487739563;[];
108.28125;MPIB4;50.31731716268723;51.79257600544261;-0.857494592666626;-0.33869463205337524;-0.3872053325176239;[];
108.28125;MPIB3;44.999909245288336;37.3475430612412;-0.46288207173347473;-0.6087107062339783;0.644297182559967;[];
108.34375;MPIB2;45.16151854769309;15.937599066857217;0.8657057285308838;-0.3874613642692566;0.3167945146560669;[];
108.34375;MPIB1;15.300000011920929;22.56781606857774;0.8053658604621887;-0.39707398414611816;0.44005468487739563;[];
108.34375;MPIB4;50.31731716268723;51.79257600544261;-0.857494592666626;-0.33869463205337524;-0.3872053325176239;[];
108.34375;MPIB3;44.999909245288336;37.3475430612412;-0.4595402479171753;-0.6087107062339783;0.6466849446296692;[];
108.375;MPIB2;45.35494698520091;15.926700773883908;0.8269002437591553;-0.37540847063064575;0.41861414909362793;[];
108.375;MPIB1;15.300000011920929;22.56781606857774;0.8053658604621887;-0.39707398414611816;0.44005468487739563;[];
108.375;MPIB4;50.31731716268723;51.79257600544261;-0.857494592666626;-0.33869463205337524;-0.3872053325176239;[];
108.375;MPIB3;44.999909245288336;37.3475430612412;-0.45780256390571594;-0.6087107062339783;0.6479162573814392;[];
108.4375;MPIB2;45.54655385342252;15.967740688645733;0.8133295774459839;-0.37540847063064575;0.44440609216690063;[];
108.4375;MPIB1;15.300000011920929;22.56781606857774;0.8074030876159668;-0.3946968615055084;0.4384576082229614;[];
108.4375;MPIB4;50.31731716268723;51.79257600544261;-0.857494592666626;-0.33869463205337524;-0.3872053325176239;[];
108.4375;MPIB3;44.999909245288336;37.3475430612412;-0.4544420540332794;-0.6087107062339783;0.6502776741981506;[];
108.5;MPIB2;45.73551704063961;16.040038097651347;0.796052098274231;-0.38020193576812744;0.47082921862602234;[];
108.5;MPIB1;15.300000011920929;22.56781606857774;0.8074030876159668;-0.3946968615055084;0.4384576082229614;[];
108.5;MPIB4;50.31731716268723;51.79257600544261;-0.857494592666626;-0.33869463205337524;-0.3872053325176239;[];
108.5;MPIB3;44.999909245288336;37.3475430612412;-0.45269477367401123;-0.6087107062339783;0.6514952778816223;[];
108.53125;MPIB2;45.93710637975398;16.06180650313985;0.7552942037582397;-0.39231711626052856;0.5249273777008057;[];
108.53125;MPIB1;15.300000011920929;22.56781606857774;0.8074030876159668;-0.3946968615055084;0.4384576082229614;[];
108.53125;MPIB4;50.31731716268723;51.79257600544261;-0.862470269203186;-0.33869463205337524;-0.37599197030067444;[];
108.53125;MPIB3;44.999909245288336;37.3475430612412;-0.4502452313899994;-0.6024546027183533;0.6589654684066772;[];
108.59375;MPIB2;46.1464765827745;16.061940607044164;0.7198944687843323;-0.3995363116264343;0.567496657371521;[];
108.59375;MPIB1;15.300000011920929;22.56781606857774;0.8074030876159668;-0.3946968615055084;0.4384576082229614;[];
108.59375;MPIB4;50.31731716268723;51.79257600544261;-0.8711990118026733;-0.3411290943622589;-0.35296136140823364;[];
108.59375;MPIB3;44.999909245288336;37.3475430612412;-0.4502452313899994;-0.6024546027183533;0.6589654684066772;[];
108.625;MPIB2;46.360607015219976;16.055927869293157;0.681231677532196;-0.4139001667499542;0.6037697196006775;[];
108.625;MPIB1;15.300000011920929;22.56781606857774;0.8082984685897827;-0.39231711626052856;0.4389438331127167;[];
108.625;MPIB4;50.31731716268723;51.79257600544261;-0.8730480670928955;-0.3411290943622589;-0.34836259484291077;[];
108.625;MPIB3;44.999909245288336;37.3475430612412;-0.4485379159450531;-0.6024546027183533;0.6601287722587585;[];
108.6875;MPIB2;46.57751743333027;16.052649704823096;0.6381988525390625;-0.4304995536804199;0.6381988525390625;[];
108.6875;MPIB1;15.300000011920929;22.56781606857774;0.811241626739502;-0.3874613642692566;0.43782666325569153;[];
108.6875;MPIB4;50.31731716268723;51.79257600544261;-0.8730480670928955;-0.3411290943622589;-0.34836259484291077;[];
108.6875;MPIB3;44.999909245288336;37.3475430612412;-0.4485379159450531;-0.6024546027183533;0.6601287722587585;[];
108.75;MPIB2;46.79539670540683;16.063114812681277;0.5599164366722107;-0.45627835392951965;0.6915386915206909;[];
108.75;MPIB1;15.300000011920929;22.56781606857774;0.8123722672462463;-0.3874613642692566;0.43572521209716797;[];
108.75;MPIB4;50.31731716268723;51.79257600544261;-0.8730480670928955;-0.3411290943622589;-0.34836259484291077;[];
108.75;MPIB3;44.999909245288336;37.3475430612412;-0.44682762026786804;-0.6024546027183533;0.6612876057624817;[];
108.78125;MPIB2;47.011887423332766;16.090903610649008;0.47092393040657043;-0.47021257877349854;0.7463586330413818;[];
108.78125;MPIB1;15.300000011920929;22.56781606857774;0.81325364112854;-0.3850736916065216;0.4361979365348816;[];
108.78125;MPIB4;50.31731716268723;51.79257600544261;-0.8730480670928955;-0.3411290943622589;-0.34836259484291077;[];
108.78125;MPIB3;44.999909245288336;37.3475430612412;-0.4451143443584442;-0.6024546027183533;0.6624420881271362;[];
108.84375;MPIB2;47.224944457309725;16.1377326023387;0.38996192812919617;-0.48855432868003845;0.7804887294769287;[];
108.84375;MPIB1;15.300000011920929;22.56781606857774;0.81325364112854;-0.3850736916065216;0.4361979365348816;[];
108.84375;MPIB4;50.31731716268723;51.79257600544261;-0.8730480670928955;-0.3411290943622589;-0.34836259484291077;[];
108.84375;MPIB3;44.999909245288336;37.3475430612412;-0.4398927688598633;-0.6024546027183533;0.6659209132194519;[];
108.875;MPIB2;47.34127361137308;16.163301234771154;0.3412928283214569;-0.5022124648094177;0.7944926023483276;[];
108.875;MPIB1;15.300000011920929;22.56781606857774;0.8153311610221863;-0.38259485363960266;0.4344979226589203;[];
108.875;MPIB4;50.31731716268723;51.79257600544261;-0.8730480670928955;-0.3411290943622589;-0.34836259484291077;[];
108.875;MPIB3;44.999909245288336;37.3475430612412;-0.4285363256931305;-0.6087107062339783;0.6676340699195862;[];
108.9375;MPIB2;47.40478933686919;16.177261709700815;0.30583158135414124;-0.5112216472625732;0.8031408190727234;[];
108.9375;MPIB1;15.300000011920929;22.56781606857774;0.8153311610221863;-0.38259485363960266;0.4344979226589203;[];
108.9375;MPIB4;50.31731716268723;51.79257600544261;-0.8730480670928955;-0.3411290943622589;-0.34836259484291077;[];
108.9375;MPIB3;44.999909245288336;37.3475430612412;-0.4083450138568878;-0.6107624769210815;0.6783294677734375;[];
109.0;MPIB2;47.4394689270182;16.184884129897767;0.2805063724517822;-0.5112216472625732;0.8123326301574707;[];
109.0;MPIB1;15.300000011920929;22.56781606857774;0.8181930780410767;-0.3778064548969269;0.43330734968185425;[];
109.0;MPIB4;50.31731716268723;51.79257600544261;-0.8730480670928955;-0.3411290943622589;-0.34836259484291077;[];
109.0;MPIB3;44.999909245288336;37.3475430612412;-0.39045289158821106;-0.6107624769210815;0.6887837052345276;[];
109.03125;MPIB2;47.4394689270182;16.184884129897767;0.25049540400505066;-0.5112216472625732;0.8220828175544739;[];
109.03125;MPIB1;15.300000011920929;22.56781606857774;0.8333408832550049;-0.37540847063064575;0.40564119815826416;[];
109.03125;MPIB4;50.31731716268723;51.79257600544261;-0.8730480670928955;-0.3411290943622589;-0.34836259484291077;[];
109.03125;MPIB3;44.999909245288336;37.3475430612412;-0.36890411376953125;-0.61492919921875;0.6969066858291626;[];
109.09375;MPIB2;47.4394689270182;16.184884129897767;0.2440248280763626;-0.5112216472625732;0.8240267038345337;[];
109.09375;MPIB1;15.300000011920929;22.56781606857774;0.8524852395057678;-0.37540847063064575;0.36369046568870544;[];
109.09375;MPIB4;50.31731716268723;51.79257600544261;-0.8730480670928955;-0.3411290943622589;-0.34836259484291077;[];
109.09375;MPIB3;44.999909245288336;37.3475430612412;-0.36455243825912476;-0.6169684529304504;0.6973939538002014;[];
109.125;MPIB2;47.47438737372494;16.189045971808724;0.2440248280763626;-0.5112216472625732;0.8240267038345337;[];
109.125;MPIB1;15.300000011920929;22.56781606857774;0.8737707138061523;-0.3729189932346344;0.312073290348053;[];
109.125;MPIB4;50.31731716268723;51.79257600544261;-0.8730480670928955;-0.3411290943622589;-0.34836259484291077;[];
109.125;MPIB3;44.999909245288336;37.3475430612412;-0.36267897486686707;-0.6169684529304504;0.6983700394630432;[];
109.1875;MPIB2;47.47438737372494;16.189045971808724;0.22995878756046295;-0.5044492483139038;0.8322057127952576;[];
109.1875;MPIB1;15.300000011920929;22.56781606857774;0.922484278678894;-0.3729189932346344;0.09943758696317673;[];
109.1875;MPIB4;50.31731716268723;51.79257600544261;-0.8730480670928955;-0.3411290943622589;-0.34836259484291077;[];
109.1875;MPIB3;44.999909245288336;37.3475430612412;-0.36267897486686707;-0.6169684529304504;0.6983700394630432;[];
109.25;MPIB2;47.47438737372494;16.189045971808724;0.21193420886993408;-0.49314841628074646;0.8436861038208008;[];
109.25;MPIB1;15.300000011920929;22.56781606857774;0.9241582751274109;-0.3729189932346344;-0.08235222101211548;[];
109.25;MPIB4;50.31731716268723;51.79257600544261;-0.8730921149253845;-0.34365129470825195;-0.3457629680633545;[];
109.25;MPIB3;44.999909245288336;37.3475430612412;-0.35905852913856506;-0.6169684529304504;0.7002383470535278;[];
109.28125;MPIB2;47.47438737372494;16.189045971808724;0.2042168378829956;-0.48403051495552063;0.8508399724960327;[];
109.28125;MPIB1;15.300000011920929;22.56781606857774;0.8801582455635071;-0.3729189932346344;-0.29349109530448914;[];
109.28125;MPIB4;50.31731716268723;51.79257600544261;-0.8740171790122986;-0.34365129470825195;-0.3434179425239563;[];
109.28125;MPIB3;44.999909245288336;37.3475430612412;-0.3527970314025879;-0.6190788745880127;0.7015570998191833;[];
109.34375;MPIB2;47.47438737372494;16.189045971808724;0.19809509813785553;-0.4794096350669861;0.8548941612243652;[];
109.34375;MPIB1;15.300000011920929;22.56781606857774;0.836047351360321;-0.3681102991104126;-0.4066801965236664;[];
109.34375;MPIB4;50.31731716268723;51.79257600544261;-0.874950647354126;-0.34608107805252075;-0.3385661840438843;[];
109.34375;MPIB3;44.999909245288336;37.3475430612412;-0.3490927815437317;-0.6190788745880127;0.7034076452255249;[];
109.375;MPIB2;47.47438737372494;16.189045971808724;0.19809509813785553;-0.4794096350669861;0.8548941612243652;[];
109.375;MPIB1;15.300000011920929;22.56781606857774;0.8285159468650818;-0.3582844138145447;-0.4301871955394745;[];
109.375;MPIB4;50.31731716268723;51.79257600544261;-0.874950647354126;-0.34608107805252075;-0.3385661840438843;[];
109.375;MPIB3;44.999909245288336;37.3475430612412;-0.3403235971927643;-0.6231363415718079;0.7041217684745789;[];
109.4375;MPIB2;47.47438737372494;16.189045971808724;0.19809509813785553;-0.4794096350669861;0.8548941612243652;[];
109.4375;MPIB1;15.300000011920929;22.56781606857774;0.8256009817123413;-0.3534461557865143;-0.43968838453292847;[];
109.4375;MPIB4;50.31731716268723;51.79257600544261;-0.874950647354126;-0.34608107805252075;-0.3385661840438843;[];
109.4375;MPIB3;44.999909245288336;37.3475430612412;-0.3296503722667694;-0.6272518038749695;0.7055438160896301;[];
109.5;MPIB2;47.47438737372494;16.189045971808724;0.19809509813785553;-0.4794096350669861;0.8548941612243652;[];
109.5;MPIB1;15.300000011920929;22.56781606857774;0.8201673030853271;-0.3411290943622589;-0.45915448665618896;[];
109.5;MPIB4;50.31731716268723;51.79257600544261;-0.8758834004402161;-0.3485085368156433;-0.33362773060798645;[];
109.5;MPIB3;44.999909245288336;37.3475430612412;-0.3134915828704834;-0.6313498020172119;0.709243655204773;[];
109.53125;MPIB2;47.47438737372494;16.189045971808724;0.19809509813785553;-0.4794096350669861;0.8548941612243652;[];
109.53125;MPIB1;15.300000011920929;22.56781606857774;0.789350688457489;-0.32884371280670166;-0.5183138251304626;[];
109.53125;MPIB4;50.31731716268723;51.79257600544261;-0.8957768678665161;-0.3583739101886749;-0.2628457248210907;[];
109.53125;MPIB3;44.999909245288336;37.3475430612412;-0.25788724422454834;-0.6414074897766113;0.7224931120872498;[];
109.59375;MPIB2;47.47438737372494;16.189045971808724;0.19809509813785553;-0.4794096350669861;0.8548941612243652;[];
109.59375;MPIB1;15.300000011920929;22.56781606857774;0.7324010729789734;-0.32884371280670166;-0.5960765480995178;[];
109.59375;MPIB4;50.31731716268723;51.79257600544261;-0.9246379733085632;-0.36078935861587524;0.12170083820819855;[];
109.59375;MPIB3;44.999909245288336;37.3475430612412;-0.15464507043361664;-0.657373309135437;0.737462043762207;[];
109.625;MPIB2;47.47438737372494;16.189045971808724;0.19809509813785553;-0.4794096350669861;0.8548941612243652;[];
109.625;MPIB1;15.300000011920929;22.56781606857774;0.6077269911766052;-0.32884371280670166;-0.7227627038955688;[];
109.625;MPIB4;50.31731716268723;51.79257600544261;-0.8861014246940613;-0.3729189932346344;0.2751169800758362;[];
109.625;MPIB3;44.999909245288336;37.3475430612412;-0.07856513559818268;-0.6593217849731445;0.7476812601089478;[];
109.6875;MPIB2;47.47438737372494;16.189045971808724;0.19809509813785553;-0.4794096350669861;0.8548941612243652;[];
109.6875;MPIB1;15.300000011920929;22.56781606857774;0.571023166179657;-0.32884371280670166;-0.7520986795425415;[];
109.6875;MPIB4;50.31731716268723;51.79257600544261;-0.8373075723648071;-0.39231711626052856;0.3807022273540497;[];
109.6875;MPIB3;44.999909245288336;37.3475430612412;-0.041935794055461884;-0.6454440355300903;0.7625935077667236;[];
109.75;MPIB2;47.47438737372494;16.189045971808724;0.19809509813785553;-0.4794096350669861;0.8548941612243652;[];
109.75;MPIB1;15.300000011920929;22.56781606857774;0.571023166179657;-0.32884371280670166;-0.7520986795425415;[];
109.75;MPIB4;50.31731716268723;51.79257600544261;-0.8270575404167175;-0.39231711626052856;0.402484655380249;[];
109.75;MPIB3;44.999909245288336;37.3475430612412;7.370748062385246E-5;-0.6394193172454834;0.7687968611717224;[];
109.78125;MPIB2;47.47438737372494;16.189045971808724;0.19809509813785553;-0.4794096350669861;0.8548941612243652;[];
109.78125;MPIB1;15.300000011920929;22.56781606857774;0.571023166179657;-0.32884371280670166;-0.7520986795425415;[];
109.78125;MPIB4;50.31731716268723;51.79257600544261;-0.8233941197395325;-0.3850736916065216;0.41673997044563293;[];
109.78125;MPIB3;44.999909245288336;37.3475430612412;0.0717264860868454;-0.6211097240447998;0.7803747653961182;[];
109.84375;MPIB2;47.47438737372494;16.189045971808724;0.19809509813785553;-0.4794096350669861;0.8548941612243652;[];
109.84375;MPIB1;15.300000011920929;22.56781606857774;0.571023166179657;-0.32884371280670166;-0.7520986795425415;[];
109.84375;MPIB4;50.31731716268723;51.79257600544261;-0.8211851716041565;-0.3850736916065216;0.4210759699344635;[];
109.84375;MPIB3;44.999909245288336;37.3475430612412;0.19128845632076263;-0.6087107062339783;0.769926905632019;[];
109.875;MPIB2;47.47438737372494;16.189045971808724;0.19809509813785553;-0.4794096350669861;0.8548941612243652;[];
109.875;MPIB1;15.300000011920929;22.56781606857774;0.571023166179657;-0.32884371280670166;-0.7520986795425415;[];
109.875;MPIB4;50.31731716268723;51.79257600544261;-0.8164622187614441;-0.3826834261417389;0.4322904646396637;[];
109.875;MPIB3;44.999909245288336;37.3475430612412;0.2907702624797821;-0.606654942035675;0.7398175597190857;[];
109.9375;MPIB2;47.47438737372494;16.189045971808724;0.19809509813785553;-0.4794096350669861;0.8548941612243652;[];
109.9375;MPIB1;15.300000011920929;22.56781606857774;0.5807815194129944;-0.32884371280670166;-0.7445885539054871;[];
109.9375;MPIB4;50.23082695626681;51.838656833155625;-0.81624436378479;-0.38020193576812744;0.43488410115242004;[];
109.9375;MPIB3;44.999909245288336;37.3475430612412;0.46692267060279846;-0.5707020163536072;0.6754202842712402;[];
110.0;MPIB2;47.47438737372494;16.189045971808724;0.19809509813785553;-0.4794096350669861;0.8548941612243652;[];
110.0;MPIB1;15.300000011920929;22.56781606857774;0.5905118584632874;-0.32884371280670166;-0.7368952035903931;[];
110.0;MPIB4;50.097721267648694;51.91102157796968;-0.8130996823310852;-0.3729189932346344;0.44691601395606995;[];
110.0;MPIB3;44.999909245288336;37.3475430612412;0.6205777525901794;-0.4794096350669861;0.620458722114563;[];
110.03125;MPIB2;47.47438737372494;16.189045971808724;0.19809509813785553;-0.4794096350669861;0.8548941612243652;[];
110.03125;MPIB1;15.300000011920929;22.56781606857774;0.6001402735710144;-0.32884371280670166;-0.7290747165679932;[];
110.03125;MPIB4;49.94081957079402;52.00063244881795;-0.8047303557395935;-0.35102346539497375;0.47867369651794434;[];
110.03125;MPIB3;44.999909245288336;37.3475430612412;0.7203316688537598;-0.3705158829689026;0.5863227248191833;[];
110.09375;MPIB2;47.47438737372494;16.189045971808724;0.19809509813785553;-0.4794096350669861;0.8548941612243652;[];
110.09375;MPIB1;15.300000011920929;22.56781606857774;0.60390704870224;-0.32884371280670166;-0.7259576320648193;[];
110.09375;MPIB4;49.77227025309435;52.10185473975076;-0.7964505553245544;-0.3362579047679901;0.502530038356781;[];
110.09375;MPIB3;44.999909245288336;37.3475430612412;0.7379223704338074;-0.3312872350215912;0.5879279971122742;[];
110.125;MPIB2;47.477469459555294;16.189045971808724;0.19809509813785553;-0.4794096350669861;0.8548941612243652;[];
110.125;MPIB1;15.300000011920929;22.56781606857774;0.6114609837532043;-0.32884371280670166;-0.7196063995361328;[];
110.125;MPIB4;49.59818865359466;52.21070564586603;-0.7906899452209473;-0.32884371280670166;0.5163444876670837;[];
110.125;MPIB3;45.07655047706362;37.40861041517525;0.7379223704338074;-0.3312872350215912;0.5879279971122742;[];
110.1875;MPIB2;47.477469459555294;16.189045971808724;0.19809509813785553;-0.4794096350669861;0.8548941612243652;[];
110.1875;MPIB1;15.300000011920929;22.56781606857774;0.6152473092079163;-0.32884371280670166;-0.7163717150688171;[];
110.1875;MPIB4;49.42137011618797;52.32415370141308;-0.7886641025543213;-0.32639798521995544;0.5209742188453674;[];
110.1875;MPIB3;45.195037826248836;37.503020548230126;0.7365455031394958;-0.3362579047679901;0.5868309736251831;[];
110.25;MPIB2;47.477469459555294;16.189045971808724;0.19809509813785553;-0.4794096350669861;0.8548941612243652;[];
110.25;MPIB1;15.300000011920929;22.56781606857774;0.6190165281295776;-0.32884371280670166;-0.7131171822547913;[];
110.25;MPIB4;49.32482718355027;52.38609634693657;-0.787312924861908;-0.32639798521995544;0.5230140089988708;[];
110.25;MPIB3;45.33324056158153;37.619372534211635;0.6884505748748779;-0.39707398414611816;0.6068757772445679;[];
110.28125;MPIB2;47.477469459555294;16.189045971808724;0.19809509813785553;-0.4794096350669861;0.8548941612243652;[];
110.28125;MPIB1;15.300000011920929;22.56781606857774;0.6208605766296387;-0.32884371280670166;-0.7115122675895691;[];
110.28125;MPIB4;49.27211473620741;52.419917035320765;-0.787312924861908;-0.32639798521995544;0.5230140089988708;[];
110.28125;MPIB3;45.47578268220718;37.754335268473255;0.6099544763565063;-0.4539734125137329;0.6494506597518921;[];
110.34375;MPIB2;47.477469459555294;16.189045971808724;0.19809509813785553;-0.4794096350669861;0.8548941612243652;[];
110.34375;MPIB1;15.300000011920929;22.56781606857774;0.6208605766296387;-0.32884371280670166;-0.7115122675895691;[];
110.34375;MPIB4;49.243333736615114;52.43838313332341;-0.787312924861908;-0.32639798521995544;0.5230140089988708;[];
110.34375;MPIB3;45.612245488082635;37.90654292571409;0.5295616388320923;-0.46555230021476746;0.7090461850166321;[];
110.375;MPIB2;47.477469459555294;16.189045971808724;0.19809509813785553;-0.4794096350669861;0.8548941612243652;[];
110.375;MPIB1;15.300000011920929;22.56781606857774;0.6208605766296387;-0.32884371280670166;-0.7115122675895691;[];
110.375;MPIB4;49.243333736615114;52.43838313332341;-0.787312924861908;-0.32639798521995544;0.5230140089988708;[];
110.375;MPIB3;45.74034557795403;38.07169170321629;0.4840208888053894;-0.46555230021476746;0.7408818006515503;[];
110.4375;MPIB2;47.477469459555294;16.189045971808724;0.19809509813785553;-0.4794096350669861;0.8548941612243652;[];
110.4375;MPIB1;15.364627666771412;22.49414609854219;0.6227004528045654;-0.32884371280670166;-0.7099025249481201;[];
110.4375;MPIB4;49.243333736615114;52.43838313332341;-0.7858943939208984;-0.3312872350215912;0.5220717191696167;[];
110.4375;MPIB3;45.85973237042617;38.24647071128467;0.4459395110607147;-0.46792641282081604;0.7629570960998535;[];
110.5;MPIB2;47.477469459555294;16.189045971808724;0.19809509813785553;-0.4794096350669861;0.8548941612243652;[];
110.5;MPIB1;15.464542025268884;22.380252320195126;0.6227004528045654;-0.32884371280670166;-0.7099025249481201;[];
110.5;MPIB4;49.21435450715717;52.456976417044956;-0.7814574241638184;-0.34608107805252075;0.5191242098808289;[];
110.5;MPIB3;45.972804083586425;38.427399153710894;0.43070435523986816;-0.47249555587768555;0.7688705325126648;[];
110.53125;MPIB2;47.477469459555294;16.189045971808724;0.19809509813785553;-0.4794096350669861;0.8548941612243652;[];
110.53125;MPIB1;15.584684960063328;22.245251539951653;0.6308234930038452;-0.33372852206230164;-0.7003869414329529;[];
110.53125;MPIB4;49.21435450715717;52.456976417044956;-0.7752606272697449;-0.3656129837036133;0.5150076746940613;[];
110.53125;MPIB3;46.08242776304178;38.611685187686476;0.43070435523986816;-0.47249555587768555;0.7688705325126648;[];
110.59375;MPIB2;47.477469459555294;16.189045971808724;0.19809509813785553;-0.4794096350669861;0.8548941612243652;[];
110.59375;MPIB1;15.719226458445178;22.101893428134304;0.6560338139533997;-0.36078935861587524;-0.6627991795539856;[];
110.59375;MPIB4;49.21435450715717;52.456976417044956;-0.7668160796165466;-0.3826834261417389;0.5152462720870972;[];
110.59375;MPIB3;46.190168815875495;38.79780446686095;0.43070435523986816;-0.47249555587768555;0.7688705325126648;[];
110.625;MPIB2;47.477469459555294;16.189045971808724;0.19809509813785553;-0.4794096350669861;0.8548941612243652;[];
110.625;MPIB1;15.868046236986402;21.96097125090745;0.7048524022102356;-0.3995363116264343;-0.5860071778297424;[];
110.625;MPIB4;49.21435450715717;52.456976417044956;-0.7629626989364624;-0.3899347484111786;0.5155287981033325;[];
110.625;MPIB3;46.29665224932933;38.98505295977529;0.4286388158798218;-0.47249555587768555;0.7700239419937134;[];
110.6875;MPIB2;47.477469459555294;16.189045971808724;0.19809509813785553;-0.4794096350669861;0.8548941612243652;[];
110.6875;MPIB1;16.027679055111776;21.825197378841665;0.7208840250968933;-0.43283456563949585;-0.5411383509635925;[];
110.6875;MPIB4;49.21435450715717;52.456976417044956;-0.7595439553260803;-0.3995363116264343;0.5132187604904175;[];
110.6875;MPIB3;46.40200505360008;39.173163619303125;0.4246465265750885;-0.47249555587768555;0.772232711315155;[];
110.75;MPIB2;47.477469459555294;16.189045971808724;0.19809509813785553;-0.4794096350669861;0.8548941612243652;[];
110.75;MPIB1;16.195902607009543;21.695995590685015;0.7319900989532471;-0.46555230021476746;-0.49729540944099426;[];
110.75;MPIB4;49.21435450715717;52.456976417044956;-0.7555416822433472;-0.4067308008670807;0.5134741067886353;[];
110.75;MPIB3;46.50674053426519;39.36174502185662;0.4246465265750885;-0.47249555587768555;0.772232711315155;[];
110.78125;MPIB2;47.477469459555294;16.189045971808724;0.19809509813785553;-0.4794096350669861;0.8548941612243652;[];
110.78125;MPIB1;16.36967251848273;21.57166351161061;0.7303351759910583;-0.48629406094551086;-0.47956228256225586;[];
110.78125;MPIB4;49.21435450715717;52.456976417044956;-0.7537896037101746;-0.4114549458026886;0.5122833251953125;[];
110.78125;MPIB3;46.61113895620247;39.550583450131995;0.4246465265750885;-0.47249555587768555;0.772232711315155;[];
110.84375;MPIB2;47.477469459555294;16.189045971808724;0.19809509813785553;-0.4794096350669861;0.8548941612243652;[];
110.84375;MPIB1;16.4645509011674;21.50377818855091;0.7174577116966248;-0.5202569365501404;-0.46307477355003357;[];
110.84375;MPIB4;49.21435450715717;52.456976417044956;-0.7506588101387024;-0.41625523567199707;0.5130012631416321;[];
110.84375;MPIB3;46.66814050120115;39.65368924394636;0.42664408683776855;-0.47249555587768555;0.7711309194564819;[];
110.875;MPIB2;47.477469459555294;16.189045971808724;0.19809509813785553;-0.4794096350669861;0.8548941612243652;[];
110.875;MPIB1;16.46386125227025;21.383957396124543;0.7020859718322754;-0.5554904937744141;-0.44537293910980225;[];
110.875;MPIB4;49.21435450715717;52.456976417044956;-0.7497665286064148;-0.4186075031757355;0.5123914480209351;[];
110.875;MPIB3;46.69926334838533;39.7099850139079;0.42742085456848145;-0.4771362841129303;0.7678359150886536;[];
110.9375;MPIB2;47.572391629598286;16.16468747015088;0.21661601960659027;-0.4908948540687561;0.8438114523887634;[];
110.9375;MPIB1;16.412892128429917;21.234832507708518;0.685645580291748;-0.5961612462997437;-0.4175347089767456;[];
110.9375;MPIB4;49.21435450715717;52.456976417044956;-0.7488691806793213;-0.42095696926116943;0.5117781758308411;[];
110.9375;MPIB3;46.71625642492177;39.74072250787714;0.42763370275497437;-0.48403051495552063;0.7633889317512512;[];
111.0;MPIB2;47.71803010856269;16.18601098451674;0.3522595465183258;-0.5401714444160461;0.7642256617546082;[];
111.0;MPIB1;16.33608197639205;21.068528869370937;0.6884605884552002;-0.606654942035675;-0.39729955792427063;[];
111.0;MPIB4;49.21435450715717;52.456976417044956;-0.7488691806793213;-0.42095696926116943;0.5117781758308411;[];
111.0;MPIB3;46.71625642492177;39.74072250787714;0.42640307545661926;-0.48855432868003845;0.7611920833587646;[];
111.03125;MPIB2;47.895017744223146;16.219990234374393;0.44177117943763733;-0.5555702447891235;0.7043375968933105;[];
111.03125;MPIB1;16.254765253693222;20.88798665439404;0.7205749154090881;-0.6169684529304504;-0.3162038326263428;[];
111.03125;MPIB4;49.21435450715717;52.456976417044956;-0.7479332685470581;-0.4233904778957367;0.5111386179924011;[];
111.03125;MPIB3;46.71625642492177;39.74072250787714;0.4271010458469391;-0.49314841628074646;0.7578305006027222;[];
111.09375;MPIB2;48.090020546546626;16.256513044249715;0.4710801839828491;-0.5598674416542053;0.6815738677978516;[];
111.09375;MPIB1;16.182305278196736;20.695513966140652;0.7508296966552734;-0.6211097240447998;-0.22439216077327728;[];
111.09375;MPIB4;49.21435450715717;52.456976417044956;-0.7479332685470581;-0.4233904778957367;0.5111386179924011;[];
111.09375;MPIB3;46.7306005549699;39.77167170711661;0.4264727234840393;-0.49539870023727417;0.7567156553268433;[];
111.125;MPIB2;48.295335693308445;16.29158806418701;0.49048611521720886;-0.5598674416542053;0.6677445769309998;[];
111.125;MPIB1;16.118383625322508;20.495499364073083;0.7574920058250427;-0.6231363415718079;-0.19438421726226807;[];
111.125;MPIB4;49.21435450715717;52.456976417044956;-0.7479332685470581;-0.4233904778957367;0.5111386179924011;[];
111.125;MPIB3;46.7306005549699;39.77167170711661;0.42581814527511597;-0.4977288246154785;0.75555419921875;[];
111.1875;MPIB2;48.506397282019364;16.325094988530594;0.4957205057144165;-0.5598674416542053;0.6638680100440979;[];
111.1875;MPIB1;16.083482398799333;20.386291378659394;0.7942084670066833;-0.5961612462997437;-0.11711107939481735;[];
111.1875;MPIB4;49.21435450715717;52.456976417044956;-0.7479332685470581;-0.4233904778957367;0.5111386179924011;[];
111.1875;MPIB3;46.7306005549699;39.77167170711661;0.42713552713394165;-0.49997231364250183;0.753325879573822;[];
111.25;MPIB2;48.720669421737036;16.357233158712518;0.499150812625885;-0.5598674416542053;0.6612926721572876;[];
111.25;MPIB1;16.064426326904254;20.326663811697614;0.8313978910446167;-0.5554904937744141;0.010920798406004906;[];
111.25;MPIB4;49.21435450715717;52.456976417044956;-0.7519285678863525;-0.4233904778957367;0.5052429437637329;[];
111.25;MPIB3;46.7306005549699;39.77167170711661;0.42713552713394165;-0.49997231364250183;0.753325879573822;[];
111.28125;MPIB2;48.936731320925574;16.388358062912715;0.5017989277839661;-0.5577207207679749;0.6611025929450989;[];
111.28125;MPIB1;16.05402171044102;20.294107156354954;0.8362987041473389;-0.5467707514762878;0.03947741910815239;[];
111.28125;MPIB4;49.21435450715717;52.456976417044956;-0.7667682766914368;-0.4186075031757355;0.4865812063217163;[];
111.28125;MPIB3;46.7306005549699;39.77167170711661;0.42713552713394165;-0.49997231364250183;0.753325879573822;[];
111.34375;MPIB2;49.15377042889871;16.4189297238226;0.5026702284812927;-0.5555702447891235;0.6622505784034729;[];
111.34375;MPIB1;16.05402171044102;20.294107156354954;0.8484277725219727;-0.526954710483551;0.04902232438325882;[];
111.34375;MPIB4;49.21435450715717;52.456976417044956;-0.774013102054596;-0.41625523567199707;0.4770352840423584;[];
111.34375;MPIB3;46.7306005549699;39.77167170711661;0.4284413456916809;-0.5022124648094177;0.7510907649993896;[];
111.375;MPIB2;49.37134309293021;16.449199313860902;0.5035702586174011;-0.5533362030982971;0.6634362936019897;[];
111.375;MPIB1;16.05402171044102;20.294107156354954;0.8644269704818726;-0.4977288246154785;0.07035058736801147;[];
111.375;MPIB4;49.21435450715717;52.456976417044956;-0.7761617302894592;-0.4139001667499542;0.47559159994125366;[];
111.375;MPIB3;46.7306005549699;39.77167170711661;0.4284413456916809;-0.5022124648094177;0.7510907649993896;[];
111.4375;MPIB2;49.58917028018585;16.479569899306853;0.5035068392753601;-0.5490164160728455;0.6670636534690857;[];
111.4375;MPIB1;16.045239005830126;20.261326266221914;0.8690282702445984;-0.48855432868003845;0.07760685682296753;[];
111.4375;MPIB4;49.21435450715717;52.456976417044956;-0.7761617302894592;-0.4139001667499542;0.47559159994125366;[];
111.4375;MPIB3;46.7306005549699;39.77167170711661;0.4284413456916809;-0.5022124648094177;0.7510907649993896;[];
111.5;MPIB2;49.807136437138006;16.509995628251772;0.5035068392753601;-0.5490164160728455;0.6670636534690857;[];
111.5;MPIB1;16.045239005830126;20.261326266221914;0.8698633313179016;-0.48629406094551086;0.08230706304311752;[];
111.5;MPIB4;49.21435450715717;52.456976417044956;-0.7761617302894592;-0.4139001667499542;0.47559159994125366;[];
111.5;MPIB3;46.7306005549699;39.77167170711661;0.4284413456916809;-0.5022124648094177;0.7510907649993896;[];
111.53125;MPIB2;49.92614597265715;16.526608078185262;0.49563735723495483;-0.5467707514762878;0.6747574210166931;[];
111.53125;MPIB1;16.045239005830126;20.261326266221914;0.871254026889801;-0.4816797375679016;0.09391531348228455;[];
111.53125;MPIB4;49.21435450715717;52.456976417044956;-0.7761617302894592;-0.4139001667499542;0.47559159994125366;[];
111.53125;MPIB3;46.7306005549699;39.77167170711661;0.43239593505859375;-0.5022124648094177;0.7488211393356323;[];
111.59375;MPIB2;49.99112518659811;16.53567847690249;0.4239446222782135;-0.5533362030982971;0.7169390916824341;[];
111.59375;MPIB1;16.045239005830126;20.261326266221914;0.8732134103775024;-0.4771362841129303;0.09878722578287125;[];
111.59375;MPIB4;49.21435450715717;52.456976417044956;-0.7761617302894592;-0.4139001667499542;0.47559159994125366;[];
111.59375;MPIB3;46.7306005549699;39.77167170711661;0.43433284759521484;-0.5022124648094177;0.7476993203163147;[];
111.625;MPIB2;50.026603841530815;16.54063091517733;0.3631822466850281;-0.5577207207679749;0.7462958693504333;[];
111.625;MPIB1;16.045239005830126;20.261326266221914;0.8754423260688782;-0.47249555587768555;0.10133522748947144;[];
111.625;MPIB4;49.21435450715717;52.456976417044956;-0.7761617302894592;-0.4139001667499542;0.47559159994125366;[];
111.625;MPIB3;46.7306005549699;39.77167170711661;0.43433284759521484;-0.5022124648094177;0.7476993203163147;[];
111.6875;MPIB2;50.026603841530815;16.54063091517733;0.34743383526802063;-0.5577207207679749;0.7537562847137451;[];
111.6875;MPIB1;16.045239005830126;20.261326266221914;0.8809385299682617;-0.460964173078537;0.10668183118104935;[];
111.6875;MPIB4;49.21435450715717;52.456976417044956;-0.7761617302894592;-0.4139001667499542;0.47559159994125366;[];
111.6875;MPIB3;46.7306005549699;39.77167170711661;0.43433284759521484;-0.5022124648094177;0.7476993203163147;[];
111.75;MPIB2;50.026603841530815;16.54063091517733;0.3395380675792694;-0.5577207207679749;0.7573458552360535;[];
111.75;MPIB1;16.045239005830126;20.261326266221914;0.8809385299682617;-0.460964173078537;0.10668183118104935;[];
111.75;MPIB4;49.21435450715717;52.456976417044956;-0.7761617302894592;-0.4139001667499542;0.47559159994125366;[];
111.75;MPIB3;46.7306005549699;39.77167170711661;0.43433284759521484;-0.5022124648094177;0.7476993203163147;[];
111.78125;MPIB2;50.06232685660025;16.54063091517733;0.3335736393928528;-0.5577207207679749;0.7599917054176331;[];
111.78125;MPIB1;16.045239005830126;20.261326266221914;0.8845095634460449;-0.4539734125137329;0.1071142852306366;[];
111.78125;MPIB4;49.21435450715717;52.456976417044956;-0.7761617302894592;-0.4139001667499542;0.47559159994125366;[];
111.78125;MPIB3;46.7306005549699;39.77167170711661;0.43568089604377747;-0.5044492483139038;0.7454056739807129;[];
111.84375;MPIB2;50.06232685660025;16.54063091517733;0.3190445303916931;-0.5598674416542053;0.7646372318267822;[];
111.84375;MPIB1;16.045239005830126;20.261326266221914;0.885716438293457;-0.45157986879348755;0.10726043581962585;[];
111.84375;MPIB4;49.21435450715717;52.456976417044956;-0.7761617302894592;-0.4139001667499542;0.47559159994125366;[];
111.84375;MPIB3;46.7306005549699;39.77167170711661;0.43568089604377747;-0.5044492483139038;0.7454056739807129;[];
111.875;MPIB2;50.06232685660025;16.54063091517733;0.308974027633667;-0.5598674416542053;0.7687616944313049;[];
111.875;MPIB1;16.045239005830126;20.261326266221914;0.8880259394645691;-0.446954607963562;0.10754011571407318;[];
111.875;MPIB4;49.21435450715717;52.456976417044956;-0.7761617302894592;-0.4139001667499542;0.47559159994125366;[];
111.875;MPIB3;46.7306005549699;39.77167170711661;0.43568089604377747;-0.5044492483139038;0.7454056739807129;[];
111.9375;MPIB2;50.06232685660025;16.54063091517733;0.2969230115413666;-0.5598674416542053;0.7734960913658142;[];
111.9375;MPIB1;16.045239005830126;20.261326266221914;0.8998979926109314;-0.4233904778957367;0.10416604578495026;[];
111.9375;MPIB4;49.21435450715717;52.456976417044956;-0.7761617302894592;-0.4139001667499542;0.47559159994125366;[];
111.9375;MPIB3;46.7306005549699;39.77167170711661;0.43568089604377747;-0.5044492483139038;0.7454056739807129;[];
112.0;MPIB2;50.06232685660025;16.54063091517733;0.27760255336761475;-0.5642287731170654;0.7774917483329773;[];
112.0;MPIB1;16.045239005830126;20.261326266221914;0.9021037220954895;-0.4186075031757355;0.10442136973142624;[];
112.0;MPIB4;49.21435450715717;52.456976417044956;-0.7761617302894592;-0.4139001667499542;0.47559159994125366;[];
112.0;MPIB3;46.7306005549699;39.77167170711661;0.43568089604377747;-0.5044492483139038;0.7454056739807129;[];
112.03125;MPIB2;50.06232685660025;16.54063091517733;0.26946255564689636;-0.5642287731170654;0.7803502678871155;[];
112.03125;MPIB1;16.045239005830126;20.261326266221914;0.9042842984199524;-0.41381287574768066;0.10467378050088882;[];
112.03125;MPIB4;49.21435450715717;52.456976417044956;-0.7761617302894592;-0.4139001667499542;0.47559159994125366;[];
112.03125;MPIB3;46.7306005549699;39.77167170711661;0.43568089604377747;-0.5044492483139038;0.7454056739807129;[];
112.09375;MPIB2;50.06232685660025;16.54063091517733;0.26946255564689636;-0.5642287731170654;0.7803502678871155;[];
112.09375;MPIB1;16.045239005830126;20.261326266221914;0.9147469401359558;-0.39231711626052856;0.09620880335569382;[];
112.09375;MPIB4;49.21435450715717;52.456976417044956;-0.7761617302894592;-0.4139001667499542;0.47559159994125366;[];
112.09375;MPIB3;46.7306005549699;39.77167170711661;0.43568089604377747;-0.5044492483139038;0.7454056739807129;[];
112.125;MPIB2;50.06232685660025;16.54063091517733;0.2653439939022064;-0.5642287731170654;0.7817602753639221;[];
112.125;MPIB1;16.14287196531518;20.269799927018795;0.9346655607223511;-0.34608107805252075;0.08103026449680328;[];
112.125;MPIB4;49.21435450715717;52.456976417044956;-0.7761617302894592;-0.4139001667499542;0.47559159994125366;[];
112.125;MPIB3;46.7306005549699;39.77167170711661;0.43568089604377747;-0.5044492483139038;0.7454056739807129;[];
112.1875;MPIB2;50.06232685660025;16.54063091517733;0.2653439939022064;-0.5642287731170654;0.7817602753639221;[];
112.1875;MPIB1;16.293951323736792;20.281111041487435;0.9480107426643372;-0.3114960789680481;0.06472263485193253;[];
112.1875;MPIB4;49.21435450715717;52.456976417044956;-0.7761617302894592;-0.4139001667499542;0.47559159994125366;[];
112.1875;MPIB3;46.7306005549699;39.77167170711661;0.43568089604377747;-0.5044492483139038;0.7454056739807129;[];
112.25;MPIB2;50.06232685660025;16.54063091517733;0.2653439939022064;-0.5642287731170654;0.7817602753639221;[];
112.25;MPIB1;16.474230002737613;20.293708917229765;0.9498013854026794;-0.3064810633659363;0.06237521395087242;[];
112.25;MPIB4;49.21435450715717;52.456976417044956;-0.7761617302894592;-0.4139001667499542;0.47559159994125366;[];
112.25;MPIB3;46.7306005549699;39.77167170711661;0.43568089604377747;-0.5044492483139038;0.7454056739807129;[];
112.28125;MPIB2;50.06232685660025;16.54063091517733;0.2653439939022064;-0.5642287731170654;0.7817602753639221;[];
112.28125;MPIB1;16.670451512626414;20.30700936470913;0.9498013854026794;-0.3064810633659363;0.06237521395087242;[];
112.28125;MPIB4;49.21435450715717;52.456976417044956;-0.7773903012275696;-0.4139001667499542;0.47358083724975586;[];
112.28125;MPIB3;46.7306005549699;39.77167170711661;0.43568089604377747;-0.5044492483139038;0.7454056739807129;[];
112.34375;MPIB2;50.06232685660025;16.54063091517733;0.2653439939022064;-0.5642287731170654;0.7817602753639221;[];
112.34375;MPIB1;16.87537780919115;20.32069341640147;0.9498013854026794;-0.3064810633659363;0.06237521395087242;[];
112.34375;MPIB4;49.21435450715717;52.456976417044956;-0.7832937240600586;-0.4114549458026886;0.46592262387275696;[];
112.34375;MPIB3;46.7306005549699;39.77167170711661;0.43568089604377747;-0.5044492483139038;0.7454056739807129;[];
112.375;MPIB2;50.06232685660025;16.54063091517733;0.2653439939022064;-0.5642287731170654;0.7817602753639221;[];
112.375;MPIB1;17.085056919832937;20.334586916018424;0.9473670721054077;-0.31395483016967773;0.06221534684300423;[];
112.375;MPIB4;49.21435450715717;52.456976417044956;-0.7856953144073486;-0.4114549458026886;0.46186116337776184;[];
112.375;MPIB3;46.7306005549699;39.77167170711661;0.43568089604377747;-0.5044492483139038;0.7454056739807129;[];
112.4375;MPIB2;50.06232685660025;16.54063091517733;0.2653439939022064;-0.5642287731170654;0.7817602753639221;[];
112.4375;MPIB1;17.297331067262235;20.348594774215485;0.945701539516449;-0.3189568817615509;0.06210596486926079;[];
112.4375;MPIB4;49.21435450715717;52.456976417044956;-0.7923162579536438;-0.4067308008670807;0.45467978715896606;[];
112.4375;MPIB3;46.7306005549699;39.77167170711661;0.43568089604377747;-0.5044492483139038;0.7454056739807129;[];
112.5;MPIB2;50.06232685660025;16.54063091517733;0.2653439939022064;-0.5642287731170654;0.7817602753639221;[];
112.5;MPIB1;17.511022104942185;20.36266507220455;0.9440406560897827;-0.3238593637943268;0.06199689209461212;[];
112.5;MPIB4;49.21435450715717;52.456976417044956;-0.793533980846405;-0.4067308008670807;0.4525512158870697;[];
112.5;MPIB3;46.7306005549699;39.77167170711661;0.43568089604377747;-0.5044492483139038;0.7454056739807129;[];
112.53125;MPIB2;50.06232685660025;16.54063091517733;0.2653439939022064;-0.5642287731170654;0.7817602753639221;[];
112.53125;MPIB1;17.725486764788798;20.376769462324006;0.941470205783844;-0.3312872350215912;0.06182808429002762;[];
112.53125;MPIB4;49.21435450715717;52.456976417044956;-0.7947028279304504;-0.4067308008670807;0.45049554109573364;[];
112.53125;MPIB3;46.7306005549699;39.77167170711661;0.43568089604377747;-0.5044492483139038;0.7454056739807129;[];
112.59375;MPIB2;50.06232685660025;16.54063091517733;0.2653439939022064;-0.5642287731170654;0.7817602753639221;[];
112.59375;MPIB1;17.940356239017206;20.391154955359866;0.9378006458282471;-0.3411290943622589;0.06402557343244553;[];
112.59375;MPIB4;49.21435450715717;52.456976417044956;-0.7947028279304504;-0.4067308008670807;0.45049554109573364;[];
112.59375;MPIB3;46.7306005549699;39.77167170711661;0.43568089604377747;-0.5044492483139038;0.7454056739807129;[];
112.625;MPIB2;50.06232685660025;16.54063091517733;0.26487359404563904;-0.5663641095161438;0.7803744077682495;[];
112.625;MPIB1;18.133726779565336;20.334077767128605;0.9352737069129944;-0.34608107805252075;0.07367981970310211;[];
112.625;MPIB4;49.21435450715717;52.456976417044956;-0.7947028279304504;-0.4067308008670807;0.45049554109573364;[];
112.625;MPIB3;46.7306005549699;39.77167170711661;0.43568089604377747;-0.5044492483139038;0.7454056739807129;[];
112.6875;MPIB2;50.06232685660025;16.54063091517733;0.26850536465644836;-0.5684955716133118;0.7775782346725464;[];
112.6875;MPIB1;18.316370391782357;20.239185710898113;0.9312614798545837;-0.3534461557865143;0.0881166011095047;[];
112.6875;MPIB4;49.21435450715717;52.456976417044956;-0.7968149185180664;-0.404276967048645;0.44897139072418213;[];
112.6875;MPIB3;46.7306005549699;39.77167170711661;0.43568089604377747;-0.5044492483139038;0.7454056739807129;[];
112.75;MPIB2;50.06232685660025;16.54063091517733;0.2766164243221283;-0.5684955716133118;0.7747299075126648;[];
112.75;MPIB1;18.495758701633804;20.126930417552444;0.9221078157424927;-0.3656129837036133;0.1264079362154007;[];
112.75;MPIB4;49.21435450715717;52.456976417044956;-0.7968149185180664;-0.404276967048645;0.44897139072418213;[];
112.75;MPIB3;46.7306005549699;39.77167170711661;0.43568089604377747;-0.5044492483139038;0.7454056739807129;[];
112.78125;MPIB2;50.065479957867545;16.54063091517733;0.2781030237674713;-0.5707020163536072;0.7725723385810852;[];
112.78125;MPIB1;18.67938378444967;20.014072598280933;0.892654299736023;-0.39231711626052856;0.22178009152412415;[];
112.78125;MPIB4;49.21435450715717;52.456976417044956;-0.7968149185180664;-0.404276967048645;0.44897139072418213;[];
112.78125;MPIB3;46.7306005549699;39.77167170711661;0.43568089604377747;-0.5044492483139038;0.7454056739807129;[];
112.84375;MPIB2;50.065479957867545;16.54063091517733;0.28217294812202454;-0.5707020163536072;0.7710951566696167;[];
112.84375;MPIB1;18.86979456519225;19.90917741685155;0.862921416759491;-0.404276967048645;0.3030773103237152;[];
112.84375;MPIB4;49.21435450715717;52.456976417044956;-0.797724187374115;-0.4019079804420471;0.449483722448349;[];
112.84375;MPIB3;46.7306005549699;39.77167170711661;0.43568089604377747;-0.5044492483139038;0.7454056739807129;[];
112.875;MPIB2;50.065479957867545;16.54063091517733;0.28616124391555786;-0.5707020163536072;0.7696239948272705;[];
112.875;MPIB1;19.066154139384707;19.813654016005216;0.8409947752952576;-0.41381287574768066;0.3484458923339844;[];
112.875;MPIB4;49.21435450715717;52.456976417044956;-0.798927903175354;-0.4019079804420471;0.44734063744544983;[];
112.875;MPIB3;46.7306005549699;39.77167170711661;0.4369209408760071;-0.5067653059959412;0.7431051135063171;[];
112.9375;MPIB2;50.065479957867545;16.54063091517733;0.28822624683380127;-0.5707020163536072;0.7688530087471008;[];
112.9375;MPIB1;19.26947335130933;19.733867333983596;0.7867487072944641;-0.4375820457935333;0.43528494238853455;[];
112.9375;MPIB4;49.21435450715717;52.456976417044956;-0.798927903175354;-0.4019079804420471;0.44734063744544983;[];
112.9375;MPIB3;46.7306005549699;39.77167170711661;0.4369209408760071;-0.5067653059959412;0.7431051135063171;[];
113.0;MPIB2;50.065479957867545;16.54063091517733;0.28822624683380127;-0.5707020163536072;0.7688530087471008;[];
113.0;MPIB1;19.478862218596078;19.672358101146017;0.7299341559410095;-0.460964173078537;0.5046085119247437;[];
113.0;MPIB4;49.21435450715717;52.456976417044956;-0.798927903175354;-0.4019079804420471;0.44734063744544983;[];
113.0;MPIB3;46.7306005549699;39.77167170711661;0.4408332407474518;-0.5067653059959412;0.7407909035682678;[];
113.03125;MPIB2;50.065479957867545;16.54063091517733;0.28822624683380127;-0.5707020163536072;0.7688530087471008;[];
113.03125;MPIB1;19.69211881544311;19.624186370650023;0.7104146480560303;-0.46555230021476746;0.5277245044708252;[];
113.03125;MPIB4;49.21435450715717;52.456976417044956;-0.798927903175354;-0.4019079804420471;0.44734063744544983;[];
113.03125;MPIB3;46.7306005549699;39.77167170711661;0.4408332407474518;-0.5067653059959412;0.7407909035682678;[];
113.09375;MPIB2;50.065479957867545;16.54063091517733;0.28822624683380127;-0.5707020163536072;0.7688530087471008;[];
113.09375;MPIB1;19.908207656568493;19.589534144748058;0.6702213883399963;-0.4794096350669861;0.5664706230163574;[];
113.09375;MPIB4;49.21435450715717;52.456976417044956;-0.798927903175354;-0.4019079804420471;0.44734063744544983;[];
113.09375;MPIB3;46.7306005549699;39.77167170711661;0.4401608407497406;-0.5089951753616333;0.7396609783172607;[];
113.125;MPIB2;50.065479957867545;16.54063091517733;0.28822624683380127;-0.5707020163536072;0.7688530087471008;[];
113.125;MPIB1;20.125586022131642;19.58160765690195;0.5470169186592102;-0.48403051495552063;0.6829390525817871;[];
113.125;MPIB4;49.12884623510536;52.50485473457988;-0.8025497198104858;-0.39231711626052856;0.44936856627464294;[];
113.125;MPIB3;46.82919562282859;39.78834818147922;0.4850325584411621;-0.5467707514762878;0.6824202537536621;[];
113.1875;MPIB2;50.065479957867545;16.54063091517733;0.29021552205085754;-0.5707020163536072;0.7681043148040771;[];
113.1875;MPIB1;20.339535467149744;19.607699661521053;0.4012598693370819;-0.48403051495552063;0.7775755524635315;[];
113.1875;MPIB4;48.99819807569202;52.58153944706092;-0.7998054623603821;-0.3583739101886749;0.4814719259738922;[];
113.1875;MPIB3;46.969888552120665;39.74790713186579;0.7527245283126831;-0.6252336502075195;0.2059004008769989;[];
113.25;MPIB2;50.065479957867545;16.54063091517733;0.29220283031463623;-0.5707020163536072;0.7673504948616028;[];
113.25;MPIB1;20.747969643851775;19.69999998807907;0.23523393273353577;-0.48403051495552063;0.8427919149398804;[];
113.25;MPIB4;48.67765575923772;52.780577272688134;-0.7900100350379944;-0.32639798521995544;0.518930971622467;[];
113.25;MPIB3;47.14130720196658;39.46635896372203;0.588016152381897;-0.6252336502075195;-0.512999415397644;[];
113.28125;MPIB2;50.065479957867545;16.54063091517733;0.29220283031463623;-0.5707020163536072;0.7673504948616028;[];
113.28125;MPIB1;20.747969643851775;19.69999998807907;0.23523393273353577;-0.48403051495552063;0.8427919149398804;[];
113.28125;MPIB4;48.67765575923772;52.780577272688134;-0.7900100350379944;-0.32639798521995544;0.518930971622467;[];
113.28125;MPIB3;47.14130720196658;39.46635896372203;0.588016152381897;-0.6252336502075195;-0.512999415397644;[];
113.34375;MPIB2;50.065479957867545;16.54063091517733;0.29220283031463623;-0.5707020163536072;0.7673504948616028;[];
113.34375;MPIB1;20.857493700234613;19.69999998807907;0.1596546471118927;-0.4816797375679016;0.8616345524787903;[];
113.34375;MPIB4;48.506294203577;52.89367220331846;-0.7830718159675598;-0.3064810633659363;0.5411210060119629;[];
113.34375;MPIB3;47.18304931578268;39.2770304472142;0.5853520631790161;-0.6252336502075195;-0.5160370469093323;[];
113.375;MPIB2;50.065479957867545;16.54063091517733;0.29220283031463623;-0.5707020163536072;0.7673504948616028;[];
113.375;MPIB1;20.917293841965602;19.69999998807907;0.09149257838726044;-0.4816797375679016;0.8715117573738098;[];
113.375;MPIB4;48.3329934478752;53.01239533231339;-0.777653694152832;-0.29404398798942566;0.5556429624557495;[];
113.375;MPIB3;47.21238401105984;39.073871394555766;0.5976093411445618;-0.606654942035675;-0.524099588394165;[];
113.4375;MPIB2;50.065479957867545;16.54063091517733;0.29426172375679016;-0.5707020163536072;0.766563355922699;[];
113.4375;MPIB1;20.949944723143176;19.69999998807907;0.03435305133461952;-0.4816797375679016;0.8756274580955505;[];
113.4375;MPIB4;48.15984760330821;53.13585296724776;-0.7676457762718201;-0.2865208685398102;0.5732129812240601;[];
113.4375;MPIB3;47.30242279631261;38.89872243731702;0.6133370399475098;-0.5834643840789795;-0.5321968793869019;[];
113.5;MPIB2;50.065479957867545;16.54063091517733;0.29973769187927246;-0.5728257298469543;0.7628485560417175;[];
113.5;MPIB1;20.949944723143176;19.69999998807907;-0.025258351117372513;-0.48855432868003845;0.8721209764480591;[];
113.5;MPIB4;47.98755752747661;53.26291448727022;-0.7612951993942261;-0.28146493434906006;0.5840850472450256;[];
113.5;MPIB3;47.42822521054609;38.742016391625015;0.6613511443138123;-0.533538818359375;-0.5270650386810303;[];
113.53125;MPIB2;50.065479957867545;16.54063091517733;0.2991943657398224;-0.5749456286430359;0.7614657282829285;[];
113.53125;MPIB1;20.949944723143176;19.69999998807907;-0.12009704113006592;-0.4977288246154785;0.8589295148849487;[];
113.53125;MPIB4;47.817004258010684;53.393562978361615;-0.7511199712753296;-0.27142199873924255;0.6017463803291321;[];
113.53125;MPIB3;47.586649969698556;38.61706790422869;0.8212010264396667;-0.44223135709762573;-0.36045464873313904;[];
113.59375;MPIB2;50.065479957867545;16.54063091517733;0.303132563829422;-0.5749456286430359;0.7599065899848938;[];
113.59375;MPIB1;20.98282048809392;19.69999998807907;-0.19514229893684387;-0.5044492483139038;0.8410510420799255;[];
113.59375;MPIB4;47.64836612442309;53.52735765666239;-0.7427178621292114;-0.2663431465625763;0.6143144965171814;[];
113.59375;MPIB3;47.76906180341257;38.52872379027056;0.901203989982605;-0.38984647393226624;-0.18907558917999268;[];
113.625;MPIB2;50.065479957867545;16.54063091517733;0.3090972602367401;-0.5749456286430359;0.7574999928474426;[];
113.625;MPIB1;20.98282048809392;19.69999998807907;-0.19949394464492798;-0.5044492483139038;0.8400295376777649;[];
113.625;MPIB4;47.48110405859347;53.66326748539166;-0.7399948835372925;-0.26384714245796204;0.6186627149581909;[];
113.625;MPIB3;47.966618135016915;38.47766959759227;0.932224452495575;-0.36078935861587524;-0.026820238679647446;[];
113.6875;MPIB2;50.065479957867545;16.54063091517733;0.31105709075927734;-0.5749456286430359;0.7566973567008972;[];
113.6875;MPIB1;20.98282048809392;19.69999998807907;-0.20166777074337006;-0.5044492483139038;0.8395102620124817;[];
113.6875;MPIB4;47.389778960042804;53.73747426049715;-0.738911509513855;-0.2613494098186493;0.6210135817527771;[];
113.6875;MPIB3;48.172118488313345;38.458239584710725;0.9319409132003784;-0.3534461557865143;0.08061400800943375;[];
113.75;MPIB2;50.065479957867545;16.54063091517733;0.3130872845649719;-0.5749456286430359;0.7558595538139343;[];
113.75;MPIB1;20.98282048809392;19.69999998807907;-0.20166777074337006;-0.5044492483139038;0.8395102620124817;[];
113.75;MPIB4;47.339915450442504;53.777991164410906;-0.738911509513855;-0.2613494098186493;0.6210135817527771;[];
113.75;MPIB3;48.38154859708834;38.45990674090908;0.9289578199386597;-0.35102346539497375;0.11728952080011368;[];
113.78125;MPIB2;50.065479957867545;16.54063091517733;0.314447283744812;-0.5771399736404419;0.7536192536354065;[];
113.78125;MPIB1;20.98282048809392;19.69999998807907;-0.20166777074337006;-0.5044492483139038;0.8395102620124817;[];
113.78125;MPIB4;47.31268997103848;53.80011339651736;-0.738911509513855;-0.2613494098186493;0.6210135817527771;[];
113.78125;MPIB3;48.593124352604036;38.472182685372985;0.9289578199386597;-0.35102346539497375;0.11728952080011368;[];
113.84375;MPIB2;50.065479957867545;16.54063091517733;0.3203621804714203;-0.5771399736404419;0.7511239051818848;[];
113.84375;MPIB1;20.98282048809392;19.69999998807907;-0.20227518677711487;-0.49997231364250183;0.8420388102531433;[];
113.84375;MPIB4;47.31268997103848;53.80011339651736;-0.738911509513855;-0.2613494098186493;0.6210135817527771;[];
113.84375;MPIB3;48.80580550002264;38.49167381241875;0.9159431457519531;-0.3826834261417389;0.12055641412734985;[];
113.875;MPIB2;50.10485833268253;16.63036754818009;0.3275923728942871;-0.5792520046234131;0.7463643550872803;[];
113.875;MPIB1;20.98282048809392;19.69999998807907;-0.20227518677711487;-0.49997231364250183;0.8420388102531433;[];
113.875;MPIB4;47.31268997103848;53.80011339651736;-0.738911509513855;-0.2613494098186493;0.6210135817527771;[];
113.875;MPIB3;49.01918780154688;38.514340189101034;0.899061918258667;-0.4233904778957367;0.11115124821662903;[];
113.9375;MPIB2;50.16899679381927;16.767598038520674;0.35336700081825256;-0.5835422277450562;0.7311083078384399;[];
113.9375;MPIB1;20.98282048809392;19.69999998807907;-0.20099696516990662;-0.49314841628074646;0.8463584184646606;[];
113.9375;MPIB4;47.2852769754536;53.82238799605915;-0.738911509513855;-0.2613494098186493;0.6210135817527771;[];
113.9375;MPIB3;49.23323454285196;38.53619079678509;0.8709056377410889;-0.48403051495552063;0.08459657430648804;[];
114.0;MPIB2;50.25054437942566;16.928771908591045;0.38559889793395996;-0.5835422277450562;0.7146335244178772;[];
114.0;MPIB1;20.98282048809392;19.69999998807907;-0.20099696516990662;-0.49314841628074646;0.8463584184646606;[];
114.0;MPIB4;47.2852769754536;53.82238799605915;-0.738911509513855;-0.2613494098186493;0.6210135817527771;[];
114.0;MPIB3;49.44776022287124;38.556314042990266;0.8455054759979248;-0.5291529893875122;0.07093268632888794;[];
114.03125;MPIB2;50.3467029366817;17.100062393175136;0.4326838254928589;-0.5707020163536072;0.6978495717048645;[];
114.03125;MPIB1;20.98282048809392;19.69999998807907;-0.20099696516990662;-0.49314841628074646;0.8463584184646606;[];
114.03125;MPIB4;47.2852769754536;53.82238799605915;-0.738911509513855;-0.2613494098186493;0.6210135817527771;[];
114.03125;MPIB3;49.5648912577667;38.5673013366945;0.8317703008651733;-0.5511781573295593;0.06536545604467392;[];
114.09375;MPIB2;50.45596454839395;17.273471560086676;0.4866005778312683;-0.5424286723136902;0.6847653985023499;[];
114.09375;MPIB1;20.98282048809392;19.69999998807907;-0.20099696516990662;-0.49314841628074646;0.8463584184646606;[];
114.09375;MPIB4;47.2852769754536;53.82238799605915;-0.738911509513855;-0.2613494098186493;0.6210135817527771;[];
114.09375;MPIB3;49.62884481024798;38.573300399753805;0.8160950541496277;-0.5749456286430359;0.057760611176490784;[];
114.125;MPIB2;50.57506610220514;17.446059562447687;0.5155613422393799;-0.526954710483551;0.6755955219268799;[];
114.125;MPIB1;20.98282048809392;19.69999998807907;-0.20099696516990662;-0.49314841628074646;0.8463584184646606;[];
114.125;MPIB4;47.2852769754536;53.82238799605915;-0.738911509513855;-0.2613494098186493;0.6210135817527771;[];
114.125;MPIB3;49.66376345395861;38.57657588856463;0.7947731018066406;-0.6045950651168823;0.05204116180539131;[];
114.1875;MPIB2;50.70175629121334;17.616457255717876;0.5390867590904236;-0.5157464742660522;0.6658124327659607;[];
114.1875;MPIB1;20.98282048809392;19.69999998807907;-0.20099696516990662;-0.49314841628074646;0.8463584184646606;[];
114.1875;MPIB4;47.2852769754536;53.82238799605915;-0.738911509513855;-0.2613494098186493;0.6210135817527771;[];
114.1875;MPIB3;49.66376345395861;38.57657588856463;0.7852471470832825;-0.6169684529304504;0.051417410373687744;[];
114.25;MPIB2;50.870527542741215;17.71839451300312;0.5529159903526306;-0.5067653059959412;0.6613539457321167;[];
114.25;MPIB1;20.98282048809392;19.69999998807907;-0.19690044224262238;-0.4908948540687561;0.848628580570221;[];
114.25;MPIB4;47.2852769754536;53.82238799605915;-0.738911509513855;-0.2613494098186493;0.6210135817527771;[];
114.25;MPIB3;49.66376345395861;38.57657588856463;0.7803823351860046;-0.6231363415718079;0.051098864525556564;[];
114.28125;MPIB2;51.062298586007095;17.782684944209507;0.5597485899925232;-0.49314841628074646;0.6658858060836792;[];
114.28125;MPIB1;20.98282048809392;19.69999998807907;-0.18573729693889618;-0.4908948540687561;0.8511415123939514;[];
114.28125;MPIB4;47.2852769754536;53.82238799605915;-0.738911509513855;-0.2613494098186493;0.6210135817527771;[];
114.28125;MPIB3;49.69892260071447;38.57657588856463;0.7803823351860046;-0.6231363415718079;0.051098864525556564;[];
114.34375;MPIB2;51.23005792168365;17.892804148951;0.5630346536636353;-0.48403051495552063;0.6697949171066284;[];
114.34375;MPIB1;20.98282048809392;19.69999998807907;-0.16937585175037384;-0.4771362841129303;0.8623064160346985;[];
114.34375;MPIB4;47.2852769754536;53.82238799605915;-0.738911509513855;-0.2613494098186493;0.6210135817527771;[];
114.34375;MPIB3;49.69892260071447;38.57657588856463;0.7788394093513489;-0.6252336502075195;0.048973437398672104;[];
114.375;MPIB2;51.38331526267619;18.029093874759212;0.5529884099960327;-0.4771362841129303;0.6829819679260254;[];
114.375;MPIB1;20.98282048809392;19.69999998807907;-0.16937585175037384;-0.4771362841129303;0.8623064160346985;[];
114.375;MPIB4;47.2852769754536;53.82238799605915;-0.738911509513855;-0.2613494098186493;0.6210135817527771;[];
114.375;MPIB3;49.69892260071447;38.57657588856463;0.7789680361747742;-0.6252336502075195;0.046882495284080505;[];
114.4375;MPIB2;51.528061134511645;18.180149305469172;0.5484642386436462;-0.47477537393569946;0.6882551312446594;[];
114.4375;MPIB1;20.98282048809392;19.69999998807907;-0.16937585175037384;-0.4771362841129303;0.8623064160346985;[];
114.4375;MPIB4;47.2852769754536;53.82238799605915;-0.7383909225463867;-0.26384714245796204;0.6205760836601257;[];
114.4375;MPIB3;49.69892260071447;38.57657588856463;0.7789680361747742;-0.6252336502075195;0.046882495284080505;[];
114.5;MPIB2;51.66795377234694;18.339430493797067;0.5466147065162659;-0.47477537393569946;0.6897249817848206;[];
114.5;MPIB1;20.98282048809392;19.69999998807907;-0.16937585175037384;-0.4771362841129303;0.8623064160346985;[];
114.5;MPIB4;47.2852769754536;53.82238799605915;-0.7383909225463867;-0.26384714245796204;0.6205760836601257;[];
114.5;MPIB3;49.69892260071447;38.57657588856463;0.7789680361747742;-0.6252336502075195;0.046882495284080505;[];
114.53125;MPIB2;51.804798064708294;18.503517040432257;0.5430365800857544;-0.47477537393569946;0.6925456523895264;[];
114.53125;MPIB1;20.98282048809392;19.69999998807907;-0.16937585175037384;-0.4771362841129303;0.8623064160346985;[];
114.53125;MPIB4;47.2852769754536;53.82238799605915;-0.7383909225463867;-0.26384714245796204;0.6205760836601257;[];
114.53125;MPIB3;49.69892260071447;38.57657588856463;0.7775815725326538;-0.6272518038749695;0.04276000335812569;[];
114.59375;MPIB2;51.93895976390317;18.671014891531115;0.5338936448097229;-0.47477537393569946;0.6996182799339294;[];
114.59375;MPIB1;20.98282048809392;19.69999998807907;-0.16937585175037384;-0.4771362841129303;0.8623064160346985;[];
114.59375;MPIB4;47.2852769754536;53.82238799605915;-0.7383909225463867;-0.26384714245796204;0.6205760836601257;[];
114.59375;MPIB3;49.6021483540535;38.57119489951228;0.7759575247764587;-0.6292657256126404;0.04267069324851036;[];
114.625;MPIB2;52.071245103854594;18.840687732829082;0.5301970839500427;-0.47477537393569946;0.7024238109588623;[];
114.625;MPIB1;20.98282048809392;19.69999998807907;-0.16937585175037384;-0.4771362841129303;0.8623064160346985;[];
114.625;MPIB4;47.2852769754536;53.82238799605915;-0.7383909225463867;-0.26384714245796204;0.6205760836601257;[];
114.625;MPIB3;49.45086972164427;38.56581391045992;0.7759575247764587;-0.6292657256126404;0.04267069324851036;[];
114.6875;MPIB2;52.20210017801963;19.011852735901414;0.5265533924102783;-0.47477537393569946;0.7051593661308289;[];
114.6875;MPIB1;20.98282048809392;19.69999998807907;-0.16937585175037384;-0.4771362841129303;0.8623064160346985;[];
114.6875;MPIB4;47.2852769754536;53.82238799605915;-0.7383909225463867;-0.26384714245796204;0.6205760836601257;[];
114.6875;MPIB3;49.270419944729156;38.56043292140757;0.7759575247764587;-0.6292657256126404;0.04267069324851036;[];
114.75;MPIB2;52.372429501015375;19.12018646324381;0.5228277444839478;-0.47477537393569946;0.7079260945320129;[];
114.75;MPIB1;20.98282048809392;19.69999998807907;-0.12636245787143707;-0.3681102991104126;0.9211198091506958;[];
114.75;MPIB4;47.2852769754536;53.82238799605915;-0.7383909225463867;-0.26384714245796204;0.6205760836601257;[];
114.75;MPIB3;49.171894355089535;38.56043292140757;0.7759575247764587;-0.6292657256126404;0.04267069324851036;[];
114.78125;MPIB2;52.56397926931583;19.19627780050334;0.5071811079978943;-0.4771362841129303;0.7176544666290283;[];
114.78125;MPIB1;20.98282048809392;19.69999998807907;-0.0882725790143013;-0.27142199873924255;0.9583777189254761;[];
114.78125;MPIB4;47.2852769754536;53.82238799605915;-0.7399948835372925;-0.26384714245796204;0.6186627149581909;[];
114.78125;MPIB3;49.11809937689782;38.56043292140757;0.7808736562728882;-0.6231363415718079;0.04294103756546974;[];
114.84375;MPIB2;52.76631941186979;19.258878043938836;0.47254854440689087;-0.4908948540687561;0.7318730354309082;[];
114.84375;MPIB1;20.98282048809392;19.69999998807907;-0.08374829590320587;-0.24864903092384338;0.9649423360824585;[];
114.84375;MPIB4;47.2852769754536;53.82238799605915;-0.7399948835372925;-0.26384714245796204;0.6186627149581909;[];
114.84375;MPIB3;49.11809937689782;38.56043292140757;0.7860569953918457;-0.6169684529304504;0.03703023120760918;[];
114.875;MPIB2;52.97259855559576;19.32171582814314;0.40551120042800903;-0.5202569365501404;0.7515372037887573;[];
114.875;MPIB1;20.98282048809392;19.69999998807907;-0.08374829590320587;-0.24864903092384338;0.9649423360824585;[];
114.875;MPIB4;47.2852769754536;53.82238799605915;-0.7399948835372925;-0.26384714245796204;0.6186627149581909;[];
114.875;MPIB3;49.072690167949304;38.56043292140757;0.7878345847129822;-0.61492919921875;0.03295144811272621;[];
114.9375;MPIB2;53.17546953092926;19.317820312954666;0.3281313478946686;-0.5401714444160461;0.7748919129371643;[];
114.9375;MPIB1;20.98282048809392;19.69999998807907;-0.08374829590320587;-0.24864903092384338;0.9649423360824585;[];
114.9375;MPIB4;47.2852769754536;53.82238799605915;-0.7399948835372925;-0.26384714245796204;0.6186627149581909;[];
114.9375;MPIB3;49.072690167949304;38.56043292140757;0.7895053029060364;-0.6128858327865601;0.030974263325333595;[];
115.0;MPIB2;53.2862370963273;19.317820312954666;0.23813088238239288;-0.5446015000343323;0.8041239380836487;[];
115.0;MPIB1;20.98282048809392;19.69999998807907;-0.08374829590320587;-0.24864903092384338;0.9649423360824585;[];
115.0;MPIB4;47.2852769754536;53.82238799605915;-0.7399948835372925;-0.26384714245796204;0.6186627149581909;[];
115.0;MPIB3;49.072690167949304;38.56043292140757;0.7895053029060364;-0.6128858327865601;0.030974263325333595;[];
115.03125;MPIB2;53.34671619405943;19.317820312954666;0.139809712767601;-0.5446015000343323;0.8269068002700806;[];
115.03125;MPIB1;20.98282048809392;19.69999998807907;-0.08374829590320587;-0.24864903092384338;0.9649423360824585;[];
115.03125;MPIB4;47.2852769754536;53.82238799605915;-0.7399948835372925;-0.26384714245796204;0.6186627149581909;[];
115.03125;MPIB3;49.072690167949304;38.56043292140757;0.7895828485488892;-0.6128858327865601;0.028930455446243286;[];
115.09375;MPIB2;53.37973778525672;19.317820312954666;0.05479636788368225;-0.5446015000343323;0.836850643157959;[];
115.09375;MPIB1;20.98282048809392;19.69999998807907;-0.08374829590320587;-0.24864903092384338;0.9649423360824585;[];
115.09375;MPIB4;47.2852769754536;53.82238799605915;-0.7399948835372925;-0.26384714245796204;0.6186627149581909;[];
115.09375;MPIB3;49.072690167949304;38.56043292140757;0.7895828485488892;-0.6128858327865601;0.028930455446243286;[];
115.125;MPIB2;53.37973778525672;19.317820312954666;0.02853786014020443;-0.5446015000343323;0.838157057762146;[];
115.125;MPIB1;20.98282048809392;19.69999998807907;-0.08374829590320587;-0.24864903092384338;0.9649423360824585;[];
115.125;MPIB4;47.2852769754536;53.82238799605915;-0.7415938973426819;-0.26384714245796204;0.6167449951171875;[];
115.125;MPIB3;49.072690167949304;38.56043292140757;0.7895828485488892;-0.6128858327865601;0.028930455446243286;[];
115.1875;MPIB2;53.37973778525672;19.317820312954666;0.010934615507721901;-0.5446015000343323;0.8385714292526245;[];
115.1875;MPIB1;20.98282048809392;19.69999998807907;-0.08369233459234238;-0.2511554956436157;0.9642976522445679;[];
115.1875;MPIB4;47.2852769754536;53.82238799605915;-0.7415938973426819;-0.26384714245796204;0.6167449951171875;[];
115.1875;MPIB3;49.072690167949304;38.56043292140757;0.7895828485488892;-0.6128858327865601;0.028930455446243286;[];
115.25;MPIB2;53.412986813501874;19.317820312954666;-0.0022513053845614195;-0.5446015000343323;0.8386397361755371;[];
115.25;MPIB1;20.98282048809392;19.69999998807907;-0.08369233459234238;-0.2511554956436157;0.9642976522445679;[];
115.25;MPIB4;47.2852769754536;53.82238799605915;-0.7415938973426819;-0.26384714245796204;0.6167449951171875;[];
115.25;MPIB3;49.072690167949304;38.56043292140757;0.7897244095802307;-0.6128858327865601;0.024766555055975914;[];
115.28125;MPIB2;53.412986813501874;19.317820312954666;-0.0022513053845614195;-0.5446015000343323;0.8386397361755371;[];
115.28125;MPIB1;20.98282048809392;19.69999998807907;-0.08369233459234238;-0.2511554956436157;0.9642976522445679;[];
115.28125;MPIB4;47.2852769754536;53.82238799605915;-0.7410660982131958;-0.2663431465625763;0.6163060665130615;[];
115.28125;MPIB3;49.072690167949304;38.56043292140757;0.7897244095802307;-0.6128858327865601;0.024766555055975914;[];
115.34375;MPIB2;53.412986813501874;19.317820312954666;-0.004422191996127367;-0.5446015000343323;0.8386310935020447;[];
115.34375;MPIB1;20.98282048809392;19.69999998807907;-0.08369233459234238;-0.2511554956436157;0.9642976522445679;[];
115.34375;MPIB4;47.2852769754536;53.82238799605915;-0.7410660982131958;-0.2663431465625763;0.6163060665130615;[];
115.34375;MPIB3;49.072690167949304;38.56043292140757;0.7897244095802307;-0.6128858327865601;0.024766555055975914;[];
115.375;MPIB2;53.412986813501874;19.317820312954666;-0.01318569015711546;-0.5446015000343323;0.8385390639305115;[];
115.375;MPIB1;20.98282048809392;19.69999998807907;-0.08369233459234238;-0.2511554956436157;0.9642976522445679;[];
115.375;MPIB4;47.2852769754536;53.82238799605915;-0.7410660982131958;-0.2663431465625763;0.6163060665130615;[];
115.375;MPIB3;49.072690167949304;38.56043292140757;0.7897244095802307;-0.6128858327865601;0.024766555055975914;[];
115.4375;MPIB2;53.412986813501874;19.317820312954666;-0.026412364095449448;-0.5424286723136902;0.8396345376968384;[];
115.4375;MPIB1;20.98282048809392;19.69999998807907;-0.08369233459234238;-0.2511554956436157;0.9642976522445679;[];
115.4375;MPIB4;47.2852769754536;53.82238799605915;-0.7410660982131958;-0.2663431465625763;0.6163060665130615;[];
115.4375;MPIB3;49.072690167949304;38.56043292140757;0.7897858619689941;-0.6128858327865601;0.02272219769656658;[];
115.5;MPIB2;53.412986813501874;19.317820312954666;-0.026412364095449448;-0.5424286723136902;0.8396345376968384;[];
115.5;MPIB1;20.98282048809392;19.69999998807907;-0.08369233459234238;-0.2511554956436157;0.9642976522445679;[];
115.5;MPIB4;47.2852769754536;53.82238799605915;-0.7410660982131958;-0.2663431465625763;0.6163060665130615;[];
115.5;MPIB3;49.072690167949304;38.56043292140757;0.7897858619689941;-0.6128858327865601;0.02272219769656658;[];
115.53125;MPIB2;53.412986813501874;19.317820312954666;-0.026412364095449448;-0.5424286723136902;0.8396345376968384;[];
115.53125;MPIB1;20.885187528608867;19.69152632728219;-0.08369233459234238;-0.2511554956436157;0.9642976522445679;[];
115.53125;MPIB4;47.2852769754536;53.82238799605915;-0.7410660982131958;-0.2663431465625763;0.6163060665130615;[];
115.53125;MPIB3;49.072690167949304;38.56043292140757;0.7897858619689941;-0.6128858327865601;0.02272219769656658;[];
115.59375;MPIB2;53.412986813501874;19.317820312954666;-0.026412364095449448;-0.5424286723136902;0.8396345376968384;[];
115.59375;MPIB1;20.75532001785018;19.75123148534351;-0.08369233459234238;-0.2511554956436157;0.9642976522445679;[];
115.59375;MPIB4;47.2852769754536;53.82238799605915;-0.7427178621292114;-0.2663431465625763;0.6143144965171814;[];
115.59375;MPIB3;49.072690167949304;38.56043292140757;0.7897858619689941;-0.6128858327865601;0.02272219769656658;[];
115.625;MPIB2;53.412986813501874;19.317820312954666;-0.026412364095449448;-0.5424286723136902;0.8396345376968384;[];
115.625;MPIB1;20.607852440051715;19.848162282825285;-0.08374829590320587;-0.24864903092384338;0.9649423360824585;[];
115.625;MPIB4;47.2852769754536;53.82238799605915;-0.7427178621292114;-0.2663431465625763;0.6143144965171814;[];
115.625;MPIB3;49.072690167949304;38.56043292140757;0.7897858619689941;-0.6128858327865601;0.02272219769656658;[];
115.6875;MPIB2;53.412986813501874;19.317820312954666;-0.026412364095449448;-0.5424286723136902;0.8396345376968384;[];
115.6875;MPIB1;20.4514516776469;19.96621482336306;-0.07366002351045609;-0.24864903092384338;0.9657648205757141;[];
115.6875;MPIB4;47.2852769754536;53.82238799605915;-0.7427178621292114;-0.2663431465625763;0.6143144965171814;[];
115.6875;MPIB3;49.072690167949304;38.56043292140757;0.7897858619689941;-0.6128858327865601;0.02272219769656658;[];
115.75;MPIB2;53.412986813501874;19.317820312954666;-0.026412364095449448;-0.5424286723136902;0.8396345376968384;[];
115.75;MPIB1;20.2960752838934;20.102103832796644;0.009994317777454853;-0.2612568736076355;0.9651924967765808;[];
115.75;MPIB4;47.2852769754536;53.82238799605915;-0.7427178621292114;-0.2663431465625763;0.6143144965171814;[];
115.75;MPIB3;49.072690167949304;38.56043292140757;0.7897858619689941;-0.6128858327865601;0.02272219769656658;[];
115.78125;MPIB2;53.412986813501874;19.317820312954666;-0.026412364095449448;-0.5424286723136902;0.8396345376968384;[];
115.78125;MPIB1;20.14627892568592;20.25232612726694;0.07529021054506302;-0.276401162147522;0.9580619931221008;[];
115.78125;MPIB4;47.2852769754536;53.82238799605915;-0.7427178621292114;-0.2663431465625763;0.6143144965171814;[];
115.78125;MPIB3;49.072690167949304;38.56043292140757;0.7897858619689941;-0.6128858327865601;0.02272219769656658;[];
115.84375;MPIB2;53.412986813501874;19.317820312954666;-0.030787760391831398;-0.5446015000343323;0.8380774259567261;[];
115.84375;MPIB1;20.004015343774313;20.413989201915086;0.1301388442516327;-0.28146493434906006;0.9506784677505493;[];
115.84375;MPIB4;47.2852769754536;53.82238799605915;-0.7427178621292114;-0.2663431465625763;0.6143144965171814;[];
115.84375;MPIB3;49.072690167949304;38.56043292140757;0.7897858619689941;-0.6128858327865601;0.02272219769656658;[];
115.875;MPIB2;53.412986813501874;19.317820312954666;-0.035067036747932434;-0.5467707514762878;0.8364952206611633;[];
115.875;MPIB1;19.87011459975554;20.584954083642003;0.1792830228805542;-0.2889999747276306;0.9403635263442993;[];
115.875;MPIB4;47.2852769754536;53.82238799605915;-0.7427178621292114;-0.2663431465625763;0.6143144965171814;[];
115.875;MPIB3;49.05915295306977;38.56043292140757;0.7897858619689941;-0.6128858327865601;0.02272219769656658;[];
115.9375;MPIB2;53.412986813501874;19.317820312954666;-0.05888291820883751;-0.5533362030982971;0.8308209776878357;[];
115.9375;MPIB1;19.742963444082193;20.762440863030236;0.2026701718568802;-0.3064810633659363;0.9300205111503601;[];
115.9375;MPIB4;47.2852769754536;53.82238799605915;-0.7427178621292114;-0.2663431465625763;0.6143144965171814;[];
115.9375;MPIB3;49.05915295306977;38.56043292140757;0.7897858619689941;-0.6128858327865601;0.02272219769656658;[];
116.0;MPIB2;53.412986813501874;19.317820312954666;-0.0781043991446495;-0.5577207207679749;0.8262920379638672;[];
116.0;MPIB1;19.61972363331529;20.943633363736183;0.20374023914337158;-0.32630735635757446;0.9230137467384338;[];
116.0;MPIB4;47.2852769754536;53.82238799605915;-0.7427178621292114;-0.2663431465625763;0.6143144965171814;[];
116.0;MPIB3;49.05915295306977;38.56043292140757;0.7897858619689941;-0.6128858327865601;0.02272219769656658;[];
116.03125;MPIB2;53.412986813501874;19.317820312954666;-0.07796826213598251;-0.5598674416542053;0.8248517513275146;[];
116.03125;MPIB1;19.49861941711538;21.126849188516587;0.2029869705438614;-0.3362579047679901;0.9196011424064636;[];
116.03125;MPIB4;47.2852769754536;53.82238799605915;-0.7427178621292114;-0.2663431465625763;0.6143144965171814;[];
116.03125;MPIB3;49.05915295306977;38.56043292140757;0.7897858619689941;-0.6128858327865601;0.02272219769656658;[];
116.09375;MPIB2;53.412986813501874;19.317820312954666;-0.0801822617650032;-0.5598674416542053;0.8246394991874695;[];
116.09375;MPIB1;19.380905446334282;21.312549260620415;0.2252400815486908;-0.3558664619922638;0.9069521427154541;[];
116.09375;MPIB4;47.2852769754536;53.82238799605915;-0.7427178621292114;-0.2663431465625763;0.6143144965171814;[];
116.09375;MPIB3;49.05915295306977;38.56043292140757;0.7897858619689941;-0.6128858327865601;0.02272219769656658;[];
116.125;MPIB2;53.412986813501874;19.317820312954666;-0.0841483473777771;-0.5642287731170654;0.8212646245956421;[];
116.125;MPIB1;19.274990661837364;21.504858294383638;0.32300591468811035;-0.37540847063064575;0.8687168955802917;[];
116.125;MPIB4;47.2852769754536;53.82238799605915;-0.7427178621292114;-0.2663431465625763;0.6143144965171814;[];
116.125;MPIB3;49.05915295306977;38.56043292140757;0.7897858619689941;-0.6128858327865601;0.02272219769656658;[];
116.1875;MPIB2;53.412986813501874;19.317820312954666;-0.08619961887598038;-0.5663641095161438;0.8195802569389343;[];
116.1875;MPIB1;19.186239433014293;21.70495815289607;0.4202314615249634;-0.3778064548969269;0.8249852657318115;[];
116.1875;MPIB4;47.2852769754536;53.82238799605915;-0.7427178621292114;-0.2663431465625763;0.6143144965171814;[];
116.1875;MPIB3;49.0604307227527;38.462441380379545;0.7868618369102478;-0.6169684529304504;0.010260344482958317;[];
116.25;MPIB2;53.412986813501874;19.317820312954666;-0.08604595810174942;-0.5684955716133118;0.8181192278862;[];
116.25;MPIB1;19.114675445120724;21.91150666130312;0.48525121808052063;-0.38020193576812744;0.7873438000679016;[];
116.25;MPIB4;47.2852769754536;53.82238799605915;-0.7427178621292114;-0.2663431465625763;0.6143144965171814;[];
116.25;MPIB3;49.05044175356079;38.31144841225165;0.7746928334236145;-0.6272518038749695;-0.07937729358673096;[];
116.28125;MPIB2;53.412986813501874;19.317820312954666;-0.08573116362094879;-0.5728257298469543;0.8151261806488037;[];
116.28125;MPIB1;19.056327611147253;22.122407148369632;0.5151932239532471;-0.38259485363960266;0.7668958902359009;[];
116.28125;MPIB4;47.2852769754536;53.82238799605915;-0.7427178621292114;-0.2663431465625763;0.6143144965171814;[];
116.28125;MPIB3;49.00677417254997;38.1387636923009;0.714026927947998;-0.6313498020172119;-0.3023700714111328;[];
116.34375;MPIB2;53.412986813501874;19.317820312954666;-0.08557575941085815;-0.5749456286430359;0.8136486411094666;[];
116.34375;MPIB1;19.010365897489578;22.336559229478013;0.552230954170227;-0.39231711626052856;0.7355671525001526;[];
116.34375;MPIB4;47.2852769754536;53.82238799605915;-0.7427178621292114;-0.2663431465625763;0.6143144965171814;[];
116.34375;MPIB3;48.91062210202426;37.978331592068486;0.5233358144760132;-0.6313498020172119;-0.5721588730812073;[];
116.375;MPIB2;53.412986813501874;19.317820312954666;-0.08961726725101471;-0.5771399736404419;0.8116574287414551;[];
116.375;MPIB1;18.977933467145817;22.553216718828708;0.5954940915107727;-0.4114549458026886;0.6899418234825134;[];
116.375;MPIB4;47.2852769754536;53.82238799605915;-0.7912952303886414;-0.29651716351509094;0.5346729159355164;[];
116.375;MPIB3;48.76635913688688;37.85633535970092;0.2727210521697998;-0.6292657256126404;-0.7276785373687744;[];
116.4375;MPIB2;53.412986813501874;19.317820312954666;-0.08945298939943314;-0.5792520046234131;0.810169517993927;[];
116.4375;MPIB1;18.96360906165114;22.771454443180943;0.6561633944511414;-0.4399081766605377;0.6130698919296265;[];
116.4375;MPIB4;47.2852769754536;53.82238799605915;-0.9126014113426208;-0.4067308008670807;-0.04071194678544998;[];
116.4375;MPIB3;48.62466498813251;37.712006406129206;0.08240308612585068;-0.61492919921875;-0.7841979265213013;[];
116.5;MPIB2;53.412986813501874;19.317820312954666;-0.08945298939943314;-0.5792520046234131;0.810169517993927;[];
116.5;MPIB1;18.89858554029081;22.97018539406605;0.7215744256973267;-0.45858025550842285;0.5186101198196411;[];
116.5;MPIB4;47.2852769754536;53.82238799605915;-0.7938624024391174;-0.45627835392951965;-0.4018888771533966;[];
116.5;MPIB3;48.47368967559078;37.56551586547758;-0.03309354931116104;-0.6128858327865601;-0.7894192934036255;[];
116.53125;MPIB2;53.412986813501874;19.317820312954666;-0.08945298939943314;-0.5792520046234131;0.810169517993927;[];
116.53125;MPIB1;18.81972716896439;23.16658048589659;0.7969567179679871;-0.45858025550842285;0.3930472135543823;[];
116.53125;MPIB4;47.19927754622768;53.775397612642735;-0.7808339595794678;-0.45627835392951965;-0.42665034532546997;[];
116.53125;MPIB3;48.31004887905033;37.42717779970707;-0.1294766217470169;-0.5983143448829651;-0.790673017501831;[];
116.59375;MPIB2;53.412986813501874;19.317820312954666;-0.08945298939943314;-0.5792520046234131;0.810169517993927;[];
116.59375;MPIB1;18.776670493219058;23.273812218491315;0.8552279472351074;-0.45858025550842285;0.2412700355052948;[];
116.59375;MPIB4;47.068497202963044;53.69897249982171;-0.7590190768241882;-0.460964173078537;-0.4596995413303375;[];
116.59375;MPIB3;48.13319589905427;37.303242159997865;-0.22239692509174347;-0.5940809845924377;-0.772991418838501;[];
116.625;MPIB2;53.412986813501874;19.317820312954666;-0.08945298939943314;-0.5792520046234131;0.810169517993927;[];
116.625;MPIB1;18.753161545531498;23.332360751288604;0.8600834608078003;-0.45858025550842285;0.22334395349025726;[];
116.625;MPIB4;46.91366818329698;53.605818602273615;-0.7543631792068481;-0.4632597863674164;-0.46502456068992615;[];
116.625;MPIB3;47.942997506443135;37.20047094780733;-0.33736711740493774;-0.5792520046234131;-0.7419973015785217;[];
116.6875;MPIB2;53.412986813501874;19.317820312954666;-0.08928810805082321;-0.5813601613044739;0.8086762428283691;[];
116.6875;MPIB1;18.740325658603183;23.364328253909036;0.8652002811431885;-0.45627835392951965;0.2077513188123703;[];
116.6875;MPIB4;46.82913152874016;53.55495656830459;-0.7519006133079529;-0.4632597863674164;-0.4689958691596985;[];
116.6875;MPIB3;47.742490748472164;37.11872299322579;-0.41313594579696655;-0.5684955716133118;-0.7113661170005798;[];
116.75;MPIB2;53.412986813501874;19.317820312954666;-0.08719447255134583;-0.5813601613044739;0.8089047074317932;[];
116.75;MPIB1;18.740325658603183;23.364328253909036;0.8772937059402466;-0.4539734125137329;0.15551939606666565;[];
116.75;MPIB4;46.782974509990936;53.52718589453187;-0.7504743337631226;-0.460964173078537;-0.47352075576782227;[];
116.75;MPIB3;47.53428696865831;37.058183861615476;-0.4826284348964691;-0.5663641095161438;-0.667991042137146;[];
116.78125;MPIB2;53.412986813501874;19.317820312954666;-0.08719447255134583;-0.5813601613044739;0.8089047074317932;[];
116.78125;MPIB1;18.740325658603183;23.364328253909036;0.887691080570221;-0.44926875829696655;0.10042509436607361;[];
116.78125;MPIB4;46.782974509990936;53.52718589453187;-0.7661128640174866;-0.4446374773979187;-0.46399590373039246;[];
116.78125;MPIB3;47.348993299573976;36.95823123537659;-0.6022192239761353;-0.5663641095161438;-0.5625603795051575;[];
116.84375;MPIB2;53.412986813501874;19.317820312954666;-0.08702688664197922;-0.5835422277450562;0.8073499798774719;[];
116.84375;MPIB1;18.729490679369746;23.396515933515502;0.8896069526672363;-0.446954607963562;0.09356469660997391;[];
116.84375;MPIB4;46.744012625828645;53.50374422078511;-0.8280966281890869;-0.4351666569709778;-0.35328570008277893;[];
116.84375;MPIB3;47.16662715790744;36.84878230614149;-0.6827910542488098;-0.5663641095161438;-0.4614527225494385;[];
116.875;MPIB2;53.412986813501874;19.317820312954666;-0.08702688664197922;-0.5835422277450562;0.8073499798774719;[];
116.875;MPIB1;18.729490679369746;23.396515933515502;0.893303632736206;-0.44223135709762573;0.07977472245693207;[];
116.875;MPIB4;46.744012625828645;53.50374422078511;-0.8731807470321655;-0.4399081766605377;-0.20966756343841553;[];
116.875;MPIB3;46.982964046468624;36.73869754429202;-0.709692120552063;-0.5620104074478149;-0.4247259795665741;[];
116.9375;MPIB2;53.412986813501874;19.317820312954666;-0.08702688664197922;-0.5835422277450562;0.8073499798774719;[];
116.9375;MPIB1;18.729490679369746;23.396515933515502;0.9016033411026001;-0.42807504534721375;0.061554308980703354;[];
116.9375;MPIB4;46.744012625828645;53.50374422078511;-0.8746535181999207;-0.4794096350669861;-0.07118286192417145;[];
116.9375;MPIB3;46.79390115139927;36.637098996348186;-0.7558632493019104;-0.5511781573295593;-0.35324937105178833;[];
117.0;MPIB2;53.40248391723023;19.415255869306804;-0.08702688664197922;-0.5835422277450562;0.8073499798774719;[];
117.0;MPIB1;18.729490679369746;23.396515933515502;0.9041155576705933;-0.4233904778957367;0.05693782493472099;[];
117.0;MPIB4;46.744012625828645;53.50374422078511;-0.8598844408988953;-0.5067653059959412;0.060859885066747665;[];
117.0;MPIB3;46.59846814597449;36.548425274275274;-0.7917400002479553;-0.5401714444160461;-0.28508850932121277;[];
117.03125;MPIB2;53.45947450664662;19.54633732348975;-0.08686468005180359;-0.5856424570083618;0.8058452010154724;[];
117.03125;MPIB1;18.729490679369746;23.396515933515502;0.9055299162864685;-0.42095696926116943;0.052321698516607285;[];
117.03125;MPIB4;46.744012625828645;53.50374422078511;-0.8597239851951599;-0.5067653059959412;0.06308556348085403;[];
117.03125;MPIB3;46.39787047196205;36.471930374188645;-0.8168635368347168;-0.5224658846855164;-0.24429059028625488;[];
117.09375;MPIB2;53.55331654352908;19.69578944002211;-0.08686468005180359;-0.5856424570083618;0.8058452010154724;[];
117.09375;MPIB1;18.729490679369746;23.396515933515502;0.906752347946167;-0.4186075031757355;0.049950432032346725;[];
117.09375;MPIB4;46.744012625828645;53.50374422078511;-0.8597239851951599;-0.5067653059959412;0.06308556348085403;[];
117.09375;MPIB3;46.19355177065222;36.40529636220762;-0.8401874899864197;-0.49539870023727417;-0.22041447460651398;[];
117.125;MPIB2;53.6672794730651;19.855271939362325;-0.08686468005180359;-0.5856424570083618;0.8058452010154724;[];
117.125;MPIB1;18.729490679369746;23.396515933515502;0.9068785905838013;-0.4186075031757355;0.0476030558347702;[];
117.125;MPIB4;46.744012625828645;53.50374422078511;-0.8597239851951599;-0.5067653059959412;0.06308556348085403;[];
117.125;MPIB3;45.98658304961714;36.34653568316381;-0.86159348487854;-0.46555230021476746;-0.20208607614040375;[];
117.1875;MPIB2;53.71900034354758;20.039784950468487;-0.08686468005180359;-0.5856424570083618;0.8058452010154724;[];
117.1875;MPIB1;18.729490679369746;23.396515933515502;0.9068785905838013;-0.4186075031757355;0.0476030558347702;[];
117.1875;MPIB4;46.744012625828645;53.50374422078511;-0.8597239851951599;-0.5067653059959412;0.06308556348085403;[];
117.1875;MPIB3;45.77756331711862;36.29482693637911;-0.8842664957046509;-0.4304995536804199;-0.1807439625263214;[];
117.25;MPIB2;53.73673704583947;20.237964622586276;-0.086701899766922;-0.5877386927604675;0.8043350577354431;[];
117.25;MPIB1;18.729490679369746;23.396515933515502;0.9068785905838013;-0.4186075031757355;0.0476030558347702;[];
117.25;MPIB4;46.744012625828645;53.50374422078511;-0.8597239851951599;-0.5067653059959412;0.06308556348085403;[];
117.25;MPIB3;45.56694301332027;36.24948802966446;-0.901584804058075;-0.4019079804420471;-0.15982551872730255;[];
117.28125;MPIB2;53.735152718190484;20.44352070766385;-0.09302255511283875;-0.5877386927604675;0.8036285638809204;[];
117.28125;MPIB1;18.729490679369746;23.396515933515502;0.9068785905838013;-0.4186075031757355;0.0476030558347702;[];
117.28125;MPIB4;46.744012625828645;53.50374422078511;-0.8597239851951599;-0.5067653059959412;0.06308556348085403;[];
117.28125;MPIB3;45.35492258533486;36.21092057214639;-0.9204658269882202;-0.3681102991104126;-0.1310412883758545;[];
117.34375;MPIB2;53.795398168776565;20.635569641471307;-0.11258447915315628;-0.5813601613044739;0.8057631850242615;[];
117.34375;MPIB1;18.729490679369746;23.396515933515502;0.9123740792274475;-0.4067308008670807;0.04552356153726578;[];
117.34375;MPIB4;46.744012625828645;53.50374422078511;-0.8584126234054565;-0.5089951753616333;0.06298933923244476;[];
117.34375;MPIB3;45.14213768945456;36.176050326319086;-0.9204658269882202;-0.3681102991104126;-0.1310412883758545;[];
117.375;MPIB2;53.88791600373656;20.820709115049112;-0.11950241029262543;-0.5749456286430359;0.8093618154525757;[];
117.375;MPIB1;18.729490679369746;23.396515933515502;0.9366403818130493;-0.3485085368156433;0.03440858796238899;[];
117.375;MPIB4;46.744012625828645;53.50374422078511;-0.8585728406906128;-0.5089951753616333;0.06076705455780029;[];
117.375;MPIB3;44.928935394055316;36.14319875830941;-0.9204658269882202;-0.3681102991104126;-0.1310412883758545;[];
117.4375;MPIB2;53.9978388385008;21.002235793153687;-0.12234322726726532;-0.5684955716133118;0.8134833574295044;[];
117.4375;MPIB1;18.729490679369746;23.396515933515502;0.9629966616630554;-0.2688373327255249;0.017728623002767563;[];
117.4375;MPIB4;46.744012625828645;53.50374422078511;-0.8585728406906128;-0.5089951753616333;0.06076705455780029;[];
117.4375;MPIB3;44.71550519849211;36.111449388516206;-0.9204658269882202;-0.3681102991104126;-0.1310412883758545;[];
117.5;MPIB2;54.11726480426197;21.18178988470075;-0.12234322726726532;-0.5684955716133118;0.8134833574295044;[];
117.5;MPIB1;18.79906707690793;23.468342957736922;0.9690892100334167;-0.24614089727401733;0.015331472270190716;[];
117.5;MPIB4;46.744012625828645;53.50374422078511;-0.8585728406906128;-0.5089951753616333;0.06076705455780029;[];
117.5;MPIB3;44.501950569424935;36.08030181901907;-0.9204658269882202;-0.3681102991104126;-0.1310412883758545;[];
117.53125;MPIB2;54.24187948015015;21.360266943862285;-0.12234322726726532;-0.5684955716133118;0.8134833574295044;[];
117.53125;MPIB1;18.90663219191447;23.57938754173847;0.9703739881515503;-0.24102666974067688;0.015351798385381699;[];
117.53125;MPIB4;46.744012625828645;53.50374422078511;-0.8575634360313416;-0.5112216472625732;0.05615262687206268;[];
117.53125;MPIB3;44.28832799965676;36.04948283252176;-0.9204658269882202;-0.3681102991104126;-0.1310412883758545;[];
117.59375;MPIB2;54.36932719209674;21.53815594327304;-0.12234322726726532;-0.5684955716133118;0.8134833574295044;[];
117.59375;MPIB1;19.035876543865697;23.710924880922107;0.9717498421669006;-0.2359057515859604;0.0026086359284818172;[];
117.59375;MPIB4;46.744012625828645;53.50374422078511;-0.8575634360313416;-0.5112216472625732;0.05615262687206268;[];
117.59375;MPIB3;44.07466833426156;36.01884325236321;-0.9204658269882202;-0.3681102991104126;-0.1310412883758545;[];
117.625;MPIB2;54.43891365090223;21.635283348232917;-0.12256171554327011;-0.5663641095161438;0.814936101436615;[];
117.625;MPIB1;19.17950677554927;23.851021814281097;0.9705570340156555;-0.23851358890533447;-0.03285965323448181;[];
117.625;MPIB4;46.744012625828645;53.50374422078511;-0.8575634360313416;-0.5112216472625732;0.05615262687206268;[];
117.625;MPIB3;43.8609884146515;35.98830162807698;-0.9204658269882202;-0.3681102991104126;-0.1310412883758545;[];
117.6875;MPIB2;54.47690786182315;21.688314917500776;-0.14174607396125793;-0.5663641095161438;0.8118191361427307;[];
117.6875;MPIB1;19.334636619364574;23.99167020073338;0.9634190201759338;-0.25375300645828247;-0.08585076779127121;[];
117.6875;MPIB4;46.744012625828645;53.50374422078511;-0.8575634360313416;-0.5112216472625732;0.05615262687206268;[];
117.6875;MPIB3;43.64722595536864;35.95832527832903;-0.9211440086364746;-0.3681102991104126;-0.1261858344078064;[];
117.75;MPIB2;54.497652703395545;21.717270157684254;-0.22785837948322296;-0.5663641095161438;0.7919739484786987;[];
117.75;MPIB1;19.49866505508487;24.129350499954086;0.9542046785354614;-0.27142199873924255;-0.12550091743469238;[];
117.75;MPIB4;46.744012625828645;53.50374422078511;-0.8577058911323547;-0.5112216472625732;0.053932562470436096;[];
117.75;MPIB3;43.43338432811197;35.92890894831018;-0.9176037907600403;-0.3778064548969269;-0.12328183650970459;[];
117.78125;MPIB2;54.497652703395545;21.717270157684254;-0.2609502673149109;-0.5749456286430359;0.7754046320915222;[];
117.78125;MPIB1;19.668960274831875;24.26353027051016;0.9495899081230164;-0.276401162147522;-0.14765995740890503;[];
117.78125;MPIB4;46.744012625828645;53.50374422078511;-0.8577058911323547;-0.5112216472625732;0.053932562470436096;[];
117.78125;MPIB3;43.31662678606813;35.91284763025433;-0.9026345610618591;-0.4067308008670807;-0.14053362607955933;[];
117.84375;MPIB2;54.51516375883655;21.74171174304854;-0.2645343542098999;-0.5771399736404419;0.7725546360015869;[];
117.84375;MPIB1;19.844788944168727;24.392795058076274;0.9391409754753113;-0.29147714376449585;-0.18157397210597992;[];
117.84375;MPIB4;46.7323974620715;53.49922394953839;-0.8577058911323547;-0.5112216472625732;0.053932562470436096;[];
117.84375;MPIB3;43.252877160707385;35.90407814957723;-0.8899048566818237;-0.4304995536804199;-0.15054890513420105;[];
117.875;MPIB2;54.51516375883655;21.74171174304854;-0.2681120038032532;-0.5792520046234131;0.7697353363037109;[];
117.875;MPIB1;20.024219583034892;24.518507444964172;0.9371913075447083;-0.29147714376449585;-0.19137831032276154;[];
117.875;MPIB4;46.7323974620715;53.49922394953839;-0.8577058911323547;-0.5112216472625732;0.053932562470436096;[];
117.875;MPIB3;43.2180698612176;35.899290012571385;-0.8667420148849487;-0.46792641282081604;-0.17240571975708008;[];
117.9375;MPIB2;54.51516375883655;21.74171174304854;-0.27209344506263733;-0.5792520046234131;0.7683369517326355;[];
117.9375;MPIB1;20.20716794445991;24.639858174940173;0.9297875761985779;-0.29651716351509094;-0.21789778769016266;[];
117.9375;MPIB4;46.7323974620715;53.49922394953839;-0.8577058911323547;-0.5112216472625732;0.053932562470436096;[];
117.9375;MPIB3;43.2180698612176;35.899290012571385;-0.8397660255432129;-0.5067653059959412;-0.19467446208000183;[];
118.0;MPIB2;54.51516375883655;21.74171174304854;-0.28216156363487244;-0.5792520046234131;0.7646969556808472;[];
118.0;MPIB1;20.395909846573545;24.751999254794754;0.9090893864631653;-0.29898834228515625;-0.28992632031440735;[];
118.0;MPIB4;46.7323974620715;53.49922394953839;-0.8578426241874695;-0.5112216472625732;0.05171212926506996;[];
118.0;MPIB3;43.18302282556874;35.899290012571385;-0.8221094608306885;-0.5313476920127869;-0.2042532116174698;[];
118.03125;MPIB2;54.51516375883655;21.74171174304854;-0.33152341842651367;-0.5792520046234131;0.7446265816688538;[];
118.03125;MPIB1;20.59093840251444;24.852477637167482;0.8846724629402161;-0.3014575242996216;-0.3554750382900238;[];
118.03125;MPIB4;46.7323974620715;53.49922394953839;-0.857978343963623;-0.5112216472625732;0.04940909519791603;[];
118.03125;MPIB3;43.18302282556874;35.899290012571385;-0.8193784952163696;-0.5358073711395264;-0.20357470214366913;[];
118.09375;MPIB2;54.51516375883655;21.74171174304854;-0.33152341842651367;-0.5792520046234131;0.7446265816688538;[];
118.09375;MPIB1;20.78797138180778;24.869853229621583;0.8809085488319397;-0.3014575242996216;-0.36470088362693787;[];
118.09375;MPIB4;46.7323974620715;53.49922394953839;-0.857978343963623;-0.5112216472625732;0.04940909519791603;[];
118.09375;MPIB3;43.18302282556874;35.899290012571385;-0.8193784952163696;-0.5358073711395264;-0.20357470214366913;[];
118.125;MPIB2;54.51516375883655;21.74171174304854;-0.3719788193702698;-0.5792520046234131;0.725264310836792;[];
118.125;MPIB1;20.983563716330536;24.836237745501222;0.851875901222229;-0.31641149520874023;-0.4172115623950958;[];
118.125;MPIB4;46.7323974620715;53.49922394953839;-0.8581033945083618;-0.5112216472625732;0.04718798026442528;[];
118.125;MPIB3;43.18302282556874;35.899290012571385;-0.8193784952163696;-0.5358073711395264;-0.20357470214366913;[];
118.1875;MPIB2;54.51516375883655;21.74171174304854;-0.41124051809310913;-0.5792520046234131;0.7037455439567566;[];
118.1875;MPIB1;21.17497912417059;24.76845578112571;0.8139119148254395;-0.33372852206230164;-0.4754346013069153;[];
118.1875;MPIB4;46.7323974620715;53.49922394953839;-0.8581033945083618;-0.5112216472625732;0.04718798026442528;[];
118.1875;MPIB3;43.18302282556874;35.899290012571385;-0.8193784952163696;-0.5358073711395264;-0.20357470214366913;[];
118.25;MPIB2;54.51516375883655;21.74171174304854;-0.42122042179107666;-0.5771399736404419;0.6995658278465271;[];
118.25;MPIB1;21.360845225958656;24.676805800999773;0.776476263999939;-0.3534461557865143;-0.5215547680854797;[];
118.25;MPIB4;46.7323974620715;53.49922394953839;-0.8581033945083618;-0.5112216472625732;0.04718798026442528;[];
118.25;MPIB3;43.18302282556874;35.899290012571385;-0.8193784952163696;-0.5358073711395264;-0.20357470214366913;[];
118.28125;MPIB2;54.51516375883655;21.74171174304854;-0.42483654618263245;-0.5771399736404419;0.6973757743835449;[];
118.28125;MPIB1;21.54207092604156;24.56979926063596;0.7572866082191467;-0.3656129837036133;-0.5410178303718567;[];
118.28125;MPIB4;46.7323974620715;53.49922394953839;-0.8582226634025574;-0.5112216472625732;0.04496654495596886;[];
118.28125;MPIB3;43.18302282556874;35.899290012571385;-0.8193784952163696;-0.5358073711395264;-0.20357470214366913;[];
118.34375;MPIB2;54.51516375883655;21.74171174304854;-0.431120902299881;-0.5749456286430359;0.6953288316726685;[];
118.34375;MPIB1;21.71893245570402;24.451928975924034;0.7383562922477722;-0.3705158829689026;-0.5633845925331116;[];
118.34375;MPIB4;46.7323974620715;53.49922394953839;-0.8582226634025574;-0.5112216472625732;0.04496654495596886;[];
118.34375;MPIB3;43.18302282556874;35.899290012571385;-0.8193784952163696;-0.5358073711395264;-0.20357470214366913;[];
118.375;MPIB2;54.51516375883655;21.74171174304854;-0.431120902299881;-0.5749456286430359;0.6953288316726685;[];
118.375;MPIB1;21.892947178034547;24.327523834949858;0.733197808265686;-0.3729189932346344;-0.5685121417045593;[];
118.375;MPIB4;46.7323974620715;53.49922394953839;-0.8584478497505188;-0.5112216472625732;0.040440481156110764;[];
118.375;MPIB3;43.18302282556874;35.899290012571385;-0.8193784952163696;-0.5358073711395264;-0.20357470214366913;[];
118.4375;MPIB2;54.51516375883655;21.74171174304854;-0.431120902299881;-0.5749456286430359;0.6953288316726685;[];
118.4375;MPIB1;22.065089828273017;24.19914311155813;0.7293988466262817;-0.37540847063064575;-0.5717509388923645;[];
118.4375;MPIB4;46.7323974620715;53.49922394953839;-0.8584478497505188;-0.5112216472625732;0.040440481156110764;[];
118.4375;MPIB3;43.18302282556874;35.899290012571385;-0.8193784952163696;-0.5358073711395264;-0.20357470214366913;[];
118.5;MPIB2;54.51516375883655;21.74171174304854;-0.431120902299881;-0.5749456286430359;0.6953288316726685;[];
118.5;MPIB1;22.235890473605423;24.068185845810973;0.7256092429161072;-0.3778064548969269;-0.5749838352203369;[];
118.5;MPIB4;46.7323974620715;53.49922394953839;-0.8584478497505188;-0.5112216472625732;0.040440481156110764;[];
118.5;MPIB3;43.18302282556874;35.899290012571385;-0.8193784952163696;-0.5358073711395264;-0.20357470214366913;[];
118.53125;MPIB2;54.51516375883655;21.74171174304854;-0.431120902299881;-0.5749456286430359;0.6953288316726685;[];
118.53125;MPIB1;22.42865189154736;24.006627989321743;0.7141570448875427;-0.3850736916065216;-0.5844225883483887;[];
118.53125;MPIB4;46.7323974620715;53.49922394953839;-0.8584478497505188;-0.5112216472625732;0.040440481156110764;[];
118.53125;MPIB3;43.18302282556874;35.899290012571385;-0.8175005912780762;-0.5379912257194519;-0.2053563892841339;[];
118.59375;MPIB2;54.51516375883655;21.74171174304854;-0.431120902299881;-0.5749456286430359;0.6953288316726685;[];
118.59375;MPIB1;22.63356931796784;23.98113853980118;0.6962165832519531;-0.4067308008670807;-0.5913563966751099;[];
118.59375;MPIB4;46.7323974620715;53.49922394953839;-0.8585496544837952;-0.5112216472625732;0.0382181741297245;[];
118.59375;MPIB3;43.18302282556874;35.899290012571385;-0.8150545954704285;-0.5401714444160461;-0.20931710302829742;[];
118.625;MPIB2;54.51516375883655;21.74171174304854;-0.431120902299881;-0.5749456286430359;0.6953288316726685;[];
118.625;MPIB1;22.69999998807907;23.972731248967023;0.6689474582672119;-0.4399081766605377;-0.5990304350852966;[];
118.625;MPIB4;46.7323974620715;53.49922394953839;-0.8586491346359253;-0.5112216472625732;0.035913292318582535;[];
118.625;MPIB3;43.18302282556874;35.899290012571385;-0.8150545954704285;-0.5401714444160461;-0.20931710302829742;[];
118.6875;MPIB2;54.51516375883655;21.74171174304854;-0.431120902299881;-0.5749456286430359;0.6953288316726685;[];
118.6875;MPIB1;22.69999998807907;23.972731248967023;0.5876186490058899;-0.5089951753616333;-0.6288667917251587;[];
118.6875;MPIB4;46.7323974620715;53.49922394953839;-0.8586491346359253;-0.5112216472625732;0.035913292318582535;[];
118.6875;MPIB3;43.18302282556874;35.899290012571385;-0.8150545954704285;-0.5401714444160461;-0.20931710302829742;[];
118.75;MPIB2;54.51516375883655;21.74171174304854;-0.431120902299881;-0.5749456286430359;0.6953288316726685;[];
118.75;MPIB1;22.69999998807907;24.023080853155165;0.5372060537338257;-0.5424286723136902;-0.6457762122154236;[];
118.75;MPIB4;46.7323974620715;53.49922394953839;-0.8586491346359253;-0.5112216472625732;0.035913292318582535;[];
118.75;MPIB3;43.18302282556874;35.899290012571385;-0.8145100474357605;-0.5401714444160461;-0.211426243185997;[];
118.78125;MPIB2;54.51516375883655;21.74171174304854;-0.431120902299881;-0.5749456286430359;0.6953288316726685;[];
118.78125;MPIB1;22.69999998807907;24.116213150642352;0.5217165946960449;-0.5511781573295593;-0.6510461568832397;[];
118.78125;MPIB4;46.7323974620715;53.49922394953839;-0.8586491346359253;-0.5112216472625732;0.035913292318582535;[];
118.78125;MPIB3;43.18302282556874;35.899290012571385;-0.8145100474357605;-0.5401714444160461;-0.211426243185997;[];
118.84375;MPIB2;54.51854042559102;21.74642482781971;-0.43190377950668335;-0.5728257298469543;0.6965914964675903;[];
118.84375;MPIB1;22.69999998807907;24.224265786028468;0.48181599378585815;-0.5642287731170654;-0.6703342199325562;[];
118.84375;MPIB4;46.7323974620715;53.49922394953839;-0.8586491346359253;-0.5112216472625732;0.035913292318582535;[];
118.84375;MPIB3;43.18302282556874;35.899290012571385;-0.8145100474357605;-0.5401714444160461;-0.211426243185997;[];
118.875;MPIB2;54.51854042559102;21.74642482781971;-0.43190377950668335;-0.5728257298469543;0.6965914964675903;[];
118.875;MPIB1;22.69999998807907;24.28326253180191;0.40768229961395264;-0.5940809845924377;-0.6933376789093018;[];
118.875;MPIB4;46.7323974620715;53.49922394953839;-0.8586491346359253;-0.5112216472625732;0.035913292318582535;[];
118.875;MPIB3;43.18302282556874;35.899290012571385;-0.8145100474357605;-0.5401714444160461;-0.211426243185997;[];
118.9375;MPIB2;54.51854042559102;21.74642482781971;-0.43190377950668335;-0.5728257298469543;0.6965914964675903;[];
118.9375;MPIB1;22.69999998807907;24.315474758735746;0.33207154273986816;-0.61492919921875;-0.7151587605476379;[];
118.9375;MPIB4;46.7323974620715;53.49922394953839;-0.8586491346359253;-0.5112216472625732;0.035913292318582535;[];
118.9375;MPIB3;43.18302282556874;35.899290012571385;-0.8145100474357605;-0.5401714444160461;-0.211426243185997;[];
119.0;MPIB2;54.51854042559102;21.74642482781971;-0.43190377950668335;-0.5728257298469543;0.6965914964675903;[];
119.0;MPIB1;22.69999998807907;24.315474758735746;0.325778603553772;-0.6169684529304504;-0.7162963151931763;[];
119.0;MPIB4;46.7323974620715;53.49922394953839;-0.8586491346359253;-0.5112216472625732;0.035913292318582535;[];
119.0;MPIB3;43.18302282556874;35.899290012571385;-0.8139600157737732;-0.5401714444160461;-0.21353396773338318;[];
119.03125;MPIB2;54.51854042559102;21.74642482781971;-0.4326838254928589;-0.5707020163536072;0.6978495717048645;[];
119.03125;MPIB1;22.69999998807907;24.315474758735746;0.3239232301712036;-0.6169684529304504;-0.7171373963356018;[];
119.03125;MPIB4;46.7323974620715;53.49922394953839;-0.8586491346359253;-0.5112216472625732;0.035913292318582535;[];
119.03125;MPIB3;43.17992938980183;35.899290012571385;-0.8139600157737732;-0.5401714444160461;-0.21353396773338318;[];
119.09375;MPIB2;54.51854042559102;21.74642482781971;-0.4326838254928589;-0.5707020163536072;0.6978495717048645;[];
119.09375;MPIB1;22.69999998807907;24.347908848200518;0.3207858204841614;-0.61492919921875;-0.7202924489974976;[];
119.09375;MPIB4;46.7323974620715;53.49922394953839;-0.8587391972541809;-0.5112216472625732;0.03369048237800598;[];
119.09375;MPIB3;43.17992938980183;35.899290012571385;-0.8139600157737732;-0.5401714444160461;-0.21353396773338318;[];
119.125;MPIB2;54.51854042559102;21.74642482781971;-0.4326838254928589;-0.5707020163536072;0.6978495717048645;[];
119.125;MPIB1;22.69999998807907;24.347908848200518;0.3047614097595215;-0.5983143448829651;-0.7409488558769226;[];
119.125;MPIB4;46.7323974620715;53.49922394953839;-0.8587391972541809;-0.5112216472625732;0.03369048237800598;[];
119.125;MPIB3;43.17992938980183;35.899290012571385;-0.8139600157737732;-0.5401714444160461;-0.21353396773338318;[];
119.1875;MPIB2;54.51854042559102;21.74642482781971;-0.4326838254928589;-0.5707020163536072;0.6978495717048645;[];
119.1875;MPIB1;22.792111970484257;24.3813659895701;0.2797446846961975;-0.5728257298469543;-0.7703779339790344;[];
119.1875;MPIB4;46.7323974620715;53.49922394953839;-0.8589048981666565;-0.5112216472625732;0.029161851853132248;[];
119.1875;MPIB3;43.17992938980183;35.899290012571385;-0.8139600157737732;-0.5401714444160461;-0.21353396773338318;[];
119.25;MPIB2;54.51854042559102;21.74642482781971;-0.4326838254928589;-0.5707020163536072;0.6978495717048645;[];
119.25;MPIB1;22.936290972605775;24.42773063555626;0.24076896905899048;-0.5424286723136902;-0.8047837615013123;[];
119.25;MPIB4;46.7323974620715;53.49922394953839;-0.8589775562286377;-0.5112216472625732;0.02693840302526951;[];
119.25;MPIB3;43.17992938980183;35.899290012571385;-0.8139600157737732;-0.5401714444160461;-0.21353396773338318;[];
119.28125;MPIB2;54.51854042559102;21.74642482781971;-0.4326838254928589;-0.5707020163536072;0.6978495717048645;[];
119.28125;MPIB1;23.10946777280037;24.47916547215968;0.2256983071565628;-0.5313476920127869;-0.8164607882499695;[];
119.28125;MPIB4;46.7323974620715;53.49922394953839;-0.8589775562286377;-0.5112216472625732;0.02693840302526951;[];
119.28125;MPIB3;43.17992938980183;35.899290012571385;-0.8139600157737732;-0.5401714444160461;-0.21353396773338318;[];
119.34375;MPIB2;54.51854042559102;21.74642482781971;-0.4326838254928589;-0.5707020163536072;0.6978495717048645;[];
119.34375;MPIB1;23.29880989944445;24.53213486358095;0.2164314240217209;-0.5224658846855164;-0.8246618509292603;[];
119.34375;MPIB4;46.7323974620715;53.49922394953839;-0.8589775562286377;-0.5112216472625732;0.02693840302526951;[];
119.34375;MPIB3;43.17992938980183;35.899290012571385;-0.8139600157737732;-0.5401714444160461;-0.21353396773338318;[];
119.375;MPIB2;54.51854042559102;21.74642482781971;-0.4326838254928589;-0.5707020163536072;0.6978495717048645;[];
119.375;MPIB1;23.497479883342066;24.583946588325347;0.20127032697200775;-0.5067653059959412;-0.8381903171539307;[];
119.375;MPIB4;46.7323974620715;53.49922394953839;-0.8602976202964783;-0.5089951753616333;0.026979802176356316;[];
119.375;MPIB3;43.17992938980183;35.899290012571385;-0.8139600157737732;-0.5401714444160461;-0.21353396773338318;[];
119.4375;MPIB2;54.51854042559102;21.74642482781971;-0.4326838254928589;-0.5707020163536072;0.6978495717048645;[];
119.4375;MPIB1;23.60595370714975;24.612235793321645;0.15658438205718994;-0.4908948540687561;-0.8569689989089966;[];
119.4375;MPIB4;46.7323974620715;53.49922394953839;-0.8602976202964783;-0.5089951753616333;0.026979802176356316;[];
119.4375;MPIB3;43.17992938980183;35.899290012571385;-0.8139600157737732;-0.5401714444160461;-0.21353396773338318;[];
119.5;MPIB2;54.51854042559102;21.74642482781971;-0.4326838254928589;-0.5707020163536072;0.6978495717048645;[];
119.5;MPIB1;23.66518042182804;24.627681701043713;0.09152407944202423;-0.48403051495552063;-0.8701961040496826;[];
119.5;MPIB4;46.7323974620715;53.49922394953839;-0.8602976202964783;-0.5089951753616333;0.026979802176356316;[];
119.5;MPIB3;43.17992938980183;35.899290012571385;-0.8139600157737732;-0.5401714444160461;-0.21353396773338318;[];
119.53125;MPIB2;54.51854042559102;21.74642482781971;-0.4326838254928589;-0.5707020163536072;0.6978495717048645;[];
119.53125;MPIB1;23.697518211798524;24.63611516763953;0.04854128882288933;-0.47021257877349854;-0.881167471408844;[];
119.53125;MPIB4;46.7323974620715;53.49922394953839;-0.860364556312561;-0.5089951753616333;0.024752750992774963;[];
119.53125;MPIB3;43.17992938980183;35.899290012571385;-0.8139600157737732;-0.5401714444160461;-0.21353396773338318;[];
119.59375;MPIB2;54.51854042559102;21.74642482781971;-0.4326838254928589;-0.5707020163536072;0.6978495717048645;[];
119.59375;MPIB1;23.697518211798524;24.63611516763953;0.021011801436543465;-0.460964173078537;-0.8871237635612488;[];
119.59375;MPIB4;46.7323974620715;53.49922394953839;-0.860364556312561;-0.5089951753616333;0.024752750992774963;[];
119.59375;MPIB3;43.17992938980183;35.899290012571385;-0.8139600157737732;-0.5401714444160461;-0.21353396773338318;[];
119.625;MPIB2;54.51854042559102;21.74642482781971;-0.4326838254928589;-0.5707020163536072;0.6978495717048645;[];
119.625;MPIB1;23.697518211798524;24.63611516763953;0.002388617256656289;-0.45627835392951965;-0.889789879322052;[];
119.625;MPIB4;46.7323974620715;53.49922394953839;-0.8604279160499573;-0.5089951753616333;0.022443046793341637;[];
119.625;MPIB3;43.17992938980183;35.899290012571385;-0.8139600157737732;-0.5401714444160461;-0.21353396773338318;[];
119.6875;MPIB2;54.51854042559102;21.74642482781971;-0.4326838254928589;-0.5707020163536072;0.6978495717048645;[];
119.6875;MPIB1;23.730078729118645;24.640719840935702;-0.020813221111893654;-0.45627835392951965;-0.8895499110221863;[];
119.6875;MPIB4;46.7323974620715;53.49922394953839;-0.8604279160499573;-0.5089951753616333;0.022443046793341637;[];
119.6875;MPIB3;43.17992938980183;35.899290012571385;-0.8139600157737732;-0.5401714444160461;-0.21353396773338318;[];
119.75;MPIB2;54.51854042559102;21.74642482781971;-0.4326838254928589;-0.5707020163536072;0.6978495717048645;[];
119.75;MPIB1;23.730078729118645;24.640719840935702;-0.03240982070565224;-0.45627835392951965;-0.8891997337341309;[];
119.75;MPIB4;46.7323974620715;53.49922394953839;-0.8604279160499573;-0.5089951753616333;0.022443046793341637;[];
119.75;MPIB3;43.17992938980183;35.899290012571385;-0.8139600157737732;-0.5401714444160461;-0.21353396773338318;[];
119.78125;MPIB2;54.51854042559102;21.74642482781971;-0.4326838254928589;-0.5707020163536072;0.6978495717048645;[];
119.78125;MPIB1;23.730078729118645;24.640719840935702;-0.034796737134456635;-0.45627835392951965;-0.889112651348114;[];
119.78125;MPIB4;46.7323974620715;53.49922394953839;-0.861742377281189;-0.5067653059959412;0.02247733250260353;[];
119.78125;MPIB3;43.17992938980183;35.899290012571385;-0.8139600157737732;-0.5401714444160461;-0.21353396773338318;[];
119.84375;MPIB2;54.51854042559102;21.74642482781971;-0.4326838254928589;-0.5707020163536072;0.6978495717048645;[];
119.84375;MPIB1;23.730078729118645;24.640719840935702;-0.03709816560149193;-0.45627835392951965;-0.8890196681022644;[];
119.84375;MPIB4;46.7323974620715;53.49922394953839;-0.861742377281189;-0.5067653059959412;0.02247733250260353;[];
119.84375;MPIB3;43.17992938980183;35.899290012571385;-0.8139600157737732;-0.5401714444160461;-0.21353396773338318;[];
119.875;MPIB2;54.51854042559102;21.74642482781971;-0.4326838254928589;-0.5707020163536072;0.6978495717048645;[];
119.875;MPIB1;23.730078729118645;24.640719840935702;-0.03945152834057808;-0.4539734125137329;-0.8900978565216064;[];
119.875;MPIB4;46.7323974620715;53.49922394953839;-0.8617976307868958;-0.5067653059959412;0.020246559754014015;[];
119.875;MPIB3;43.17992938980183;35.899290012571385;-0.8147328495979309;-0.5379912257194519;-0.21607600152492523;[];
119.9375;MPIB2;54.51854042559102;21.74642482781971;-0.4326838254928589;-0.5707020163536072;0.6978495717048645;[];
119.9375;MPIB1;23.730078729118645;24.640719840935702;-0.03986493870615959;-0.4351666569709778;-0.8994251489639282;[];
119.9375;MPIB4;46.7323974620715;53.49922394953839;-0.8617976307868958;-0.5067653059959412;0.020246559754014015;[];
119.9375;MPIB3;43.17992938980183;35.899290012571385;-0.8146828413009644;-0.5313476920127869;-0.2321101725101471;[];
