Time;PlayerName;P1;P2;P3;P4
0;MPIB4;0;0;0;0
0;MPIB3;0.000626929;0.0002893519;0;0
0;MPIB2;0.00935571;0;0;0
0;MPIB1;0;0;0;0
0.05;MPIB4;0;0;0;0
0.05;MPIB3;0.0004822531;0.0001929012;0;0
0.05;MPIB2;0.01234568;0;0;0
0.05;MPIB1;0;0;0;0
0.1;MPIB4;0;0;0;0
0.1;MPIB3;0.0004822531;0.0001929012;0;0
0.1;MPIB2;0.01234568;0;0;0
0.1;MPIB1;0;0;0;0
0.15;MPIB4;0;0;0;0
0.15;MPIB3;0.0004822531;0.0001929012;0;0
0.15;MPIB2;0.01234568;0;0;0
0.15;MPIB1;0;0;0;0
0.2;MPIB4;0;0;0;0
0.2;MPIB3;0.0004822531;0.0001929012;0;0
0.2;MPIB2;0.0123939;0;0;0
0.2;MPIB1;0;0;0;0
0.25;MPIB4;0;0;0;0
0.25;MPIB3;0.0004822531;0.0001929012;0;0
0.25;MPIB2;0.012201;0;0;0
0.25;MPIB1;0;0;0;0
0.3;MPIB4;0;0;0;0
0.3;MPIB3;0.0004822531;0.0001929012;0;0
0.3;MPIB2;0.01224923;0;0;0
0.3;MPIB1;0;0;0;0
0.35;MPIB4;0;0;0;0
0.35;MPIB3;0.0004822531;0.0001929012;0;0
0.35;MPIB2;0.01205633;0;0;0
0.35;MPIB1;0;0;0;0
0.4;MPIB4;0;0;0;0
0.4;MPIB3;0.0003858025;0.0002411265;0;0
0.4;MPIB2;0.01118827;0;0;0
0.4;MPIB1;0;0;0;0
0.45;MPIB4;0;0;0;0
0.45;MPIB3;0.0004340278;0.0002893519;0;0
0.45;MPIB2;0.01080247;0;0;0
0.45;MPIB1;0;0;0;0
0.5;MPIB4;0;0;0;0
0.5;MPIB3;0.0004340278;0.0001446759;0;0
0.5;MPIB2;0.009934413;0;0;0
0.5;MPIB1;0;0;0;0
0.55;MPIB4;0;0;0;0
0.55;MPIB3;0.0003858025;0.0001446759;0;0
0.55;MPIB2;0.009596837;0;0;0
0.55;MPIB1;0;0;0;0
0.6;MPIB4;0;0;0;0
0.6;MPIB3;0.0005787037;0.0001929012;0;0
0.6;MPIB2;0.009307484;0;0;0
0.6;MPIB1;0;0;0;0
0.65;MPIB4;0;0;0;0
0.65;MPIB3;0.0005787037;0.0001929012;0;0
0.65;MPIB2;0.008825231;0;0;0
0.65;MPIB1;0;0;0;0
0.7;MPIB4;0;0;0;0
0.7;MPIB3;0.0005787037;9.645062E-05;0;0
0.7;MPIB2;0.008777007;0;0;0
0.7;MPIB1;0;0;0;0
0.75;MPIB4;0;0;0;0
0.75;MPIB3;0.0003858025;0.0001929012;0;0
0.75;MPIB2;0.009066358;0;0;0.0002411265
0.75;MPIB1;0;0;0;0
0.8;MPIB4;0;0;0;0
0.8;MPIB3;0.0004822531;0.0002411265;0;0
0.8;MPIB2;0.01099537;0;0;0.0001446759
0.8;MPIB1;0;0;0;0
0.85;MPIB4;0;0;0;0
0.85;MPIB3;0.0005787037;0.0002411265;0;0
0.85;MPIB2;0.01586613;0;0.0008198302;0.0001446759
0.85;MPIB1;0;0;0;0
0.9;MPIB4;0;0;0;0
0.9;MPIB3;0.0006751543;0.0004340278;0;0
0.9;MPIB2;0.02416088;0;0.0004822531;9.645062E-05
0.9;MPIB1;0;0;0;0
0.95;MPIB4;0;0;0;0
0.95;MPIB3;0.0009645062;0.0004822531;0;0
0.95;MPIB2;0.03153935;0;0.0004340278;9.645062E-05
0.95;MPIB1;0;0;0;0
1;MPIB4;0;0;0;0
1;MPIB3;0.0009645062;0.0005304784;0;0
1;MPIB2;0.0356385;0;0.0004822531;9.645062E-05
1;MPIB1;0;0;0;0
1.05;MPIB4;0;0;0;0
1.05;MPIB3;0.001012731;0.0006751543;0;0
1.05;MPIB2;0.03833912;0;0.0005787037;4.822531E-05
1.05;MPIB1;0;0;0;0
1.1;MPIB4;0;0;0;0
1.1;MPIB3;0.0007716049;0.0005304784;0;0
1.1;MPIB2;0.03790509;0;0.0003375772;4.822531E-05
1.1;MPIB1;0;0;0;0
1.15;MPIB4;0;0;0;0
1.15;MPIB3;0.0007233796;0.0003858025;0;0
1.15;MPIB2;0.02994792;0;0.0004822531;9.645062E-05
1.15;MPIB1;0;0;0;0
1.2;MPIB4;0;0;0;0
1.2;MPIB3;0.0002893519;0.0001929012;0;0
1.2;MPIB2;0.01171875;0;0.0003858025;4.822531E-05
1.2;MPIB1;0;0;0;0
1.25;MPIB4;0;0;0;0
1.25;MPIB3;0.0003375772;4.822531E-05;0;0
1.25;MPIB2;0.0006751543;0;0.0004822531;4.822531E-05
1.25;MPIB1;0;0;0;0
1.3;MPIB4;0;0;0;0
1.3;MPIB3;0.0003375772;0.0002411265;0;0
1.3;MPIB2;0;0;0.0004340278;4.822531E-05
1.3;MPIB1;0;0;0;0
1.35;MPIB4;0;0;0;0
1.35;MPIB3;0.0003375772;0.0003375772;0;0
1.35;MPIB2;0;0;0.0003858025;9.645062E-05
1.35;MPIB1;0;0;0;0
1.4;MPIB4;0;0;0;0
1.4;MPIB3;0.0003375772;0.0004822531;0;0
1.4;MPIB2;0;0;0.0002893519;9.645062E-05
1.4;MPIB1;0;0;0;0
1.45;MPIB4;0;0;0;0
1.45;MPIB3;0.0003375772;0.0005787037;0;0
1.45;MPIB2;0;0;0.0003375772;4.822531E-05
1.45;MPIB1;0;0;0;0
1.5;MPIB4;0;0;0;0
1.5;MPIB3;0.0003375772;0.000626929;0;0
1.5;MPIB2;0;0;0.0003858025;4.822531E-05
1.5;MPIB1;0;0;0;0
1.55;MPIB4;0;0;0;0
1.55;MPIB3;0.0003375772;0.0005787037;0;0
1.55;MPIB2;0;0;0.0003858025;9.645062E-05
1.55;MPIB1;0;0;0;0
1.6;MPIB4;0;0;0;0
1.6;MPIB3;0.0002893519;0.0005304784;0;0
1.6;MPIB2;0;0;0.0003858025;4.822531E-05
1.6;MPIB1;0;0;0;0
1.65;MPIB4;0;0;0;0
1.65;MPIB3;0.0002893519;0.0005304784;0;0
1.65;MPIB2;0;0;0.0002893519;4.822531E-05
1.65;MPIB1;0;0;0;0
1.7;MPIB4;0;0;0;0
1.7;MPIB3;0.0002893519;0.0004822531;0;0
1.7;MPIB2;0;0;0.0002893519;4.822531E-05
1.7;MPIB1;0;0;0;0
1.75;MPIB4;0;0;0;0
1.75;MPIB3;0.0002411265;0.0005304784;0;0
1.75;MPIB2;0;0;0.0002893519;4.822531E-05
1.75;MPIB1;0;0;0;0
1.8;MPIB4;0;0;0;0
1.8;MPIB3;0.0001929012;0.0004822531;0;0
1.8;MPIB2;0;0;0.0003375772;4.822531E-05
1.8;MPIB1;0;0;0;0
1.85;MPIB4;0;0;0;0
1.85;MPIB3;0.0001446759;0.0004340278;0;0
1.85;MPIB2;0;0;0.0003375772;4.822531E-05
1.85;MPIB1;0;0;0;0
1.9;MPIB4;0;0;0;0
1.9;MPIB3;0;0.0005304784;0;0
1.9;MPIB2;0;0;0.0002893519;9.645062E-05
1.9;MPIB1;0;0;0;0
1.95;MPIB4;0;0;0;0
1.95;MPIB3;0;0.0007233796;0;0
1.95;MPIB2;0;0;0.0003375772;9.645062E-05
1.95;MPIB1;0;0;0;0
2;MPIB4;0;0;0;0
2;MPIB3;0;0.0008198302;0;0
2;MPIB2;0;0;0.0004340278;4.822531E-05
2;MPIB1;0;0;0;0
2.05;MPIB4;0;0;0;0
2.05;MPIB3;0;0.001109182;0;0
2.05;MPIB2;0;0;0.0003375772;4.822531E-05
2.05;MPIB1;0;0;0;0
2.1;MPIB4;0;0;0;0
2.1;MPIB3;0;0.000626929;0;0
2.1;MPIB2;0;0;0.0004822531;4.822531E-05
2.1;MPIB1;0;0;0;0
2.15;MPIB4;0;0;0;0
2.15;MPIB3;0;0.0004822531;0;0
2.15;MPIB2;0;0;0.0004340278;9.645062E-05
2.15;MPIB1;0;0;0;0
2.2;MPIB4;0;0;0;0
2.2;MPIB3;0;0;0;0
2.2;MPIB2;0;0;0.0004340278;4.822531E-05
2.2;MPIB1;0;0;0;0
2.25;MPIB4;0;0;0;0
2.25;MPIB3;0;0;0;0
2.25;MPIB2;0;0;0.0003375772;9.645062E-05
2.25;MPIB1;0;0;0;0
2.3;MPIB4;0;0;0;0
2.3;MPIB3;0;0;0;0
2.3;MPIB2;0;0;0.0003858025;0.0001929012
2.3;MPIB1;0;0;0;0
2.35;MPIB4;0;0;0;0
2.35;MPIB3;0;0;0;0
2.35;MPIB2;0;0;0.0003858025;4.822531E-05
2.35;MPIB1;0;0;0;0
2.4;MPIB4;0;0;0;0
2.4;MPIB3;0;0;0;0
2.4;MPIB2;0;0;0.0003858025;4.822531E-05
2.4;MPIB1;0;0;0;0
2.45;MPIB4;0;0;0;0
2.45;MPIB3;0;0;0;0
2.45;MPIB2;0;0;0.0004340278;4.822531E-05
2.45;MPIB1;0;0;0;0
2.5;MPIB4;0;0;0;0
2.5;MPIB3;0;0;0;0
2.5;MPIB2;0;0;0.0004822531;4.822531E-05
2.5;MPIB1;0;0;0;0
2.55;MPIB4;0;0;0;0
2.55;MPIB3;0;0;0;0
2.55;MPIB2;0;0;0.0004822531;4.822531E-05
2.55;MPIB1;0;0;0;0
2.6;MPIB4;0;0;0;0
2.6;MPIB3;0;0;0;0
2.6;MPIB2;0;0;0.0004822531;4.822531E-05
2.6;MPIB1;0;0;0;0
2.65;MPIB4;0;0;0;0
2.65;MPIB3;0;0;0;0
2.65;MPIB2;0;0;0.0004822531;4.822531E-05
2.65;MPIB1;0;0;0;0
2.7;MPIB4;0;0;0;0
2.7;MPIB3;0;0;0;0
2.7;MPIB2;0;0;0.0004822531;4.822531E-05
2.7;MPIB1;0;0;0;0
2.75;MPIB4;0;0;0;0
2.75;MPIB3;0;0;0;0
2.75;MPIB2;0;0;0.0004822531;4.822531E-05
2.75;MPIB1;0;0;0;0
2.8;MPIB4;0;0;0;0
2.8;MPIB3;0;0;0;0
2.8;MPIB2;0;0;0.0004822531;4.822531E-05
2.8;MPIB1;0;0;0;0
2.85;MPIB4;0;0;0;0
2.85;MPIB3;0;0;0;0
2.85;MPIB2;0;0;0.0004822531;4.822531E-05
2.85;MPIB1;0;0;0;0
2.9;MPIB4;0;0;0;0
2.9;MPIB3;0;0;0;0
2.9;MPIB2;0;0;0.0004822531;4.822531E-05
2.9;MPIB1;0;0;0;0
2.95;MPIB4;0;0;0;0
2.95;MPIB3;0;0;0;0
2.95;MPIB2;0;0;0.0005304784;4.822531E-05
2.95;MPIB1;0;0;0;0
3;MPIB4;0;0;0;0
3;MPIB3;0;0;0;0
3;MPIB2;0;0;0.0005304784;4.822531E-05
3;MPIB1;0;0;0;0
3.05;MPIB4;0;0;0;0
3.05;MPIB3;0;0;0;0
3.05;MPIB2;0;0;0.0005304784;4.822531E-05
3.05;MPIB1;0;0;0;0
3.1;MPIB4;0;0;0;0
3.1;MPIB3;0;0;0;0
3.1;MPIB2;0;0;0.0005304784;4.822531E-05
3.1;MPIB1;0;0;0;0
3.15;MPIB4;0;0;0;0
3.15;MPIB3;0;0;0;0
3.15;MPIB2;0;0;0.0005304784;4.822531E-05
3.15;MPIB1;0;0;0;0
3.2;MPIB4;0;0;0;0
3.2;MPIB3;0;0.0001446759;0;0
3.2;MPIB2;0;0;0.0005304784;4.822531E-05
3.2;MPIB1;0;0;0;0
3.25;MPIB4;0;0;0;0
3.25;MPIB3;0;0.0001929012;0;0
3.25;MPIB2;0;0;0.0005304784;4.822531E-05
3.25;MPIB1;0;0;0;0
3.3;MPIB4;0;0;0;0
3.3;MPIB3;0;0.0001446759;0;0
3.3;MPIB2;0;0;0.0005304784;4.822531E-05
3.3;MPIB1;0;0.002507716;0;0
3.35;MPIB4;0;0;0;0
3.35;MPIB3;0;4.822531E-05;0;0
3.35;MPIB2;0;0;0.0004340278;9.645062E-05
3.35;MPIB1;0;0.00544946;0;0
3.4;MPIB4;0;0;0;0
3.4;MPIB3;0;4.822531E-05;0;0
3.4;MPIB2;0;0;0.0004340278;4.822531E-05
3.4;MPIB1;0;0.01321373;4.822531E-05;0
3.45;MPIB4;0;0;0;0
3.45;MPIB3;0;0;0;0
3.45;MPIB2;0;0;0.0003858025;4.822531E-05
3.45;MPIB1;0;0.01726466;0.0003375772;0
3.5;MPIB4;0;0;0;0
3.5;MPIB3;0;0;0;0
3.5;MPIB2;0;0;0.0004822531;0.0001446759
3.5;MPIB1;0;0.02527006;0.0004340278;0.0004340278
3.55;MPIB4;0;0;0;0
3.55;MPIB3;0;0;0;0
3.55;MPIB2;0;0;0.0004822531;0.0001446759
3.55;MPIB1;0;0.02961034;0.0003858025;0.0002411265
3.6;MPIB4;0;0;0;0
3.6;MPIB3;0;0.0001929012;0;0
3.6;MPIB2;0;0;0.000626929;9.645062E-05
3.6;MPIB1;0;0.003761574;0.0003858025;0.0002411265
3.65;MPIB4;0;0;0;0
3.65;MPIB3;0;0.001736111;0;0
3.65;MPIB2;0;0;0.000626929;9.645062E-05
3.65;MPIB1;0;4.822531E-05;0.0003375772;9.645062E-05
3.7;MPIB4;0;0;0;0
3.7;MPIB3;0;0.002170139;0;0
3.7;MPIB2;0;0;0.0007716049;9.645062E-05
3.7;MPIB1;0;0;0.0003858025;4.822531E-05
3.75;MPIB4;0;0;0;0
3.75;MPIB3;0;0.001832562;0;0
3.75;MPIB2;0;0;0.0007716049;9.645062E-05
3.75;MPIB1;0;0;0.0003858025;4.822531E-05
3.8;MPIB4;0;0;0;0
3.8;MPIB3;0;0.001736111;0;0
3.8;MPIB2;0;0;0.0008680556;4.822531E-05
3.8;MPIB1;0;0;0.0003858025;9.645062E-05
3.85;MPIB4;0;0;0;0
3.85;MPIB3;0;0.001784336;0;0
3.85;MPIB2;0;0;0.0009645062;4.822531E-05
3.85;MPIB1;0;0;0.0005304784;0.0001446759
3.9;MPIB4;0;0;0;0
3.9;MPIB3;0;0.001929012;0;0
3.9;MPIB2;0;0;0.001060957;9.645062E-05
3.9;MPIB1;0;0;0;0.0001929012
3.95;MPIB4;0;0;0;0
3.95;MPIB3;0;0.001929012;0;0
3.95;MPIB2;0;0;0.001157407;9.645062E-05
3.95;MPIB1;0;0;0;0.0001446759
4;MPIB4;0;0;0;0
4;MPIB3;0;0.001929012;0;0
4;MPIB2;0;0;0.0009645062;9.645062E-05
4;MPIB1;0;0;0;9.645062E-05
4.05;MPIB4;0;0;0;0
4.05;MPIB3;0;0.002073688;0;0
4.05;MPIB2;0;0;0.0009645062;9.645062E-05
4.05;MPIB1;0;0;0.001157407;9.645062E-05
4.1;MPIB4;0;0;0;0
4.1;MPIB3;0;0.002170139;0;0
4.1;MPIB2;0;0;0.001157407;9.645062E-05
4.1;MPIB1;0;0;0.0007233796;9.645062E-05
4.15;MPIB4;0;0;0;0
4.15;MPIB3;0;0.002314815;0;0
4.15;MPIB2;0;0;0.0008680556;9.645062E-05
4.15;MPIB1;0;0;0.0005304784;9.645062E-05
4.2;MPIB4;0;0;0;0
4.2;MPIB3;0;0.002411265;0;0
4.2;MPIB2;0;0;0.0009162808;9.645062E-05
4.2;MPIB1;0;0;0.0004340278;9.645062E-05
4.25;MPIB4;0;0;0;0
4.25;MPIB3;0;0.002314815;0;0
4.25;MPIB2;0;0;0.0008680556;9.645062E-05
4.25;MPIB1;0;0;0.0004822531;4.822531E-05
4.3;MPIB4;0;0;0;0
4.3;MPIB3;0;0.002411265;0;0
4.3;MPIB2;0;0;0.0008680556;9.645062E-05
4.3;MPIB1;0;0;0.0003858025;9.645062E-05
4.35;MPIB4;0;0;0;0
4.35;MPIB3;0;0.002411265;0;0
4.35;MPIB2;0;0;0.0008680556;9.645062E-05
4.35;MPIB1;0;0;0.0003858025;0.0001446759
4.4;MPIB4;0;0;0;0
4.4;MPIB3;0;0.002411265;0;0
4.4;MPIB2;0;0;0.0008680556;9.645062E-05
4.4;MPIB1;0;0;0.0003858025;0.0001446759
4.45;MPIB4;0;0;0;0
4.45;MPIB3;0;0.00236304;0;0
4.45;MPIB2;0;0;0.001109182;0.0001446759
4.45;MPIB1;0;0;0.0004340278;9.645062E-05
4.5;MPIB4;0;0;0;0
4.5;MPIB3;0;0.00226659;0;0
4.5;MPIB2;0;0;0.001012731;9.645062E-05
4.5;MPIB1;0;0;0.0005304784;4.822531E-05
4.55;MPIB4;0;0;0;0
4.55;MPIB3;0;0.002170139;0;0
4.55;MPIB2;0;0;0.0008680556;9.645062E-05
4.55;MPIB1;0;0;0.0005304784;4.822531E-05
4.6;MPIB4;0;0;0;0
4.6;MPIB3;0;0.002170139;0;0
4.6;MPIB2;0;0;0.001157407;4.822531E-05
4.6;MPIB1;0;0;0.0004822531;9.645062E-05
4.65;MPIB4;0;0;0;0
4.65;MPIB3;0;0.00226659;0;0
4.65;MPIB2;0;0;0.001157407;4.822531E-05
4.65;MPIB1;0;0;0.0005787037;9.645062E-05
4.7;MPIB4;0;0;0;0
4.7;MPIB3;0;0.002170139;0;0
4.7;MPIB2;0;0;0.0009645062;9.645062E-05
4.7;MPIB1;0;0;0.0005787037;9.645062E-05
4.75;MPIB4;0;0;0;0
4.75;MPIB3;0;0.001977238;0;0
4.75;MPIB2;0;0;0.001205633;4.822531E-05
4.75;MPIB1;0;0;0.0006751543;4.822531E-05
4.8;MPIB4;0;0;0;0
4.8;MPIB3;0;0.001736111;0;0
4.8;MPIB2;0;0;0.001012731;9.645062E-05
4.8;MPIB1;0;0;0.0007233796;9.645062E-05
4.85;MPIB4;0;0;0;0
4.85;MPIB3;0;0.001398534;0;0
4.85;MPIB2;0;0;0.001205633;9.645062E-05
4.85;MPIB1;0;0;0.0007233796;9.645062E-05
4.9;MPIB4;0;0;0;0
4.9;MPIB3;0;0.001205633;0;0
4.9;MPIB2;0;0;0.001398534;9.645062E-05
4.9;MPIB1;0;0;0.0008198302;0.0001929012
4.95;MPIB4;0;0;0;0
4.95;MPIB3;0;0.0008680556;0;0
4.95;MPIB2;0;0;0.001446759;9.645062E-05
4.95;MPIB1;0;0;0.0007233796;0.0001446759
5;MPIB4;0;0;0;0
5;MPIB3;0;0.0006751543;0;0
5;MPIB2;0;0;0.001591435;9.645062E-05
5;MPIB1;0;0;0.0007233796;0.0001446759
5.05;MPIB4;0;0;0;0
5.05;MPIB3;0;0.0004822531;0;0
5.05;MPIB2;0;0;0.001494985;9.645062E-05
5.05;MPIB1;0;0;0.0007233796;0.0001446759
5.1;MPIB4;0;0;0;0
5.1;MPIB3;0;0.0003375772;0;0
5.1;MPIB2;0;0;0.00163966;4.822531E-05
5.1;MPIB1;0;0;0.0007233796;0.0001446759
5.15;MPIB4;0;0;0;0
5.15;MPIB3;0;0.0001446759;0;0
5.15;MPIB2;0;0;0.001736111;9.645062E-05
5.15;MPIB1;0;0;0.0007233796;0.0001446759
5.2;MPIB4;0;0;0;0
5.2;MPIB3;0;4.822531E-05;0;0
5.2;MPIB2;0;0;0.00154321;9.645062E-05
5.2;MPIB1;0;0;0.0007233796;0.0001446759
5.25;MPIB4;0;0;0;0
5.25;MPIB3;0;0;0;0
5.25;MPIB2;0;0;0.00154321;9.645062E-05
5.25;MPIB1;0;0;0.0007233796;0.0001446759
5.3;MPIB4;0;0;0;0
5.3;MPIB3;0;0;0;0
5.3;MPIB2;0;0;0.001784336;4.822531E-05
5.3;MPIB1;0;0;0.0007233796;0.0001446759
5.35;MPIB4;0;0;0;0
5.35;MPIB3;0;0;0;0
5.35;MPIB2;0;0;0.001736111;9.645062E-05
5.35;MPIB1;0;0;0.0007233796;0.0001446759
5.4;MPIB4;0;0;0;0
5.4;MPIB3;0;0;0;0
5.4;MPIB2;0;0;0.002073688;4.822531E-05
5.4;MPIB1;0;0;0.0007233796;0.0001446759
5.45;MPIB4;0;0;0;0
5.45;MPIB3;0;0;0;0
5.45;MPIB2;0;0;0.002025463;4.822531E-05
5.45;MPIB1;0;0;0.0007233796;0.0001446759
5.5;MPIB4;0;0;0;0
5.5;MPIB3;0;0;0;0
5.5;MPIB2;0;0;0.001929012;4.822531E-05
5.5;MPIB1;0;0;0.0007233796;0.0001446759
5.55;MPIB4;0;0;0;0
5.55;MPIB3;0;0;0;0
5.55;MPIB2;0;0;0.001687886;9.645062E-05
5.55;MPIB1;0;0;0.0007233796;0.0001446759
5.6;MPIB4;0;0;0;0
5.6;MPIB3;0;0;0;0
5.6;MPIB2;0;0;0.001687886;9.645062E-05
5.6;MPIB1;0;0;0.0007233796;0.0001446759
5.65;MPIB4;0;0;0;0
5.65;MPIB3;0;0;0;0
5.65;MPIB2;0;0;0.001784336;9.645062E-05
5.65;MPIB1;0;0;0.0007233796;0.0001446759
5.7;MPIB4;0;0;0;0
5.7;MPIB3;0;0;0;0
5.7;MPIB2;0;0;0.001398534;0.0001446759
5.7;MPIB1;0;0;0.0007233796;0.0001446759
5.75;MPIB4;0;0;0;0
5.75;MPIB3;0;0;0;0
5.75;MPIB2;0;0;0.001398534;0.0001446759
5.75;MPIB1;0;0;0.0007233796;0.0001446759
5.8;MPIB4;0;0;0;0
5.8;MPIB3;0;0;0;0
5.8;MPIB2;0;0;0.001253858;4.822531E-05
5.8;MPIB1;0;0;0.0007233796;0.0001446759
5.85;MPIB4;0;0;0;0
5.85;MPIB3;0;0;0;0
5.85;MPIB2;0;0;0.001253858;4.822531E-05
5.85;MPIB1;0;0;0.0007233796;0.0001446759
5.9;MPIB4;0;0;0;0
5.9;MPIB3;0;0;0;0
5.9;MPIB2;0;0;0.001253858;4.822531E-05
5.9;MPIB1;0;0;0.0007233796;0.0001446759
5.95;MPIB4;0;0;0;0
5.95;MPIB3;0;0;0;0
5.95;MPIB2;0;0;0.001302083;4.822531E-05
5.95;MPIB1;0;0;0.0007233796;0.0001446759
6;MPIB4;0;0;0;0
6;MPIB3;0;0;0;0
6;MPIB2;0;0;0.0007233796;4.822531E-05
6;MPIB1;0;0;0.0002893519;0.0001446759
6.05;MPIB4;0;0;0;0
6.05;MPIB3;0;0;0;0
6.05;MPIB2;0;0;0.0007233796;0
6.05;MPIB1;0;0;0.0002893519;9.645062E-05
6.1;MPIB4;0;0;0;0
6.1;MPIB3;0;0;0;0
6.1;MPIB2;0;0;0.0008680556;4.822531E-05
6.1;MPIB1;0;0;0.0002893519;9.645062E-05
6.15;MPIB4;0;0;0;0
6.15;MPIB3;0;0;0;0
6.15;MPIB2;0;0;0.0005304784;9.645062E-05
6.15;MPIB1;0;0;0.0003375772;9.645062E-05
6.2;MPIB4;0;0;0;0
6.2;MPIB3;0;0;0;0
6.2;MPIB2;0;0;0.0005787037;4.822531E-05
6.2;MPIB1;0;0;0.0003375772;0.0001446759
6.25;MPIB4;0.0002893519;0;0;0
6.25;MPIB3;0;0;0;0
6.25;MPIB2;0;0;0.0004340278;4.822531E-05
6.25;MPIB1;0;0;0.0002411265;0.0001446759
6.3;MPIB4;9.645062E-05;0.0001446759;0;0
6.3;MPIB3;0;0;0;0
6.3;MPIB2;0;0;0.0005787037;4.822531E-05
6.3;MPIB1;0;0;0.0003375772;9.645062E-05
6.35;MPIB4;0.0001446759;9.645062E-05;0;0
6.35;MPIB3;0;0;0;0
6.35;MPIB2;0;0;0.0005304784;4.822531E-05
6.35;MPIB1;0;0;0.0004822531;9.645062E-05
6.4;MPIB4;4.822531E-05;9.645062E-05;0;0
6.4;MPIB3;0;0;0;0
6.4;MPIB2;0;0;0.0006751543;4.822531E-05
6.4;MPIB1;0;0;0.0005304784;9.645062E-05
6.45;MPIB4;9.645062E-05;9.645062E-05;0;0
6.45;MPIB3;0;0;0;0
6.45;MPIB2;0;0;0.0007716049;9.645062E-05
6.45;MPIB1;0;0;0.0006751543;0.0001446759
6.5;MPIB4;9.645062E-05;9.645062E-05;0;0
6.5;MPIB3;0;0;0;0
6.5;MPIB2;0;0;0.0009645062;9.645062E-05
6.5;MPIB1;0;0;0.0005304784;9.645062E-05
6.55;MPIB4;0.0001446759;0.0001446759;0;0
6.55;MPIB3;0;0;0;0
6.55;MPIB2;0;0;0.001253858;9.645062E-05
6.55;MPIB1;0;0;0.0007233796;9.645062E-05
6.6;MPIB4;0.0002893519;0.0001929012;0;0
6.6;MPIB3;0;0;0;0
6.6;MPIB2;0;0;0.001302083;9.645062E-05
6.6;MPIB1;0;0;0.0004340278;9.645062E-05
6.65;MPIB4;0.0002893519;0.0003375772;0;0
6.65;MPIB3;0;0;0;0
6.65;MPIB2;0;0;0.001109182;9.645062E-05
6.65;MPIB1;0;0;0.0006751543;0.0001446759
6.7;MPIB4;0.0002411265;0.0001929012;0;0
6.7;MPIB3;0;0;0;0
6.7;MPIB2;0;0;0.001060957;9.645062E-05
6.7;MPIB1;0;0;0.0004822531;0.0001446759
6.75;MPIB4;0;0;0;0
6.75;MPIB3;0;0;0;0
6.75;MPIB2;0;0;0.0008198302;9.645062E-05
6.75;MPIB1;0;0;0.0008198302;9.645062E-05
6.8;MPIB4;0;0;0;0
6.8;MPIB3;0;0;0;0
6.8;MPIB2;0;0;0.0003375772;9.645062E-05
6.8;MPIB1;0;0;0.0008198302;0.0001446759
6.85;MPIB4;0;0;0;0
6.85;MPIB3;0;0;0;0
6.85;MPIB2;0;0;0.0003375772;0.0001929012
6.85;MPIB1;0;0;0;9.645062E-05
6.9;MPIB4;0;0;0;0
6.9;MPIB3;0;0;0;0
6.9;MPIB2;0;0;0.0002893519;0.0001929012
6.9;MPIB1;0;0;0;4.822531E-05
6.95;MPIB4;0;0;0;0
6.95;MPIB3;0;0;0;0
6.95;MPIB2;0;0;0.0002893519;0.0001929012
6.95;MPIB1;0;0;0;4.822531E-05
7;MPIB4;0;0;0;0
7;MPIB3;0;0;0;0
7;MPIB2;0;0;0.0002893519;0.0001929012
7;MPIB1;0;0;0;0.0001446759
7.05;MPIB4;0;0;0;0
7.05;MPIB3;0;0;0;0
7.05;MPIB2;0;0;0.0002893519;0.0001929012
7.05;MPIB1;0;0;0;9.645062E-05
7.1;MPIB4;0;0;0;0
7.1;MPIB3;0;0;0;0
7.1;MPIB2;0;0;0.0002893519;0.0001929012
7.1;MPIB1;0;0;0;4.822531E-05
7.15;MPIB4;0;0;0;0
7.15;MPIB3;0;0;0;0
7.15;MPIB2;0;0;0.0001929012;0.0001929012
7.15;MPIB1;0;0;0;0.0001929012
7.2;MPIB4;0;0;0;0
7.2;MPIB3;0;0;0;0
7.2;MPIB2;0;0;4.822531E-05;0.0001446759
7.2;MPIB1;0;0;0;9.645062E-05
7.25;MPIB4;0;0;0;0
7.25;MPIB3;0;0;0;0
7.25;MPIB2;0;0;0;9.645062E-05
7.25;MPIB1;0;0;0;0.0001929012
7.3;MPIB4;0.0002893519;0;0;0
7.3;MPIB3;0;0;0;0
7.3;MPIB2;0;0;0;9.645062E-05
7.3;MPIB1;0;0;0;4.822531E-05
7.35;MPIB4;0.0003375772;0.0003858025;0;0
7.35;MPIB3;0;0;0;0
7.35;MPIB2;0;0;0;9.645062E-05
7.35;MPIB1;0;0;0;9.645062E-05
7.4;MPIB4;0.0003858025;0.0002411265;0;0
7.4;MPIB3;0;0;0;0
7.4;MPIB2;0;0;0;9.645062E-05
7.4;MPIB1;0;0;0;0.0001929012
7.45;MPIB4;0.0003375772;0.0003375772;0;0
7.45;MPIB3;0;0;0;0
7.45;MPIB2;0;0;0;4.822531E-05
7.45;MPIB1;0;0;0;0.0001929012
7.5;MPIB4;0.0003858025;0.0003858025;0;0
7.5;MPIB3;0;0;0;0
7.5;MPIB2;0;0;0;9.645062E-05
7.5;MPIB1;0;0;0;0.0001929012
7.55;MPIB4;0.0001929012;0.0003375772;0;0
7.55;MPIB3;0;0;0;0
7.55;MPIB2;0;0;0;4.822531E-05
7.55;MPIB1;0;0;0;0.0001929012
7.6;MPIB4;0.0001929012;0.0001929012;0;0
7.6;MPIB3;0;0;0;0
7.6;MPIB2;0;0;0;4.822531E-05
7.6;MPIB1;0;0;0;0.0001446759
7.65;MPIB4;0.0001929012;0.0001929012;0;0
7.65;MPIB3;0;0;0;0
7.65;MPIB2;0;0;0;4.822531E-05
7.65;MPIB1;0;0;0;9.645062E-05
7.7;MPIB4;0.0001446759;0.0002893519;0;0
7.7;MPIB3;0;0;0;0
7.7;MPIB2;0;0;0;4.822531E-05
7.7;MPIB1;0;0;0;9.645062E-05
7.75;MPIB4;0.0001929012;0.0002893519;0;0
7.75;MPIB3;0;0;0;0
7.75;MPIB2;0;0;0;4.822531E-05
7.75;MPIB1;0;0;0;0.0001929012
7.8;MPIB4;0.0001446759;0.0002893519;0;0
7.8;MPIB3;0;0;0;0
7.8;MPIB2;0;0;0;4.822531E-05
7.8;MPIB1;0;0;0;0.0001929012
7.85;MPIB4;0.0001446759;0.0001929012;0;0
7.85;MPIB3;0;0;0;0
7.85;MPIB2;0;0;0;4.822531E-05
7.85;MPIB1;0;0;0;0.0001929012
7.9;MPIB4;9.645062E-05;0.0001929012;0;0
7.9;MPIB3;0;0;0;0
7.9;MPIB2;0;0;0;9.645062E-05
7.9;MPIB1;0;0;0;9.645062E-05
7.95;MPIB4;9.645062E-05;0.0001929012;0;0
7.95;MPIB3;0;0;0;0
7.95;MPIB2;0;0;0;0.0001446759
7.95;MPIB1;0;0;0;9.645062E-05
8;MPIB4;0.0001446759;0.0001929012;0;0
8;MPIB3;0;0;0;0
8;MPIB2;0;0;0;0.0001929012
8;MPIB1;0;0;0;9.645062E-05
8.05;MPIB4;0.0001446759;0.0001929012;0;0
8.05;MPIB3;0;0;0;0
8.05;MPIB2;0;0;0;9.645062E-05
8.05;MPIB1;0;0;0;4.822531E-05
8.1;MPIB4;0.0001929012;0.0001929012;0;0
8.1;MPIB3;0;0;0;0
8.1;MPIB2;0;0;0;0.0001446759
8.1;MPIB1;0;0;0;9.645062E-05
8.15;MPIB4;0.0001929012;0.0001929012;0;0
8.15;MPIB3;0;0;0;0
8.15;MPIB2;0;0;0;4.822531E-05
8.15;MPIB1;0;0;0;9.645062E-05
8.2;MPIB4;0.0001929012;0.0001929012;0;0
8.2;MPIB3;0;0;0;0
8.2;MPIB2;0;0;0;4.822531E-05
8.2;MPIB1;0;0;0;0.0001929012
8.25;MPIB4;0.0001929012;0.0001929012;0;0
8.25;MPIB3;0;0;0;0
8.25;MPIB2;0;0;0;4.822531E-05
8.25;MPIB1;0;0;0;9.645062E-05
8.3;MPIB4;0.0001929012;0.0001929012;0;0
8.3;MPIB3;0;0;0;0
8.3;MPIB2;0;0;0;9.645062E-05
8.3;MPIB1;0;0;0;9.645062E-05
8.35;MPIB4;0.0001929012;0.0001929012;0;0
8.35;MPIB3;0;0;0;0
8.35;MPIB2;0;0;0;0.0001446759
8.35;MPIB1;0;0;0;0.0002411265
8.4;MPIB4;0.0001929012;0.0001929012;0;0
8.4;MPIB3;0;0;0;0
8.4;MPIB2;0;0;0;0.0001446759
8.4;MPIB1;0;0;0;0.0002411265
8.45;MPIB4;0.0001929012;0.0001929012;0;0
8.45;MPIB3;0;0;0;0
8.45;MPIB2;0;0;0;0.0001446759
8.45;MPIB1;0;0;0;0.0002411265
8.5;MPIB4;0.0001929012;0.0001929012;0;0
8.5;MPIB3;0;0;0;0
8.5;MPIB2;0;0;0;0.0001446759
8.5;MPIB1;0;0;0;0.0002411265
8.55;MPIB4;0.0002411265;0.0001929012;0;0
8.55;MPIB3;0;0;0;0
8.55;MPIB2;0;0;0;0.0001446759
8.55;MPIB1;0;0;0;0.0002411265
8.6;MPIB4;0.0002411265;0.0001929012;0;0
8.6;MPIB3;0;0;0;0
8.6;MPIB2;0;0;0;0.0001446759
8.6;MPIB1;0;0;0;0.0002411265
8.65;MPIB4;0.0002411265;0.0001929012;0;0
8.65;MPIB3;0;0;0;0
8.65;MPIB2;0;0;0;0.0001446759
8.65;MPIB1;0;0;0;0.0002411265
8.7;MPIB4;0.0002411265;0.0001929012;0;0
8.7;MPIB3;0;0;0;0
8.7;MPIB2;0;0;0;9.645062E-05
8.7;MPIB1;0;0;0;0.0002411265
8.75;MPIB4;0.0002411265;0.0001929012;0;0
8.75;MPIB3;0;0;0;0
8.75;MPIB2;0;0;0;0.0002411265
8.75;MPIB1;0;0;0;0.0002411265
8.8;MPIB4;0.0002411265;0.0001929012;0;0
8.8;MPIB3;0;0;0;0
8.8;MPIB2;0;0;0;4.822531E-05
8.8;MPIB1;0;0;0;0.0002411265
8.85;MPIB4;0.0002411265;0.0001929012;0;0
8.85;MPIB3;0;0;0;0
8.85;MPIB2;0;0;0;0.0001446759
8.85;MPIB1;0;0;0;0.0002411265
8.9;MPIB4;0.0002411265;0.0001929012;0;0
8.9;MPIB3;0;0;0;0
8.9;MPIB2;0;0;0;0.0001446759
8.9;MPIB1;0;0;0;0.0002411265
8.95;MPIB4;0.0002411265;0.0001929012;0;0
8.95;MPIB3;0;0;0;0
8.95;MPIB2;0;0;0;0.0001446759
8.95;MPIB1;0;0;0;0.0002411265
9;MPIB4;0.0002411265;0.0001929012;0;0
9;MPIB3;0;0;0;0
9;MPIB2;0;0;0;0.0001446759
9;MPIB1;0;0;0;0.0002411265
9.05;MPIB4;0.0002411265;0.0001929012;0;0
9.05;MPIB3;0;0;0;0
9.05;MPIB2;0;0;0;0.0001446759
9.05;MPIB1;0;0;0;0.0002411265
9.1;MPIB4;0.0002411265;0.0002411265;0;0
9.1;MPIB3;0;0;0;0
9.1;MPIB2;0;0;0;0.0001446759
9.1;MPIB1;0;0;0;0.0002411265
9.15;MPIB4;0.0002411265;0.0002411265;0;0
9.15;MPIB3;0;0;0;0
9.15;MPIB2;0;0;0;0.0001446759
9.15;MPIB1;0;0;0;0.0002411265
9.2;MPIB4;0.0002411265;0.0003375772;0;0
9.2;MPIB3;0;0;0;0
9.2;MPIB2;0;0;0;0.0001446759
9.2;MPIB1;0;0;0;0.0002893519
9.25;MPIB4;0.0003375772;0.0002893519;0;0
9.25;MPIB3;0;0;0;0
9.25;MPIB2;0;0;0;0.0002411265
9.25;MPIB1;0;0;0;0.0002411265
9.3;MPIB4;0.0003375772;0.0003375772;0;0
9.3;MPIB3;0;0;0;0
9.3;MPIB2;0;0;0;0.0002411265
9.3;MPIB1;0;0;0;0.0001929012
9.35;MPIB4;0.0003375772;0.0003858025;0;0
9.35;MPIB3;0;0;0;0
9.35;MPIB2;0;0;0;0.0001446759
9.35;MPIB1;0;0;0;0.0002411265
9.4;MPIB4;0.0002411265;0.0003375772;0;0
9.4;MPIB3;0;0;0;0
9.4;MPIB2;0;0;0;0.0001446759
9.4;MPIB1;0;0;0;0.0002411265
9.45;MPIB4;0.0003375772;0.0003375772;0;0
9.45;MPIB3;0;0;0;0
9.45;MPIB2;0;0;0;0.0001446759
9.45;MPIB1;0;0;0;0.0002893519
9.5;MPIB4;0.0003375772;0.0002893519;0;0
9.5;MPIB3;0;0;0;0
9.5;MPIB2;0;0;0;4.822531E-05
9.5;MPIB1;0;0;0;0.0002411265
9.55;MPIB4;0.0003375772;0.0003375772;0;0
9.55;MPIB3;0;0;0;0
9.55;MPIB2;0;0;0;0.0002411265
9.55;MPIB1;0;0;0;0.0002411265
9.6;MPIB4;0.0003375772;0.0003858025;0;0
9.6;MPIB3;0;0;0;0
9.6;MPIB2;0;0;0;0.0002411265
9.6;MPIB1;0;0;0;0.0002411265
9.65;MPIB4;0.0003858025;0.0003375772;0;0
9.65;MPIB3;0;0;0;0
9.65;MPIB2;0;0;0;0.0001446759
9.65;MPIB1;0;0;0;0.0002893519
9.7;MPIB4;0.0003375772;0.0003375772;0;0
9.7;MPIB3;0;0;0;0
9.7;MPIB2;0;0;0;9.645062E-05
9.7;MPIB1;0;0;0;0.0002411265
9.75;MPIB4;0.0003375772;0.0003375772;0;0
9.75;MPIB3;0;0;0;0
9.75;MPIB2;0;0;0;0.0001446759
9.75;MPIB1;0;0;0;0.0001929012
9.8;MPIB4;0.0003858025;0.0003375772;0;0
9.8;MPIB3;0;0;0;0
9.8;MPIB2;0;0;0;0.0001929012
9.8;MPIB1;0;0;0;0.0002411265
9.85;MPIB4;0.0003858025;0.0003375772;0;0
9.85;MPIB3;0;0;0;0
9.85;MPIB2;0;0;0;0.0001929012
9.85;MPIB1;0;0;0;0.0002411265
9.9;MPIB4;0.0003858025;0.0003375772;0;0
9.9;MPIB3;0;0;0;0
9.9;MPIB2;0;0;0;9.645062E-05
9.9;MPIB1;0;0;0;0.0002411265
9.95;MPIB4;0.0003858025;0.0003375772;0;0
9.95;MPIB3;0;0;0;0
9.95;MPIB2;0;0;0;0.0002893519
9.95;MPIB1;0;0;0;0.0002411265
10;MPIB4;0.0003858025;0.0003375772;0;0
10;MPIB3;0;0;0;0
10;MPIB2;0;0;0;0.0002893519
10;MPIB1;0;0;0;0.0002411265
10.05;MPIB4;0.0003858025;0.0003375772;0;0
10.05;MPIB3;0;0;0;0
10.05;MPIB2;0;0;0;0.0002893519
10.05;MPIB1;0;0;0;0.0002411265
10.1;MPIB4;0.0003858025;0.0003375772;0;0
10.1;MPIB3;0;0;0;0
10.1;MPIB2;0;0;0;0.0002893519
10.1;MPIB1;0;0;0;0.0002411265
10.15;MPIB4;0.0003858025;0.0003375772;0;0
10.15;MPIB3;0;0;0;0
10.15;MPIB2;0;0;0;9.645062E-05
10.15;MPIB1;0;0;0;0.0002411265
10.2;MPIB4;0.0003375772;0.0003375772;0;0
10.2;MPIB3;0;0;0;0
10.2;MPIB2;0;0;0;0.0001446759
10.2;MPIB1;0;0;0;0.0001929012
10.25;MPIB4;0.0003858025;0.0003375772;0;0
10.25;MPIB3;0;0;0;0
10.25;MPIB2;0;0;0;0.0001446759
10.25;MPIB1;0;0;0;0.0002411265
10.3;MPIB4;0.0004340278;0.0003858025;0;0
10.3;MPIB3;0;0;0;0
10.3;MPIB2;0;0;0;4.822531E-05
10.3;MPIB1;0;0;0;0.0002893519
10.35;MPIB4;0.0003858025;0.0003858025;0;0
10.35;MPIB3;0;0;0;0
10.35;MPIB2;0;0;0;4.822531E-05
10.35;MPIB1;0;0;0;0.0002893519
10.4;MPIB4;0.0003858025;0.0003858025;0;0
10.4;MPIB3;0;0;0;0
10.4;MPIB2;0;0;0;0.0001929012
10.4;MPIB1;0;0;0;0.0002411265
10.45;MPIB4;0.0003858025;0.0003858025;0;0
10.45;MPIB3;0;0;0;0
10.45;MPIB2;0;0;0;0.0001929012
10.45;MPIB1;0;0;0;0.0002411265
10.5;MPIB4;0.0003858025;0.0003858025;0;0
10.5;MPIB3;0;0;0;0
10.5;MPIB2;0;0;0;9.645062E-05
10.5;MPIB1;0;0;0;0.0002411265
10.55;MPIB4;0.0004340278;0.0003858025;0;0
10.55;MPIB3;0;0;0;0
10.55;MPIB2;0;0;0;0.0002411265
10.55;MPIB1;0;0;0;0.0002411265
10.6;MPIB4;0.0003858025;0.0003858025;0;0
10.6;MPIB3;0;0;0;0
10.6;MPIB2;0;0;0;0.0001446759
10.6;MPIB1;0;0;0;0.0002411265
10.65;MPIB4;0.0003858025;0.0003858025;0;0
10.65;MPIB3;0;0;0;0
10.65;MPIB2;0;0;0;9.645062E-05
10.65;MPIB1;0;0;0;0.0002411265
10.7;MPIB4;0.0003858025;0.0003858025;0;0
10.7;MPIB3;0;0;0;0
10.7;MPIB2;0;0;0;9.645062E-05
10.7;MPIB1;0;0;0;0.0002411265
10.75;MPIB4;0.0003858025;0.0003858025;0;0
10.75;MPIB3;0;0;0;0
10.75;MPIB2;0;0;0;0.0001446759
10.75;MPIB1;0;0;0;9.645062E-05
10.8;MPIB4;0.0003375772;0.0003858025;0;0
10.8;MPIB3;0;0;0;0
10.8;MPIB2;0;0;0;0.0001446759
10.8;MPIB1;0;0;0;4.822531E-05
10.85;MPIB4;0.0003375772;0.0003858025;0;0
10.85;MPIB3;0;0;0;0
10.85;MPIB2;0;0;0;0.0001446759
10.85;MPIB1;0;0;0;0.0002893519
10.9;MPIB4;0.0003375772;0.0003858025;0;0
10.9;MPIB3;0;0;0;0
10.9;MPIB2;0;0;0;9.645062E-05
10.9;MPIB1;0;0;0;9.645062E-05
10.95;MPIB4;0.0003858025;0.0003858025;0;0
10.95;MPIB3;0;0;0;0
10.95;MPIB2;0;0;0;9.645062E-05
10.95;MPIB1;0;0;0;9.645062E-05
11;MPIB4;0.0003858025;0.0003858025;0;0
11;MPIB3;0;0;0;0
11;MPIB2;0;0;0;9.645062E-05
11;MPIB1;0;0;0;9.645062E-05
11.05;MPIB4;0.0003375772;0.0003858025;0;0
11.05;MPIB3;0;0;0;0
11.05;MPIB2;0;0;0;9.645062E-05
11.05;MPIB1;0;0;0;9.645062E-05
11.1;MPIB4;0.0003375772;0.0003858025;0;0
11.1;MPIB3;0;0;0;0
11.1;MPIB2;0;0;0;9.645062E-05
11.1;MPIB1;0;0;0;9.645062E-05
11.15;MPIB4;0.0003375772;0.0003858025;0;0
11.15;MPIB3;0;0;0;0
11.15;MPIB2;0;0;0;9.645062E-05
11.15;MPIB1;0;0;0;9.645062E-05
11.2;MPIB4;0.0003858025;0.0003858025;0;0
11.2;MPIB3;0;0;0;0
11.2;MPIB2;0;0;0;9.645062E-05
11.2;MPIB1;0;0;0;9.645062E-05
11.25;MPIB4;0.0003375772;0.0003858025;0;0
11.25;MPIB3;0;0;0;0
11.25;MPIB2;0;0;0;9.645062E-05
11.25;MPIB1;0;0;0;9.645062E-05
11.3;MPIB4;0.0003375772;0.0003858025;0;0
11.3;MPIB3;0;0;0;0
11.3;MPIB2;0;0;0;9.645062E-05
11.3;MPIB1;0;0;0;9.645062E-05
11.35;MPIB4;0.0003375772;0.0003858025;0;0
11.35;MPIB3;0;0;0;0
11.35;MPIB2;0;0;0;9.645062E-05
11.35;MPIB1;0;0;0;9.645062E-05
11.4;MPIB4;0.0003858025;0.0003858025;0;0
11.4;MPIB3;0;0;0;0
11.4;MPIB2;0;0;0;4.822531E-05
11.4;MPIB1;0;0;0;9.645062E-05
11.45;MPIB4;0.0003375772;0.0003858025;0;0
11.45;MPIB3;0;0;0;0
11.45;MPIB2;0;0;0;0.0001446759
11.45;MPIB1;0;0;0;9.645062E-05
11.5;MPIB4;0.0003375772;0.0003858025;0;0
11.5;MPIB3;0;0;0;0
11.5;MPIB2;0;0;0;0.0002411265
11.5;MPIB1;0;0;0;0.0001929012
11.55;MPIB4;0.0003375772;0.0004340278;0;0
11.55;MPIB3;0;0;0;0
11.55;MPIB2;0;0;0;0.0002411265
11.55;MPIB1;0;0;0;0.0003375772
11.6;MPIB4;0.0003858025;0.0004340278;0;0
11.6;MPIB3;0;0;0;0
11.6;MPIB2;0;0;0;0.0002411265
11.6;MPIB1;0;0;0;0.0002411265
11.65;MPIB4;0.0003858025;0.0003858025;0;0
11.65;MPIB3;0;0;0;0
11.65;MPIB2;0;0;0;0.0001446759
11.65;MPIB1;0;0;0;0.0003375772
11.7;MPIB4;0.0003858025;0.0004340278;0;0
11.7;MPIB3;0;0;0;0
11.7;MPIB2;0;0;0;0.0002411265
11.7;MPIB1;0;0;0;0.0001446759
11.75;MPIB4;0.0003858025;0.0003375772;0;0
11.75;MPIB3;0;0;0;0
11.75;MPIB2;0;0;0;0.0002893519
11.75;MPIB1;0;0;0;0.0002893519
11.8;MPIB4;0.0004340278;0.0003858025;0;0
11.8;MPIB3;0;0;0;0
11.8;MPIB2;0;0;0;0.0002411265
11.8;MPIB1;0;0;0;0.0002411265
11.85;MPIB4;0.0004340278;0.0003858025;0;0
11.85;MPIB3;0;0;0;0
11.85;MPIB2;0;0;0;0.0001446759
11.85;MPIB1;0;0;0;0.0003375772
11.9;MPIB4;0.0005304784;0.0005304784;0;0
11.9;MPIB3;0;0;0;0
11.9;MPIB2;0;0;0;0.0001446759
11.9;MPIB1;0;0;0;0.0003375772
11.95;MPIB4;0.0004822531;0.0005304784;0;0
11.95;MPIB3;0;0;0;0
11.95;MPIB2;0;0;0;0.0002893519
11.95;MPIB1;0;0;0;0.0002411265
12;MPIB4;0.0005304784;0.0005787037;0;0
12;MPIB3;0;0;0;0
12;MPIB2;0;0;0;0.0002893519
12;MPIB1;0;0;0;0.0002893519
12.05;MPIB4;0.0005304784;0.0005304784;0;0
12.05;MPIB3;0;0;0;0
12.05;MPIB2;0;0;0;0.0002411265
12.05;MPIB1;0;0;0;0.0003375772
12.1;MPIB4;0.0004822531;0.0005787037;0;0
12.1;MPIB3;0;0;0;0
12.1;MPIB2;0;0;0;0.0003375772
12.1;MPIB1;0;0;0;0.0003375772
12.15;MPIB4;0.0005304784;0.0005304784;0;0
12.15;MPIB3;0;0;0;0
12.15;MPIB2;0;0;0;0.0002893519
12.15;MPIB1;0;0;0;0.0002411265
12.2;MPIB4;0.0005304784;0.0005787037;0;0
12.2;MPIB3;0;0;0;0
12.2;MPIB2;0;0;0;0.0001929012
12.2;MPIB1;0;0;0;0.0002893519
12.25;MPIB4;0.0004822531;0.0005787037;0;0
12.25;MPIB3;0;0;0;0
12.25;MPIB2;0;0;0;0.0002893519
12.25;MPIB1;0;0;0;0.0003858025
12.3;MPIB4;0.0004822531;0.0005787037;0;0
12.3;MPIB3;0;0;0;0
12.3;MPIB2;0;0;0;0.0002893519
12.3;MPIB1;0;0;0;0.0003858025
12.35;MPIB4;0.0004822531;0.0005787037;0;0
12.35;MPIB3;0;0;0;0
12.35;MPIB2;0;0;0;0.0002411265
12.35;MPIB1;0;0;0;0.0003858025
12.4;MPIB4;0.0004822531;0.0005787037;0;0
12.4;MPIB3;0;0;0;0
12.4;MPIB2;0;0;0;0.0001446759
12.4;MPIB1;0;0;0;0.0003858025
12.45;MPIB4;0.0004822531;0.0005787037;0;0
12.45;MPIB3;0;0;0;0
12.45;MPIB2;0;0;0;0.0001446759
12.45;MPIB1;0;0;0;0.0003858025
12.5;MPIB4;0.0004822531;0.0005787037;0;0
12.5;MPIB3;0;0;0;0
12.5;MPIB2;0;0;0;0.0003375772
12.5;MPIB1;0;0;0;0.0003858025
12.55;MPIB4;0.0004822531;0.0005787037;0;0
12.55;MPIB3;0;0;0;0
12.55;MPIB2;0;0;0;0.0001929012
12.55;MPIB1;0;0;0;0.0003858025
12.6;MPIB4;0.0004822531;0.0005304784;0;0
12.6;MPIB3;0;0;0;0
12.6;MPIB2;0;0;0;0.0001929012
12.6;MPIB1;0;0;0;0.0003858025
12.65;MPIB4;0.0004822531;0.0004822531;0;0
12.65;MPIB3;0;0;0;0
12.65;MPIB2;0;0;0;0.0002411265
12.65;MPIB1;0;0;0;0.0003858025
12.7;MPIB4;0.0004822531;0.0004822531;0;0
12.7;MPIB3;0;0;0;0
12.7;MPIB2;0;0;0;0.0001929012
12.7;MPIB1;0;0;0;0.0003858025
12.75;MPIB4;0.0004822531;0.0004822531;0;0
12.75;MPIB3;0;0;0;0
12.75;MPIB2;0;0;0;9.645062E-05
12.75;MPIB1;0;0;0;0.0003858025
12.8;MPIB4;0.0004822531;0.0004822531;0;0
12.8;MPIB3;0;0;0;0
12.8;MPIB2;0;0;0;0.0001446759
12.8;MPIB1;0;0;0;0.0003858025
12.85;MPIB4;0.0004822531;0.0004822531;0;0
12.85;MPIB3;0;0;0;0
12.85;MPIB2;0;0;0;0.0002411265
12.85;MPIB1;0;0;0;0.0003858025
12.9;MPIB4;0.0004822531;0.0005304784;0;0
12.9;MPIB3;0;0;0;0
12.9;MPIB2;0;0;0;0.0001446759
12.9;MPIB1;0;0;0;0.0003858025
12.95;MPIB4;0.0004822531;0.0005304784;0;0
12.95;MPIB3;0;0;0;0
12.95;MPIB2;0;0;0;0.0001446759
12.95;MPIB1;0;0;0;0.0003858025
13;MPIB4;0.0004822531;0.0005304784;0;0
13;MPIB3;0;0;0;0
13;MPIB2;0;0;0;0.0001929012
13;MPIB1;0;0;0;0.0003858025
13.05;MPIB4;0.0004822531;0.0005304784;0;0
13.05;MPIB3;0;0;0;0
13.05;MPIB2;0;0;0;0.0001446759
13.05;MPIB1;0;0;0;0.0003858025
13.1;MPIB4;0.0004822531;0.0005787037;0;0
13.1;MPIB3;0;0;0;0
13.1;MPIB2;0;0;0;0.0001446759
13.1;MPIB1;0;0;0;0.0003858025
13.15;MPIB4;0.0004822531;0.000626929;0;0
13.15;MPIB3;0;0;0;0
13.15;MPIB2;0;0;0;0.0001446759
13.15;MPIB1;0;0;0;0.0003858025
13.2;MPIB4;0.0003858025;0.0004822531;0;0
13.2;MPIB3;0;0;0;0
13.2;MPIB2;0;0;0;9.645062E-05
13.2;MPIB1;0;0;0;0.0003375772
13.25;MPIB4;0.0003858025;0.0004822531;0;0
13.25;MPIB3;0;0;0;0
13.25;MPIB2;0;0;0;0.0001929012
13.25;MPIB1;0;0;0;0.0003858025
13.3;MPIB4;0.0003858025;0.0004822531;0;0
13.3;MPIB3;0;0;0;0
13.3;MPIB2;0;0;0;0.0003375772
13.3;MPIB1;0;0;0;0.0003858025
13.35;MPIB4;0.0003858025;0.0004822531;0;0
13.35;MPIB3;0;0;0;0
13.35;MPIB2;0;0;0;0.0003375772
13.35;MPIB1;0;0;0;0.0003375772
13.4;MPIB4;0.0003858025;0.0004822531;0;0
13.4;MPIB3;0;0;0;0
13.4;MPIB2;0;0;0;0.0002411265
13.4;MPIB1;0;0;0;0.0003858025
13.45;MPIB4;0.0003858025;0.0004822531;0;0
13.45;MPIB3;0;0;0;0
13.45;MPIB2;0;0;0;0.0002411265
13.45;MPIB1;0;0;0;0.0003858025
13.5;MPIB4;0.0003858025;0.0004822531;0;0
13.5;MPIB3;0;0;0;0
13.5;MPIB2;0;0;0;0.0002411265
13.5;MPIB1;0;0;0;0.0003858025
13.55;MPIB4;0.0002893519;0.0005304784;0;0
13.55;MPIB3;0;0;0;0
13.55;MPIB2;0;0;0;0.0002411265
13.55;MPIB1;0;0;0;0.0003375772
13.6;MPIB4;0.0002893519;0.0005304784;0;0
13.6;MPIB3;0;0;0;0
13.6;MPIB2;0;0;0;0.0002411265
13.6;MPIB1;0;0;0;0.0003858025
13.65;MPIB4;0.0002893519;0.0005304784;0;0
13.65;MPIB3;0;0;0;0
13.65;MPIB2;0;0;0;0.0002411265
13.65;MPIB1;0;0;0;0.0003858025
13.7;MPIB4;0.0002893519;0.0005304784;0;0
13.7;MPIB3;0;0;0;0
13.7;MPIB2;0;0;0;0.0002411265
13.7;MPIB1;0;0;0;0.0003858025
13.75;MPIB4;0.0002893519;0.0005304784;0;0
13.75;MPIB3;0;0;0;0
13.75;MPIB2;0;0;0;0.0002411265
13.75;MPIB1;0;0;0;0.0003858025
13.8;MPIB4;0.0002411265;0.0005304784;0;0
13.8;MPIB3;0;0;0;0
13.8;MPIB2;0;0;0;0.0002411265
13.8;MPIB1;0;0;0;0.0003375772
13.85;MPIB4;0.0002893519;0.0005304784;0;0
13.85;MPIB3;0;0;0;0
13.85;MPIB2;0;0;0;0.0002411265
13.85;MPIB1;0;0;0;0.0002893519
13.9;MPIB4;0.0002893519;0.0004822531;0;0
13.9;MPIB3;0;0;0;0
13.9;MPIB2;0;0;0;0.0002411265
13.9;MPIB1;0;0;0;0.0002893519
13.95;MPIB4;0.0003375772;0.0004822531;0;0
13.95;MPIB3;0;0;0;0
13.95;MPIB2;0;0;0;0.0002411265
13.95;MPIB1;0;0;0;0.0002893519
14;MPIB4;0.0003375772;0.0004822531;0;0
14;MPIB3;0;0;0;0
14;MPIB2;0;0;0;0.0002411265
14;MPIB1;0;0;0;0.0003858025
14.05;MPIB4;0.0003375772;0.0004822531;0;0
14.05;MPIB3;0;0;0;0
14.05;MPIB2;0;0;0;0.0002411265
14.05;MPIB1;0;0;0;0.0003375772
14.1;MPIB4;0.0003375772;0.0004822531;0;0
14.1;MPIB3;0;0;0;0
14.1;MPIB2;0;0;0;0.0002411265
14.1;MPIB1;0;0;0;0.0003375772
14.15;MPIB4;0.0003858025;0.0004822531;0;0
14.15;MPIB3;0;0;0;0
14.15;MPIB2;0;0;0;0.0002411265
14.15;MPIB1;0;0;0;0.0002893519
14.2;MPIB4;0.0004340278;0.0005304784;0;0
14.2;MPIB3;0;0;0;0
14.2;MPIB2;0;0;0;0.0001929012
14.2;MPIB1;0;0;0;0.0002893519
14.25;MPIB4;0.0005304784;0.0006751543;0;0
14.25;MPIB3;0;0;0;0
14.25;MPIB2;0;0;0;0.0001929012
14.25;MPIB1;0;0;0;0.0003375772
14.3;MPIB4;0.0004822531;0.0007233796;0;0
14.3;MPIB3;0;0;0;0
14.3;MPIB2;0;0;0;0.0001929012
14.3;MPIB1;0;0;0;0.0001929012
14.35;MPIB4;0.0004340278;0.0007716049;0;0
14.35;MPIB3;0;0;0;0
14.35;MPIB2;0;0;0;0.0001446759
14.35;MPIB1;0;0;0;0.0003375772
14.4;MPIB4;0.0004822531;0.0006751543;0;0
14.4;MPIB3;0;0;0;0
14.4;MPIB2;0;0;0;0.0001929012
14.4;MPIB1;0;0;0;0.0002893519
14.45;MPIB4;0.0004340278;0.0007233796;0;0
14.45;MPIB3;0;0;0;0
14.45;MPIB2;0;0;0;0.0001929012
14.45;MPIB1;0;0;0;0.0001929012
14.5;MPIB4;0.0003858025;0.0007716049;0;0
14.5;MPIB3;0;0;0;0
14.5;MPIB2;0;0;0;0.0002411265
14.5;MPIB1;0;0;0;0.0001929012
14.55;MPIB4;0.0004340278;0.0007233796;0;0
14.55;MPIB3;0;0;0;0
14.55;MPIB2;0;0;0;0.0002411265
14.55;MPIB1;0;0;0;0.0001446759
14.6;MPIB4;0.0004340278;0.0007233796;0;0
14.6;MPIB3;0;0;0;0
14.6;MPIB2;0;0;0;0.0002893519
14.6;MPIB1;0;0;0;0.0002893519
14.65;MPIB4;0.0004340278;0.0008198302;0;0
14.65;MPIB3;0;0;0;0
14.65;MPIB2;0;0;0;0.0002411265
14.65;MPIB1;0;0;0;0.0003858025
14.7;MPIB4;0.0004822531;0.0007716049;0;0
14.7;MPIB3;0;0;0;0
14.7;MPIB2;0;0;0;0.0002411265
14.7;MPIB1;0;0;0;0.0003375772
14.75;MPIB4;0.0004822531;0.0007716049;0;0
14.75;MPIB3;0;0;0;0
14.75;MPIB2;0;0;0;0.0002893519
14.75;MPIB1;0;0;0;0.0002893519
14.8;MPIB4;0.0004822531;0.0007716049;0;0
14.8;MPIB3;0;0;0;0
14.8;MPIB2;0;0;0;0.0002893519
14.8;MPIB1;0;0;0;0.0002893519
14.85;MPIB4;0.0005304784;0.0007716049;0;0
14.85;MPIB3;0;0;0;0
14.85;MPIB2;0;0;0;0.0002893519
14.85;MPIB1;0;0;0;0.0002893519
14.9;MPIB4;0.0005304784;0.0007233796;0;0
14.9;MPIB3;0;0;0;0
14.9;MPIB2;0;0;0;0.0002893519
14.9;MPIB1;0;0;0;0.0001929012
14.95;MPIB4;0.0005304784;0.0007716049;0;0
14.95;MPIB3;0;0;0;0
14.95;MPIB2;0;0;0;0.0002411265
14.95;MPIB1;0;0;0;0.0001929012
15;MPIB4;0.0005304784;0.0008198302;0;0
15;MPIB3;0;0;0;0
15;MPIB2;0;0;0;0.0002411265
15;MPIB1;0;0;0;0.0001929012
15.05;MPIB4;0.0005304784;0.0009162808;0;0
15.05;MPIB3;0;0;0;0
15.05;MPIB2;0;0;0;0.0001929012
15.05;MPIB1;0;0;0;0.0001929012
15.1;MPIB4;0.0005304784;0.0009162808;0;0
15.1;MPIB3;0;0;0;0
15.1;MPIB2;0;0;0;0.0001929012
15.1;MPIB1;0;0;0;0.0002893519
15.15;MPIB4;0.0005787037;0.0009162808;0;0
15.15;MPIB3;0;0;0;0
15.15;MPIB2;0;0;0;0.0002893519
15.15;MPIB1;0;0;0;0.0003858025
15.2;MPIB4;0.0005787037;0.0008680556;0;0
15.2;MPIB3;0;0;0;0
15.2;MPIB2;0;0;0;0.0001929012
15.2;MPIB1;0;0;0;0.0003858025
15.25;MPIB4;0.0005787037;0.0009162808;0;0
15.25;MPIB3;0;0;0;0
15.25;MPIB2;0;0;0;0.0001929012
15.25;MPIB1;0;0;0;0.0002893519
15.3;MPIB4;0.0005787037;0.0008680556;0;0
15.3;MPIB3;0;0;0;0
15.3;MPIB2;0;0;0;0.0001929012
15.3;MPIB1;0;0;0;0.0002893519
15.35;MPIB4;0.000626929;0.0008680556;0;0
15.35;MPIB3;0;0;0;0
15.35;MPIB2;0;0;0;0.0003375772
15.35;MPIB1;0;0;0;0.0004340278
15.4;MPIB4;0.0005787037;0.0009162808;0;0
15.4;MPIB3;0;0;0;0
15.4;MPIB2;0;0;0;0.0001929012
15.4;MPIB1;0;0;0;0.0004340278
15.45;MPIB4;0.0005787037;0.0009162808;0;0
15.45;MPIB3;0;0;0;0
15.45;MPIB2;0;0;0;0.0003375772
15.45;MPIB1;0;0;0;0.0004340278
15.5;MPIB4;0.0005787037;0.0009162808;0;0
15.5;MPIB3;0;0;0;0
15.5;MPIB2;0;0;0;0.0003375772
15.5;MPIB1;0;0;0;0.0004340278
15.55;MPIB4;0.000626929;0.0008680556;0;0
15.55;MPIB3;0;0;0;0
15.55;MPIB2;0;0;0;0.0003375772
15.55;MPIB1;0;0;0;0.0004822531
15.6;MPIB4;0.000626929;0.0008198302;0;0
15.6;MPIB3;0;0;0;0
15.6;MPIB2;0;0;0;0.0001929012
15.6;MPIB1;0;0;0;0.0004822531
15.65;MPIB4;0.000626929;0.0008680556;0;0
15.65;MPIB3;0;0;0;0
15.65;MPIB2;0;0;0;0.0001929012
15.65;MPIB1;0;0;0;0.0004822531
15.7;MPIB4;0.0006751543;0.0008680556;0;0
15.7;MPIB3;0;0;0;0
15.7;MPIB2;0;0;0;0.0002411265
15.7;MPIB1;0;0;0;0.0004340278
15.75;MPIB4;0.0006751543;0.0008680556;0;0
15.75;MPIB3;0;0;0;0
15.75;MPIB2;0;0;0;0.0001929012
15.75;MPIB1;0;0;0;0.0004340278
15.8;MPIB4;0.0006751543;0.0008198302;0;0
15.8;MPIB3;0;0;0;0
15.8;MPIB2;0;0;0;0.0002411265
15.8;MPIB1;0;0;0;0.0004340278
15.85;MPIB4;0.0006751543;0.0007716049;0;0
15.85;MPIB3;0;0;0;0
15.85;MPIB2;0;0;0;0.0001929012
15.85;MPIB1;0;0;0;0.0004340278
15.9;MPIB4;0.0006751543;0.0008198302;0;0
15.9;MPIB3;0;0;0;0
15.9;MPIB2;0;0;0;0.0003375772
15.9;MPIB1;0;0;0;0.0004340278
15.95;MPIB4;0.0006751543;0.0008198302;0;0
15.95;MPIB3;0;0;0;0
15.95;MPIB2;0;0;0;0.0002893519
15.95;MPIB1;0;0;0;0.0004340278
16;MPIB4;0.0006751543;0.0008198302;0;0
16;MPIB3;0;0;0;0
16;MPIB2;0;0;0;0.0002411265
16;MPIB1;0;0;0;0.0004340278
16.05;MPIB4;0.0006751543;0.0008198302;0;0
16.05;MPIB3;0;0;0;0
16.05;MPIB2;0;0;0;0.0002411265
16.05;MPIB1;0;0;0;0.0004340278
16.1;MPIB4;0.0006751543;0.0008198302;0;0
16.1;MPIB3;0;0;0;0
16.1;MPIB2;0;0;0;0.0003375772
16.1;MPIB1;0;0;0;0.0004340278
16.15;MPIB4;0.0006751543;0.0008198302;0;0
16.15;MPIB3;0;0;0;0
16.15;MPIB2;0;0;0;0.0003375772
16.15;MPIB1;0;0;0;0.0004340278
16.2;MPIB4;0.0006751543;0.0008198302;0;0
16.2;MPIB3;0;0;0;0
16.2;MPIB2;0;0;0;0.0003375772
16.2;MPIB1;0;0;0;0.0004340278
16.25;MPIB4;0.0006751543;0.0008198302;0;0
16.25;MPIB3;0;0;0;0
16.25;MPIB2;0;0;0;0.0003375772
16.25;MPIB1;0;0;0;0.0004340278
16.3;MPIB4;0.0006751543;0.0008198302;0;0
16.3;MPIB3;0;0;0;0
16.3;MPIB2;0;0;0;0.0003375772
16.3;MPIB1;0;0;0;0.0004340278
16.35;MPIB4;0.0006751543;0.0008198302;0;0
16.35;MPIB3;0;0;0;0
16.35;MPIB2;0;0;0;0.0003375772
16.35;MPIB1;0;0;0;0.0004340278
16.4;MPIB4;0.0006751543;0.0008198302;0;0
16.4;MPIB3;0;0;0;0
16.4;MPIB2;0;0;0;0.0003375772
16.4;MPIB1;0;0;0;0.0004340278
16.45;MPIB4;0.0006751543;0.0008198302;0;0
16.45;MPIB3;0;0;0;0
16.45;MPIB2;0;0;0;0.0003375772
16.45;MPIB1;0;0;0;0.0004340278
16.5;MPIB4;0.0006751543;0.0008198302;0;0
16.5;MPIB3;0;0;0;0
16.5;MPIB2;0;0;0;0.0003375772
16.5;MPIB1;0;0;0;0.0004340278
16.55;MPIB4;0.0006751543;0.0008198302;0;0
16.55;MPIB3;0;0;0;0
16.55;MPIB2;0;0;0;0.0003375772
16.55;MPIB1;0;0;0;0.0004340278
16.6;MPIB4;0.0006751543;0.0008198302;0;0
16.6;MPIB3;0;0;0;0
16.6;MPIB2;0;0;0;0.0003858025
16.6;MPIB1;0;0;0;0.0004340278
16.65;MPIB4;0.000626929;0.0007233796;0;0
16.65;MPIB3;0;0;0;0
16.65;MPIB2;0;0;0;0.0002893519
16.65;MPIB1;0;0;0;0.0004340278
16.7;MPIB4;0.000626929;0.000626929;0;0
16.7;MPIB3;0;0;0;0
16.7;MPIB2;0;0;0;0.0002893519
16.7;MPIB1;0;0;0;0.0003858025
16.75;MPIB4;0.0006751543;0.0005304784;0;0
16.75;MPIB3;0;0;0;0
16.75;MPIB2;0;0;0;0.0002411265
16.75;MPIB1;0;0;0;0.0004340278
16.8;MPIB4;0.000626929;0.0003375772;0;0
16.8;MPIB3;0;0;0;0
16.8;MPIB2;0;0;0;0.0003375772
16.8;MPIB1;0;0;0;0.0004822531
16.85;MPIB4;0.000626929;0.0002411265;0;0
16.85;MPIB3;0;0;0;0
16.85;MPIB2;0;0;0;0.0002893519
16.85;MPIB1;0;0;0;0.0004340278
16.9;MPIB4;0.0006751543;9.645062E-05;0;0
16.9;MPIB3;0;0;0;0
16.9;MPIB2;0;0;0;0.0002411265
16.9;MPIB1;0;0;0;0.0004340278
16.95;MPIB4;0.0006751543;0;0;0
16.95;MPIB3;0;0;0;0.0002411265
16.95;MPIB2;0;0;0;0.0002893519
16.95;MPIB1;0;0;0;0.0004822531
17;MPIB4;0.0007233796;0;0;0
17;MPIB3;0;0;0;0.0001929012
17;MPIB2;0;0;0;0.0002893519
17;MPIB1;0;0;0;0.0004340278
17.05;MPIB4;0.0006751543;0;0;0
17.05;MPIB3;0;0;0;0.0001929012
17.05;MPIB2;0;0;0;0.0003375772
17.05;MPIB1;0;0;0;0.0004340278
17.1;MPIB4;0.0007233796;0;0;0
17.1;MPIB3;0;0;0;0.0001929012
17.1;MPIB2;0;0;0;0.0002893519
17.1;MPIB1;0;0;0;0.0005304784
17.15;MPIB4;0.0007233796;0;0;0
17.15;MPIB3;0;0;0;0.0002893519
17.15;MPIB2;0;0;0;0.0002893519
17.15;MPIB1;0;0;0;0.0004340278
17.2;MPIB4;0.0007233796;0;0;0
17.2;MPIB3;0;0;0;0.0002411265
17.2;MPIB2;0;0;0;0.0003858025
17.2;MPIB1;0;0;0;0.0003858025
17.25;MPIB4;0.0007233796;0;0;0
17.25;MPIB3;0;0;0;0.0003858025
17.25;MPIB2;0;0;0;0.0002893519
17.25;MPIB1;0;0;0;0.0003858025
17.3;MPIB4;0.0008198302;0;0;0
17.3;MPIB3;0;0;0;0.0004340278
17.3;MPIB2;0;0;0;0.0002893519
17.3;MPIB1;0;0;0;0.0003858025
17.35;MPIB4;0.0007233796;0;0;0
17.35;MPIB3;0;0;0;0.0003375772
17.35;MPIB2;0;0;0;0.0002893519
17.35;MPIB1;0;0;0;0.0004822531
17.4;MPIB4;0.0007716049;0;0;0
17.4;MPIB3;0;0;0;0.0003858025
17.4;MPIB2;0;0;0;0.0003375772
17.4;MPIB1;0;0;0;0.0003858025
17.45;MPIB4;0.0007716049;0;0;0
17.45;MPIB3;0;0;0;0.0003375772
17.45;MPIB2;0;0;0;0.0002893519
17.45;MPIB1;0;0;0;0.0003858025
17.5;MPIB4;0.0008198302;0;0;0
17.5;MPIB3;0;0;0;0.0001929012
17.5;MPIB2;0;0;0;0.0002893519
17.5;MPIB1;0;0;0;0.0003858025
17.55;MPIB4;0.0007716049;0;0;0
17.55;MPIB3;4.822531E-05;0;0;0.0001929012
17.55;MPIB2;0;0;0;0.0002893519
17.55;MPIB1;0;0;0;0.0004822531
17.6;MPIB4;0.0007716049;0;0;0
17.6;MPIB3;9.645062E-05;0;0;0.0002411265
17.6;MPIB2;0;0;0;0.0002893519
17.6;MPIB1;0;0;0;0.0004822531
17.65;MPIB4;0.0008198302;0;0;0
17.65;MPIB3;0.000626929;0;0;0.0002893519
17.65;MPIB2;0;0;0;0.0002893519
17.65;MPIB1;0;0;0;0.0003858025
17.7;MPIB4;0.0007716049;0;0;0
17.7;MPIB3;0.0005787037;0;0;0.0002893519
17.7;MPIB2;0;0;0;0.0002893519
17.7;MPIB1;0;0;0;0.0003858025
17.75;MPIB4;0.0008198302;0;0;0
17.75;MPIB3;0.0007716049;0;0;0.0002893519
17.75;MPIB2;0;0;0;0.0002893519
17.75;MPIB1;0;0;0;0.0004822531
17.8;MPIB4;0.0008198302;0;0;0
17.8;MPIB3;0.0009645062;0;0;0.0002893519
17.8;MPIB2;0;0;0;0.0002893519
17.8;MPIB1;0;0;0;0.0004822531
17.85;MPIB4;0.0008198302;0;0;0
17.85;MPIB3;0.0007233796;0;0;0.0002893519
17.85;MPIB2;0;0;0;0.0002893519
17.85;MPIB1;0;0;0;0.0003858025
17.9;MPIB4;0.0008198302;0;0;0
17.9;MPIB3;0.0009645062;0;0;0.0003858025
17.9;MPIB2;0;0;0;0.0002893519
17.9;MPIB1;0;0;0;0.0005787037
17.95;MPIB4;0.0007716049;0;0;0
17.95;MPIB3;0.0007233796;0;0;0.0004340278
17.95;MPIB2;0;0;0;0.0002893519
17.95;MPIB1;0;0;0;0.0006751543
18;MPIB4;0.0007716049;0;0;0
18;MPIB3;0.0008198302;0;0;0.0002411265
18;MPIB2;0;0;0;0.0003375772
18;MPIB1;0;0;0;0.0005787037
18.05;MPIB4;0.0007716049;0;0;0
18.05;MPIB3;0.0006751543;0;0;0.0002893519
18.05;MPIB2;0;0;0;0.0003375772
18.05;MPIB1;0;0;0;0.0004340278
18.1;MPIB4;0.0007716049;0;0;0
18.1;MPIB3;0.000626929;0.0009162808;0;0.0002411265
18.1;MPIB2;0;0;0;0.0001929012
18.1;MPIB1;0;0;0;0.0004822531
18.15;MPIB4;0.0007716049;0;0;0
18.15;MPIB3;0.000626929;0.0009645062;0;0.0002411265
18.15;MPIB2;0;0;0;0.0002893519
18.15;MPIB1;0;0;0;0.0005787037
18.2;MPIB4;0.0007233796;0;0;0
18.2;MPIB3;0.0005304784;0.001109182;0;0.0002411265
18.2;MPIB2;0;0;0;0.0002411265
18.2;MPIB1;0;0;0;0.0005304784
18.25;MPIB4;0.0007716049;0;0;0
18.25;MPIB3;0.0005304784;0.001302083;0;0.0002411265
18.25;MPIB2;0;0;0;0.0003858025
18.25;MPIB1;0;0;0;0.0004822531
18.3;MPIB4;0.0007716049;0;0;0
18.3;MPIB3;0.0005304784;0.00154321;0;0.0002411265
18.3;MPIB2;0;0;0;0.0003375772
18.3;MPIB1;0;0;0;0.0005304784
18.35;MPIB4;0.0007716049;0;0;0
18.35;MPIB3;0.0005304784;0.001591435;0;0.0002411265
18.35;MPIB2;0;0;0;0.0001929012
18.35;MPIB1;0;0;0;0.0007233796
18.4;MPIB4;0.0007716049;0;0;0
18.4;MPIB3;0.0004822531;0.001398534;0;0.0002411265
18.4;MPIB2;0;0;0;0.0002411265
18.4;MPIB1;0;0;0;0.000626929
18.45;MPIB4;0.0007716049;0;0;0
18.45;MPIB3;0.0004822531;0.001205633;0;0.0002411265
18.45;MPIB2;0;0;0;0.0002893519
18.45;MPIB1;0;0;0;0.000626929
18.5;MPIB4;0.0008198302;0;0;0
18.5;MPIB3;0.0005304784;0.0009645062;0;0.0002411265
18.5;MPIB2;0;0;0;0.0001929012
18.5;MPIB1;0;0;0;0.000626929
18.55;MPIB4;0.0007716049;0;0;0
18.55;MPIB3;0.0004340278;0.0009162808;0;0.0002411265
18.55;MPIB2;0;0;0;0.0002893519
18.55;MPIB1;0;0;0;0.0007233796
18.6;MPIB4;0.0008198302;0;0;0
18.6;MPIB3;0.0004822531;0.0008198302;0;0.0002411265
18.6;MPIB2;0;0;0;0.0003858025
18.6;MPIB1;0;0;0;0.0007233796
18.65;MPIB4;0.0007716049;0;0;0
18.65;MPIB3;0.0005304784;0.0007716049;0;0.0002411265
18.65;MPIB2;0;0;0;0.0002893519
18.65;MPIB1;0;0;0;0.0007233796
18.7;MPIB4;0.0007716049;0;0;0
18.7;MPIB3;0.0004340278;0.0007716049;0;0.0002411265
18.7;MPIB2;0;0;0;0.0002893519
18.7;MPIB1;0;0;0;0.0007233796
18.75;MPIB4;0.0007716049;0;0;0
18.75;MPIB3;0.0004822531;0.0007233796;0;0.0002411265
18.75;MPIB2;0;0;0;0.0002893519
18.75;MPIB1;0;0;0;0.0007716049
18.8;MPIB4;0.0007716049;0;0;0
18.8;MPIB3;0.0004340278;0.0007233796;0;0.0002411265
18.8;MPIB2;0;0;0;0.0002893519
18.8;MPIB1;0;0;0;0.0007716049
18.85;MPIB4;0.0007716049;0;0;0
18.85;MPIB3;0.0005304784;0.0007233796;0;0.0002411265
18.85;MPIB2;0;0;0;0.0003375772
18.85;MPIB1;0;0;0;0.0007233796
18.9;MPIB4;0.0007716049;0;0;0
18.9;MPIB3;0.0004822531;0.0007233796;0;0.0002411265
18.9;MPIB2;0;0;0;0.0003858025
18.9;MPIB1;0;0;0;0.0007233796
18.95;MPIB4;0.0007716049;0;0;0
18.95;MPIB3;0.0005304784;0.0006751543;0;0.0002411265
18.95;MPIB2;0;0;0;0.0003858025
18.95;MPIB1;0;0;0;0.0007233796
19;MPIB4;0.0007716049;0;0;0
19;MPIB3;0.0005304784;0.0006751543;0;0.0002411265
19;MPIB2;0;0;0;0.0003858025
19;MPIB1;0;0;0;0.0007233796
19.05;MPIB4;0.0008680556;0;0;0
19.05;MPIB3;0.0004340278;0.0006751543;0;0.0002411265
19.05;MPIB2;0;0;0;0.0003858025
19.05;MPIB1;0;0;0;0.0007233796
19.1;MPIB4;0.0008680556;0;0;0
19.1;MPIB3;0.0004340278;0.0007233796;0;0.0002411265
19.1;MPIB2;0;0;0;0.0003858025
19.1;MPIB1;0;0;0;0.0007233796
19.15;MPIB4;0.0008680556;0;0;0
19.15;MPIB3;0.0004340278;0.0006751543;0;0.0002411265
19.15;MPIB2;0;0;0;0.0003858025
19.15;MPIB1;0;0;0;0.0007716049
19.2;MPIB4;0.0008680556;0;0;0
19.2;MPIB3;0.0004340278;0.0007233796;0;0.0002411265
19.2;MPIB2;0;0;0;0.0003375772
19.2;MPIB1;0;0;0;0.0008198302
19.25;MPIB4;0.0009162808;0;0;0
19.25;MPIB3;0.0004340278;0.0007233796;0;0.0003375772
19.25;MPIB2;0;0;0;0.0004340278
19.25;MPIB1;0;0;0;0.0009162808
19.3;MPIB4;0.0009645062;0;0;0
19.3;MPIB3;0.0004340278;0.0006751543;0;9.645062E-05
19.3;MPIB2;0;0;0;0.0004340278
19.3;MPIB1;0;0;0;0.0008680556
19.35;MPIB4;0.0009162808;0;0;0
19.35;MPIB3;0.0004822531;0.0006751543;0;9.645062E-05
19.35;MPIB2;0;0;0;0.0004340278
19.35;MPIB1;0;0;0;0.0008680556
19.4;MPIB4;0.001060957;0;0;0
19.4;MPIB3;0.0004340278;0.0006751543;0;0.0001929012
19.4;MPIB2;0;0;0;0.0003375772
19.4;MPIB1;0;0;0;0.001012731
19.45;MPIB4;0.001157407;0;0;0
19.45;MPIB3;0.0004340278;0.0007233796;0;9.645062E-05
19.45;MPIB2;0;0;0;0.0004340278
19.45;MPIB1;0;0;0;0.0009162808
19.5;MPIB4;0.001302083;0;0;0
19.5;MPIB3;0.0004340278;0.0006751543;0;0.0001929012
19.5;MPIB2;0;0;0;0.0005304784
19.5;MPIB1;0;0;0;0.001012731
19.55;MPIB4;0.001205633;0;0;0
19.55;MPIB3;0.0004822531;0.0007233796;0;9.645062E-05
19.55;MPIB2;0;0;0;0.0003858025
19.55;MPIB1;0;0;0;0.0009162808
19.6;MPIB4;0.001302083;0;0;0
19.6;MPIB3;0.0005304784;0.0006751543;0;9.645062E-05
19.6;MPIB2;0;0;0;0.0004340278
19.6;MPIB1;0;0;0;0.0009645062
19.65;MPIB4;0.001302083;0;0;0
19.65;MPIB3;0.0004822531;0.0007233796;0;0.0001446759
19.65;MPIB2;0;0;0;0.0003375772
19.65;MPIB1;0;0;0;0.0008680556
19.7;MPIB4;0.001302083;0;0;0
19.7;MPIB3;0.0005304784;0.0007233796;0;0.0001446759
19.7;MPIB2;0;0;0;0.0003858025
19.7;MPIB1;0;0;0;0.0009162808
19.75;MPIB4;0.001302083;0;0;0
19.75;MPIB3;0.0004822531;0.0007233796;0;0.0002411265
19.75;MPIB2;0;0;0;0.0003858025
19.75;MPIB1;0;0;0;0.0008680556
19.8;MPIB4;0.001302083;0;0;0
19.8;MPIB3;0.0005304784;0.0007233796;0;0.0001446759
19.8;MPIB2;0;0;0;0.0004340278
19.8;MPIB1;0;0;0;0.0008198302
19.85;MPIB4;0.001398534;0;0;0
19.85;MPIB3;0.0004822531;0.0008198302;0;0.0002893519
19.85;MPIB2;0;0;0;0.0004340278
19.85;MPIB1;0;0;0;0.0008198302
19.9;MPIB4;0.001205633;0;0;0
19.9;MPIB3;0.0005304784;0.0008198302;0;0.0001446759
19.9;MPIB2;0;0;0;0.0003858025
19.9;MPIB1;0;0;0;0.0007716049
19.95;MPIB4;0.001205633;0;0;0
19.95;MPIB3;0.0004822531;0.001060957;0;0.0001446759
19.95;MPIB2;0;0;0;0.0003858025
19.95;MPIB1;0;0;0;0.0007716049
20;MPIB4;0.001205633;0;0;0
20;MPIB3;0.0005304784;0.001060957;0;0.0001446759
20;MPIB2;0;0;0;0.0003858025
20;MPIB1;0;0;0;0.0007716049
20.05;MPIB4;0.001205633;0;0;0
20.05;MPIB3;0.0005304784;0.001109182;0;0.0001446759
20.05;MPIB2;0;0;0;0.0004822531
20.05;MPIB1;0;0;0;0.0007716049
20.1;MPIB4;0.001205633;0;0;0
20.1;MPIB3;0.0005304784;0.001109182;0;0.0001446759
20.1;MPIB2;0;0;0;0.0004340278
20.1;MPIB1;0;0;0;0.0007716049
20.15;MPIB4;0.001205633;0;0;0
20.15;MPIB3;0.0003375772;0.0007233796;0;9.645062E-05
20.15;MPIB2;0;0;0;0.0002893519
20.15;MPIB1;0;0;0;0.0007716049
20.2;MPIB4;0.001205633;0;0;0
20.2;MPIB3;0.0001929012;0.0003858025;0;9.645062E-05
20.2;MPIB2;0;0;0;0.0002893519
20.2;MPIB1;0;0;0;0.0007716049
20.25;MPIB4;0.001205633;0;0;0
20.25;MPIB3;0;0.0004340278;0;0
20.25;MPIB2;0;0;0;0.0002893519
20.25;MPIB1;0;0;0;0.0007716049
20.3;MPIB4;0.001205633;0;0;0
20.3;MPIB3;0;0.0002893519;0;0
20.3;MPIB2;0;0;0;0.0002893519
20.3;MPIB1;0;0;0;0.0007716049
20.35;MPIB4;0.001205633;0;0;0
20.35;MPIB3;0;0.0004340278;0;9.645062E-05
20.35;MPIB2;0;0;0;0.0004340278
20.35;MPIB1;0;0;0;0.0007716049
20.4;MPIB4;0.001205633;0;0;0
20.4;MPIB3;0.0001446759;0.0003858025;0;0.0001446759
20.4;MPIB2;0;0;0;0.0003375772
20.4;MPIB1;0;0;0;0.0007716049
20.45;MPIB4;0.001205633;0;0;0
20.45;MPIB3;9.645062E-05;0.0004822531;0;9.645062E-05
20.45;MPIB2;0;0;0;0.0004822531
20.45;MPIB1;0;0;0;0.0007716049
20.5;MPIB4;0.001205633;0;0;0
20.5;MPIB3;9.645062E-05;0.0006751543;0;0.0001446759
20.5;MPIB2;0;0;0;0.0004822531
20.5;MPIB1;0;0;0;0.0007716049
20.55;MPIB4;0.001205633;0;0;0
20.55;MPIB3;9.645062E-05;0.0008198302;0;0.0001446759
20.55;MPIB2;0;0;0;0.0004822531
20.55;MPIB1;0;0;0;0.0007716049
20.6;MPIB4;0.001205633;0;0;0
20.6;MPIB3;9.645062E-05;0.0007233796;0;0.0001446759
20.6;MPIB2;0;0;0;0.0004822531
20.6;MPIB1;0;0;0;0.0007716049
20.65;MPIB4;0.001205633;0;0;0
20.65;MPIB3;9.645062E-05;0.0004822531;0;0.0001446759
20.65;MPIB2;0;0;0;0.0003858025
20.65;MPIB1;0;0;0;0.0007716049
20.7;MPIB4;0.001302083;0;0;0
20.7;MPIB3;9.645062E-05;0.0003858025;0;0.0001446759
20.7;MPIB2;0;0;0;0.0003375772
20.7;MPIB1;0;0;0;0.0007716049
20.75;MPIB4;0.001350309;0;0;0
20.75;MPIB3;0.0001446759;0.0003375772;0;0.0001446759
20.75;MPIB2;0;0;0;0.0002893519
20.75;MPIB1;0;0;0;0.0008198302
20.8;MPIB4;0.001205633;0;0;0
20.8;MPIB3;9.645062E-05;0.0003858025;0;0.0001446759
20.8;MPIB2;0;0;0;0.0004340278
20.8;MPIB1;0;0;0;0.0009162808
20.85;MPIB4;0.001398534;0;0;0
20.85;MPIB3;0.0001446759;0.0003858025;0;0.0001446759
20.85;MPIB2;0;0;0;0.0005787037
20.85;MPIB1;0;0;0;0.0008198302
20.9;MPIB4;0.001253858;0;0;0
20.9;MPIB3;9.645062E-05;0.0003375772;0;0.0001446759
20.9;MPIB2;0;0;0;0.0003858025
20.9;MPIB1;0;0;0;0.0009645062
20.95;MPIB4;0.001398534;0;0;0
20.95;MPIB3;0.0001446759;0.0003375772;0;9.645062E-05
20.95;MPIB2;0;0;0;0.0003858025
20.95;MPIB1;0;0;0;0.0009645062
21;MPIB4;0.001350309;0;0;0
21;MPIB3;0.0001446759;0.0003375772;0;9.645062E-05
21;MPIB2;0;0;0;0.0004340278
21;MPIB1;0;0;0;0.0007233796
21.05;MPIB4;0.001446759;0;0;0
21.05;MPIB3;0.0001929012;0.0003375772;0;9.645062E-05
21.05;MPIB2;0;0;0;0.0005787037
21.05;MPIB1;0;0;0;0.0007233796
21.1;MPIB4;0.001398534;0;0;0
21.1;MPIB3;0.0001446759;0.0003858025;0;9.645062E-05
21.1;MPIB2;0;0;0;0.0003858025
21.1;MPIB1;0;0;0;0.000626929
21.15;MPIB4;0.001446759;0;0;0
21.15;MPIB3;0.0001929012;0.0004822531;0;9.645062E-05
21.15;MPIB2;0;0;0;0.0004822531
21.15;MPIB1;0;0;0;0.0007716049
21.2;MPIB4;0.001398534;0;0;0
21.2;MPIB3;0.0001446759;0.0004340278;0;9.645062E-05
21.2;MPIB2;0;0;0;0.0005304784
21.2;MPIB1;0;0;0;0.0007233796
21.25;MPIB4;0.001302083;0;0;0
21.25;MPIB3;0.0001929012;0.0002893519;0;9.645062E-05
21.25;MPIB2;0;0;0;0.0004822531
21.25;MPIB1;0;0;0;0.0005787037
21.3;MPIB4;0.001446759;0;0;0
21.3;MPIB3;0.0001446759;0.0002411265;0;9.645062E-05
21.3;MPIB2;0;0;0;0.0005787037
21.3;MPIB1;0;0;0;0.0005304784
21.35;MPIB4;0.001350309;0;0;0
21.35;MPIB3;0.0001446759;0.0002893519;0;9.645062E-05
21.35;MPIB2;0;0;0;0.0005304784
21.35;MPIB1;0;0;0;0.0006751543
21.4;MPIB4;0.001446759;0;0;0
21.4;MPIB3;0.0001446759;0.0001929012;0;9.645062E-05
21.4;MPIB2;0;0;0;0.0003858025
21.4;MPIB1;0;0;0;0.0007233796
21.45;MPIB4;0.001398534;0;0;0
21.45;MPIB3;0.0001446759;0.0002411265;0;9.645062E-05
21.45;MPIB2;0;0;0;0.0004822531
21.45;MPIB1;0;0;0;0.000626929
21.5;MPIB4;0.001398534;0;0;0
21.5;MPIB3;0.0001446759;0.0002411265;0;9.645062E-05
21.5;MPIB2;0;0;0;0.0004822531
21.5;MPIB1;0;0;0;0.0006751543
21.55;MPIB4;0.001398534;0;0;0
21.55;MPIB3;0.0001446759;0.0002411265;0;9.645062E-05
21.55;MPIB2;0;0;0;0.0003858025
21.55;MPIB1;0;0;0;0.000626929
21.6;MPIB4;0.001494985;0;0;0
21.6;MPIB3;0.0001929012;0.0002411265;0;9.645062E-05
21.6;MPIB2;0;0;0;0.0003858025
21.6;MPIB1;0;0;0;0.0007233796
21.65;MPIB4;0.001446759;0;0;0
21.65;MPIB3;9.645062E-05;0.0002893519;0;9.645062E-05
21.65;MPIB2;0;0;0;0.0003858025
21.65;MPIB1;0;0;0;0.0007233796
21.7;MPIB4;0.00163966;0;0;0
21.7;MPIB3;0.0001446759;0.0002893519;0;9.645062E-05
21.7;MPIB2;0;0;0;0.0004340278
21.7;MPIB1;0;0;0;0.0009645062
21.75;MPIB4;0.001687886;0;0;0
21.75;MPIB3;4.822531E-05;0.0002893519;0;0.0001446759
21.75;MPIB2;0;0;0;0.0005304784
21.75;MPIB1;0;0;0;0.001012731
21.8;MPIB4;0.001736111;0;0;0
21.8;MPIB3;9.645062E-05;0.0002893519;0;0.0001929012
21.8;MPIB2;0;0;0;0.0005304784
21.8;MPIB1;0;0;0;0.0009162808
21.85;MPIB4;0.001832562;0;0;0
21.85;MPIB3;4.822531E-05;0.0002893519;0;9.645062E-05
21.85;MPIB2;0;0;0;0.0005787037
21.85;MPIB1;0;0;0;0.001012731
21.9;MPIB4;0.001977238;0;0;0
21.9;MPIB3;9.645062E-05;0.0002893519;0;0.0001446759
21.9;MPIB2;0;0;0;0.000626929
21.9;MPIB1;0;0;0;0.001012731
21.95;MPIB4;0.002025463;0;0;0
21.95;MPIB3;4.822531E-05;0.0002893519;0;9.645062E-05
21.95;MPIB2;0;0;0;0.0008198302
21.95;MPIB1;0;0;0;0.001302083
22;MPIB4;0.00236304;0;0;0
22;MPIB3;0;0.0002893519;0;4.822531E-05
22;MPIB2;0;0;0;0.0008680556
22;MPIB1;0;0;0;0.001398534
22.05;MPIB4;0.002507716;0;0;0
22.05;MPIB3;9.645062E-05;9.645062E-05;0;0
22.05;MPIB2;0;0;0;0.0006751543
22.05;MPIB1;0;0;0;0.001350309
22.1;MPIB4;0.002652392;0;0;0
22.1;MPIB3;0;0.0002893519;0;0
22.1;MPIB2;0;0;0;0.0007716049
22.1;MPIB1;0;0;0;0.001446759
22.15;MPIB4;0.002652392;0;0;0
22.15;MPIB3;4.822531E-05;0.0002893519;0;0
22.15;MPIB2;0;0;0;0.0007716049
22.15;MPIB1;0;0;0;0.001494985
22.2;MPIB4;0.002893518;0;0;0
22.2;MPIB3;9.645062E-05;0.0002893519;0;4.822531E-05
22.2;MPIB2;0;0;0;0.000626929
22.2;MPIB1;0;0;0;0.001494985
22.25;MPIB4;0.002941744;0;0;0
22.25;MPIB3;9.645062E-05;0.0002893519;0;0
22.25;MPIB2;0;0;0;0.000626929
22.25;MPIB1;0;0;0;0.001398534
22.3;MPIB4;0.003038194;0;0;0
22.3;MPIB3;9.645062E-05;0.0002893519;0;4.822531E-05
22.3;MPIB2;0;0;0;0.0006751543
22.3;MPIB1;0;0;0;0.001253858
22.35;MPIB4;0.00318287;0;0;0
22.35;MPIB3;9.645062E-05;0.0002893519;0;4.822531E-05
22.35;MPIB2;0;0;0;0.000626929
22.35;MPIB1;0;0;0;0.001302083
22.4;MPIB4;0.003568673;0;0;0
22.4;MPIB3;9.645062E-05;0.0002411265;0;4.822531E-05
22.4;MPIB2;0;0;0;0.0005787037
22.4;MPIB1;0;0;0;0.001205633
22.45;MPIB4;0.003761574;0;0;0
22.45;MPIB3;4.822531E-05;0.0007716049;0;0.0001446759
22.45;MPIB2;0;0;0;0.000626929
22.45;MPIB1;0;0;0;0.001687886
22.5;MPIB4;0.003761574;0;0;0
22.5;MPIB3;0;0;0;0
22.5;MPIB2;0;0;0;0.000626929
22.5;MPIB1;0;0;0;0.001687886
22.55;MPIB4;0.003761574;0;0;0
22.55;MPIB3;0;0;0;0
22.55;MPIB2;0;0;0;0.000626929
22.55;MPIB1;0;0;0;0.001687886
22.6;MPIB4;0.003761574;0;0;0
22.6;MPIB3;0;0;0;0
22.6;MPIB2;0;0;0;0.000626929
22.6;MPIB1;0;0;0;0.001687886
22.65;MPIB4;0.003761574;0;0;0
22.65;MPIB3;0;0;0;0
22.65;MPIB2;0;0;0;0.000626929
22.65;MPIB1;0;0;0;0.001687886
22.7;MPIB4;0.003761574;0;0;0
22.7;MPIB3;0;0;0;0
22.7;MPIB2;0;0;0;0.000626929
22.7;MPIB1;0;0;0;0.001687886
22.75;MPIB4;0.003761574;0;0;0
22.75;MPIB3;0;0;0;0
22.75;MPIB2;0;0;0;0.000626929
22.75;MPIB1;0;0;0;0.001687886
22.8;MPIB4;0.003761574;0;0;0
22.8;MPIB3;0;0;0;0
22.8;MPIB2;0;0;0;0.000626929
22.8;MPIB1;0;0;0;0.001687886
22.85;MPIB4;0.003761574;0;0;0
22.85;MPIB3;0;0;0;0
22.85;MPIB2;0;0;0;0.000626929
22.85;MPIB1;0;0;0;0.001687886
22.9;MPIB4;0.003761574;0;0;0
22.9;MPIB3;0;0;0;0
22.9;MPIB2;0;0;0;0.000626929
22.9;MPIB1;0;0;0;0.001687886
22.95;MPIB4;0.003761574;0;0;0
22.95;MPIB3;0;0;0;0
22.95;MPIB2;0;0;0;0.000626929
22.95;MPIB1;0;0;0;0.001687886
23;MPIB4;0.003761574;0;0;0
23;MPIB3;0;0;0;0
23;MPIB2;0;0;0;0.000626929
23;MPIB1;0;0;0;0.001687886
23.05;MPIB4;0.003761574;0;0;0
23.05;MPIB3;0;0;0;0
23.05;MPIB2;0;0;0;0.000626929
23.05;MPIB1;0;0;0;0.001687886
23.1;MPIB4;0.003761574;0;0;0
23.1;MPIB3;0;0;0;0
23.1;MPIB2;0;0;0;0.000626929
23.1;MPIB1;0;0;0;0.001687886
23.15;MPIB4;0.003761574;0;0;0
23.15;MPIB3;0;0;0;0
23.15;MPIB2;0;0;0;0.000626929
23.15;MPIB1;0;0;0;0.001687886
23.2;MPIB4;0.003761574;0;0;0
23.2;MPIB3;0;0;0;0
23.2;MPIB2;0;0;0;0.0005787037
23.2;MPIB1;0;0;0;0.001687886
23.25;MPIB4;0.003761574;0;0;0
23.25;MPIB3;0;0;0;0
23.25;MPIB2;0;0;0;0.000626929
23.25;MPIB1;0;0;0;0.001687886
23.3;MPIB4;0.003761574;0;0;0
23.3;MPIB3;0;0;0;0
23.3;MPIB2;0;0;0;0.0007233796
23.3;MPIB1;0;0;0;0.001687886
23.35;MPIB4;0.003761574;0;0;0
23.35;MPIB3;0;0;0;0
23.35;MPIB2;0;0;0;0.0006751543
23.35;MPIB1;0;0;0;0.001687886
23.4;MPIB4;0.003761574;0;0;0
23.4;MPIB3;0;0;0;0
23.4;MPIB2;0;0;0;0.0009162808
23.4;MPIB1;0;0;0;0.001687886
23.45;MPIB4;0.003761574;0;0;0
23.45;MPIB3;0;0;0;0
23.45;MPIB2;0;0;0;0.0009645062
23.45;MPIB1;0;0;0;0.001687886
23.5;MPIB4;0.003761574;0;0;0
23.5;MPIB3;0;0;0;0
23.5;MPIB2;0;0;0;0.001060957
23.5;MPIB1;0;0;0;0.001687886
23.55;MPIB4;0.003809799;0;0;0
23.55;MPIB3;0;0;0;0
23.55;MPIB2;0;0;0;0.001012731
23.55;MPIB1;0;0;0;0.001687886
23.6;MPIB4;0.004243827;0;0;0
23.6;MPIB3;0;0;0;0
23.6;MPIB2;0;0;0;0.001012731
23.6;MPIB1;0;0;0;0.001687886
23.65;MPIB4;0.004533179;0;0;0
23.65;MPIB3;0;0;0;0
23.65;MPIB2;0;0;0;0.001012731
23.65;MPIB1;0;0;0;0.001687886
23.7;MPIB4;0.004677855;0;0;0
23.7;MPIB3;0;0;0;0
23.7;MPIB2;0;0;0;0.0007716049
23.7;MPIB1;0;0;0;0.001687886
23.75;MPIB4;0.004581404;0;0;0
23.75;MPIB3;0;0;0;0
23.75;MPIB2;0;0;0;0.0008680556
23.75;MPIB1;0;0;0;0.001687886
23.8;MPIB4;0.004581404;0;0;0
23.8;MPIB3;0;0;0;0
23.8;MPIB2;0;0;0;0.0008680556
23.8;MPIB1;0;0;0;0.001687886
23.85;MPIB4;0.004581404;0;0;0
23.85;MPIB3;0;0;0;0
23.85;MPIB2;0;0;0;0.0008680556
23.85;MPIB1;0;0;0;0.001687886
23.9;MPIB4;0.00462963;0;0;0
23.9;MPIB3;0;0;0;0
23.9;MPIB2;0;0;0;0.0008680556
23.9;MPIB1;0;0;0;0.001736111
23.95;MPIB4;0.004533179;0;0;0
23.95;MPIB3;0;0;0;0
23.95;MPIB2;0;0;0;0.0008680556
23.95;MPIB1;0;0;0;0.001446759
24;MPIB4;0.00462963;0;0;0
24;MPIB3;0;0;0;0
24;MPIB2;0;0;0;0.0008680556
24;MPIB1;0;0;0;0.001736111
24.05;MPIB4;0.004484954;0;0;0
24.05;MPIB3;0;0;0;0
24.05;MPIB2;0;0;0;0.0009162808
24.05;MPIB1;0;0;0;0.001736111
24.1;MPIB4;0.00462963;0;0;0
24.1;MPIB3;0;0;0;0
24.1;MPIB2;0;0;0;0.0007716049
24.1;MPIB1;0;0;0;0.002025463
24.15;MPIB4;0.004581404;0;0;0
24.15;MPIB3;0;0;0;0
24.15;MPIB2;0;0;0;0.001060957
24.15;MPIB1;0;0;0;0.001929012
24.2;MPIB4;0.005835262;0;0;0
24.2;MPIB3;0;0;0;0
24.2;MPIB2;0;0;0;0.001012731
24.2;MPIB1;0;0;0;0.001977238
24.25;MPIB4;0.004774306;0;0;0
24.25;MPIB3;0;0;0;0
24.25;MPIB2;0;0;0;0.0009162808
24.25;MPIB1;0;0;0;0.001977238
24.3;MPIB4;0.005208333;0;0;0
24.3;MPIB3;0;0;0;0
24.3;MPIB2;0;0;0;0.001012731
24.3;MPIB1;0;0;0;0.0009162808
24.35;MPIB4;0.005497685;0;0;0
24.35;MPIB3;0;0;0;0
24.35;MPIB2;0;0;0;0.0006751543
24.35;MPIB1;0;0;0;0.001205633
24.4;MPIB4;0.005353009;0;0;0
24.4;MPIB3;0;0;0;0
24.4;MPIB2;0;0;0;0.0008680556
24.4;MPIB1;0;0;0;0.001736111
24.45;MPIB4;0.006510417;0;0;0
24.45;MPIB3;0;0;0;0
24.45;MPIB2;0;0;0;0.0009162808
24.45;MPIB1;0;0;0;0.004581404
24.5;MPIB4;0.007474923;0;0;0
24.5;MPIB3;0;0;0;0
24.5;MPIB2;0;0;0;0.001060957
24.5;MPIB1;0;0;0;0.005690586
24.55;MPIB4;0.008680556;0;0;0
24.55;MPIB3;0;0;0;0
24.55;MPIB2;0;0;0;0.001060957
24.55;MPIB1;0;0;0;0.006221065
24.6;MPIB4;0.01027199;0;0;0
24.6;MPIB3;0;0;0;0
24.6;MPIB2;0;0;0;0.001060957
24.6;MPIB1;0;0;0;0.004243827
24.65;MPIB4;0.01099537;0;0;0
24.65;MPIB3;0;0;0;0
24.65;MPIB2;0;0;0;0.0009162808
24.65;MPIB1;0;0;0;0.004243827
24.7;MPIB4;0.01085069;0;0;0
24.7;MPIB3;0;0;0;0
24.7;MPIB2;0;0;0;0.0009162808
24.7;MPIB1;0;0.00935571;0.0002411265;0
24.75;MPIB4;0.01186343;0;0;0
24.75;MPIB3;0;0;0;0
24.75;MPIB2;0;0;0;0.0009162808
24.75;MPIB1;0;0.002893518;0.0001929012;0
24.8;MPIB4;0.01080247;0;0;0
24.8;MPIB3;0;0;0;0
24.8;MPIB2;0;0;0;0.0009162808
24.8;MPIB1;0;0.002797068;0;0
24.85;MPIB4;0.009211034;0;0;0
24.85;MPIB3;0;0;0;0
24.85;MPIB2;0;0;0;0.0009162808
24.85;MPIB1;0;0.002989969;0;0
24.9;MPIB4;0.00853588;0;0;0
24.9;MPIB3;0;0;0;0
24.9;MPIB2;0;0;0;0.0009645062
24.9;MPIB1;0;0.00318287;0;0
24.95;MPIB4;0.009645062;0;0;0
24.95;MPIB3;0;0;0;0
24.95;MPIB2;0;0;0;0.0009645062
24.95;MPIB1;0;0.003520448;4.822531E-05;0
25;MPIB4;0.009982639;0;0;0
25;MPIB3;0;0;0;0
25;MPIB2;0;0;0;0.001012731
25;MPIB1;0;0.00318287;0;0
25.05;MPIB4;0.009934413;0;0;0
25.05;MPIB3;0;0;0;0
25.05;MPIB2;0;0;0;0.0007233796
25.05;MPIB1;0;0.00318287;4.822531E-05;0
25.1;MPIB4;0.00945216;0;0;0
25.1;MPIB3;0;0;0;0
25.1;MPIB2;0;0;0;0.0007716049
25.1;MPIB1;0;0.00318287;4.822531E-05;0
25.15;MPIB4;0.009596837;0;0;0
25.15;MPIB3;0;0;0;0
25.15;MPIB2;0;0;0;0.0007716049
25.15;MPIB1;0;0.003375772;0.0001446759;0
25.2;MPIB4;0.00935571;0;0;0
25.2;MPIB3;0;0;0;0
25.2;MPIB2;0;0;0;0.0008680556
25.2;MPIB1;0;0.012201;0.0002893519;0
25.25;MPIB4;0.00945216;0;0;0
25.25;MPIB3;0;0;0;0
25.25;MPIB2;0;0;0;0.0008680556
25.25;MPIB1;0;0.0003375772;0.0007233796;0
25.3;MPIB4;0.00945216;0;0;0
25.3;MPIB3;0;0;0;0
25.3;MPIB2;0;0;0;0.001012731
25.3;MPIB1;0;0.0009645062;0.0004822531;0
25.35;MPIB4;0.009403936;0;0;0
25.35;MPIB3;0;0;0;0
25.35;MPIB2;0;0;0;0.001060957
25.35;MPIB1;0;0.001494985;0.0004822531;0
25.4;MPIB4;0.00935571;0;0;0
25.4;MPIB3;0;0;0;4.822531E-05
25.4;MPIB2;0;0;0;0.001060957
25.4;MPIB1;0;0.004195602;0.0006751543;0
25.45;MPIB4;0.009211034;0;0;0
25.45;MPIB3;0;0;0;0.0001446759
25.45;MPIB2;0;0;0;0.001060957
25.45;MPIB1;0;0.009403936;0.0006751543;0
25.5;MPIB4;0.008584104;0;0;0
25.5;MPIB3;0.0002893519;0.0001446759;0;0
25.5;MPIB2;0;0;0;0.001060957
25.5;MPIB1;0;0.01051312;0.0005304784;0
25.55;MPIB4;0.00853588;0;0;0
25.55;MPIB3;0.0001929012;0.0003858025;0;4.822531E-05
25.55;MPIB2;0;0;0;0.001060957
25.55;MPIB1;0;0.01027199;0.0003858025;0
25.6;MPIB4;0.008101852;0;0;0
25.6;MPIB3;0.0001929012;0.0003858025;0;0
25.6;MPIB2;0;0;0;0.001060957
25.6;MPIB1;0;0.008439429;0.0004822531;0
25.65;MPIB4;0.007957176;0;0;0
25.65;MPIB3;0.0001929012;0.0003858025;0;0
25.65;MPIB2;0;0;0;0.001060957
25.65;MPIB1;0;0.007716049;0.0004822531;0
25.7;MPIB4;0.007426698;0;0;0
25.7;MPIB3;0.0001929012;0.0004340278;0;4.822531E-05
25.7;MPIB2;0;0;0;0.001060957
25.7;MPIB1;0;0.006365741;0.0002893519;0
25.75;MPIB4;0.007474923;0;0;0
25.75;MPIB3;0.0001929012;0.0003858025;0;4.822531E-05
25.75;MPIB2;0;0;0;0.001060957
25.75;MPIB1;0;0.006221065;0.0002893519;0
25.8;MPIB4;0.007474923;0;0;0
25.8;MPIB3;0.0001929012;0.0003858025;0;4.822531E-05
25.8;MPIB2;0;0;0;0.001060957
25.8;MPIB1;0;0.006221065;0.0002893519;0
25.85;MPIB4;0.007474923;0;0;0
25.85;MPIB3;0.0001929012;0.0003858025;0;4.822531E-05
25.85;MPIB2;0;0;0;0.001060957
25.85;MPIB1;0;0.006221065;0.0002893519;0
25.9;MPIB4;0.007474923;0;0;0
25.9;MPIB3;0.0001929012;0.0003858025;0;4.822531E-05
25.9;MPIB2;0;0;0;0.001060957
25.9;MPIB1;0;0.006221065;0.0002893519;0
25.95;MPIB4;0.007474923;0;0;0
25.95;MPIB3;0.0001929012;0.0003858025;0;4.822531E-05
25.95;MPIB2;0;0;0;0.0009162808
25.95;MPIB1;0;0.006221065;0.0002893519;0
26;MPIB4;0.007474923;0;0;0
26;MPIB3;0.0001929012;0.0003858025;0;4.822531E-05
26;MPIB2;0;0;0;0.0009162808
26;MPIB1;0;0.006221065;0.0002893519;0
26.05;MPIB4;0.007474923;0;0;0
26.05;MPIB3;0.0001929012;0.0003858025;0;4.822531E-05
26.05;MPIB2;0;0;0;0.0009162808
26.05;MPIB1;0;0.006221065;0.0002893519;0
26.1;MPIB4;0.007474923;0;0;0
26.1;MPIB3;0.0001929012;0.0003858025;0;4.822531E-05
26.1;MPIB2;0;0;0;0.001012731
26.1;MPIB1;0;0.006221065;0.0002893519;0
26.15;MPIB4;0.007474923;0;0;0
26.15;MPIB3;0.0002893519;0.0003858025;0;4.822531E-05
26.15;MPIB2;0;0;0;0.0007716049
26.15;MPIB1;0;0.006124614;0.0002893519;0
26.2;MPIB4;0.007474923;0;0;0
26.2;MPIB3;0.0002893519;0.0003858025;0;4.822531E-05
26.2;MPIB2;0;0;0;0.0008680556
26.2;MPIB1;0;0.005931713;0.0002893519;0
26.25;MPIB4;0.007474923;0;0;0
26.25;MPIB3;0.0002893519;0.0003858025;0;4.822531E-05
26.25;MPIB2;0;0;0;0.0009162808
26.25;MPIB1;0;0.005883488;0.0002893519;0
26.3;MPIB4;0.007474923;0;0;0
26.3;MPIB3;4.822531E-05;0;0;0
26.3;MPIB2;0;0;0;0.0009162808
26.3;MPIB1;0;0.005787037;0.0002893519;0
26.35;MPIB4;0.007474923;0;0;0
26.35;MPIB3;0;0;0;0
26.35;MPIB2;0;0;0;0.001157407
26.35;MPIB1;0;0.005883488;0.0002893519;0
26.4;MPIB4;0.007474923;0;0;0
26.4;MPIB3;0;0;0;0
26.4;MPIB2;0;0;0;0.001060957
26.4;MPIB1;0;0.006028164;0.0002411265;0
26.45;MPIB4;0.007378472;0;0;0
26.45;MPIB3;0;0;0;0
26.45;MPIB2;0;0;0;0.001350309
26.45;MPIB1;0;0.006317515;0.0002411265;0
26.5;MPIB4;0.007426698;0;0;0
26.5;MPIB3;0;0;0;0
26.5;MPIB2;0;0;0;0.0009645062
26.5;MPIB1;0;0.006751543;0.0002411265;0
26.55;MPIB4;0.007523148;0;0;0
26.55;MPIB3;0;0;0;0
26.55;MPIB2;0;0;0;0.001302083
26.55;MPIB1;0;0.006944444;9.645062E-05;0
26.6;MPIB4;0.007233796;0;0;0
26.6;MPIB3;0;0;0;0
26.6;MPIB2;0;0;0;0.0009645062
26.6;MPIB1;0;0.006558642;0;0
26.65;MPIB4;0.006606867;0;0;0
26.65;MPIB3;0;0;0;0
26.65;MPIB2;0;0;0;0.00154321
26.65;MPIB1;0;0.006462191;0;0
26.7;MPIB4;0.00554591;0;0;0
26.7;MPIB3;0;0;0;0
26.7;MPIB2;0;0;0;0.001736111
26.7;MPIB1;0;0.00617284;0;0
26.75;MPIB4;0.004292052;0;0;0
26.75;MPIB3;0;0;0;0
26.75;MPIB2;0;0;0;0.001784336
26.75;MPIB1;0;0.006028164;0.0001446759;0
26.8;MPIB4;0.002459491;0;0;0
26.8;MPIB3;0;0;0;0
26.8;MPIB2;0;0;0;0.002507716
26.8;MPIB1;0;0.00544946;0.0002411265;0
26.85;MPIB4;0.000626929;0;0;0
26.85;MPIB3;0;0;0;0
26.85;MPIB2;0;0;0;0.003038194
26.85;MPIB1;0;0.004533179;0.0002893519;0
26.9;MPIB4;0;0;0;0
26.9;MPIB3;0;0;0;0
26.9;MPIB2;0;0;0;0.00318287
26.9;MPIB1;0;0.003761574;0.0002893519;0
26.95;MPIB4;0;0;0;0
26.95;MPIB3;0;0;0;0
26.95;MPIB2;0;0;0;0.003375772
26.95;MPIB1;0;0.003279321;0.0002893519;0
27;MPIB4;0;0;0;0
27;MPIB3;0;0;0;0
27;MPIB2;0;0;0;0.003375772
27;MPIB1;0;0.00318287;0.0002893519;0
27.05;MPIB4;0;0;0;0
27.05;MPIB3;0;0;0;0
27.05;MPIB2;0;0;0;0.003761574
27.05;MPIB1;0;0.002989969;0.0002893519;0
27.1;MPIB4;0;0;0;0
27.1;MPIB3;0;0;0;0
27.1;MPIB2;0;0;0;0.003954475
27.1;MPIB1;0;0.003038194;0.0002893519;0
27.15;MPIB4;0;0;0;0
27.15;MPIB3;0;0;0;0
27.15;MPIB2;0;0;0;0.004581404
27.15;MPIB1;0;0.003038194;0.0002893519;0
27.2;MPIB4;0;0;0;0
27.2;MPIB3;0;0;0;0
27.2;MPIB2;0;0;0;0.004677855
27.2;MPIB1;0;0.003038194;0.0002893519;0
27.25;MPIB4;0;0;0;0
27.25;MPIB3;0;0;0;0
27.25;MPIB2;0;0;0;0.004870756
27.25;MPIB1;0;0.00318287;0.0002893519;0
27.3;MPIB4;0;0;0;0
27.3;MPIB3;0;0;0;0
27.3;MPIB2;0;0;0;0.004870756
27.3;MPIB1;0;0.00318287;0.0002893519;0
27.35;MPIB4;0;0;0;0
27.35;MPIB3;0;0;0;0
27.35;MPIB2;0;0;0;0.004870756
27.35;MPIB1;0;0.00318287;0.0002893519;0
27.4;MPIB4;0;0;0;0
27.4;MPIB3;0;0;0;0
27.4;MPIB2;0;0;0;0.004870756
27.4;MPIB1;0;0.00318287;0.0002893519;0
27.45;MPIB4;0;0;0;0
27.45;MPIB3;0;0;0;0
27.45;MPIB2;0;0;0;0.004870756
27.45;MPIB1;0;0.00318287;0.0002893519;0
27.5;MPIB4;0;0;0;0
27.5;MPIB3;0;0;0;0
27.5;MPIB2;0;0;0;0.00462963
27.5;MPIB1;0;0.00318287;0.0002893519;0
27.55;MPIB4;0;0;0;0
27.55;MPIB3;0;0;0;0
27.55;MPIB2;0;0;0;0.004484954
27.55;MPIB1;0;0.00318287;0.0002893519;0
27.6;MPIB4;0;0;0;0
27.6;MPIB3;0;0;0;0
27.6;MPIB2;0;0;0;0.004484954
27.6;MPIB1;0;0.00318287;0.0002893519;0
27.65;MPIB4;0;0;0;0
27.65;MPIB3;0;0;0;0
27.65;MPIB2;0;0;0;0.004484954
27.65;MPIB1;0;0.00318287;0.0002893519;0
27.7;MPIB4;0;0;0;0
27.7;MPIB3;0;0;0;0
27.7;MPIB2;0;0;0;0.004436729
27.7;MPIB1;0;0.00318287;0.0002893519;0
27.75;MPIB4;0;0;0;0
27.75;MPIB3;0;0;0;0
27.75;MPIB2;0;0;0;0.004436729
27.75;MPIB1;0;0.00318287;0.0002893519;0
27.8;MPIB4;0;0;0;0
27.8;MPIB3;0;0;0;0
27.8;MPIB2;0;0;0;0.004340278
27.8;MPIB1;0;0.00318287;4.822531E-05;0
27.85;MPIB4;0;0;0;0
27.85;MPIB3;0;0;0;0
27.85;MPIB2;0;0;0;0.00462963
27.85;MPIB1;0;0.00318287;4.822531E-05;0
27.9;MPIB4;0;0;0;0
27.9;MPIB3;0;0;0;0
27.9;MPIB2;0;0;0;0.004484954
27.9;MPIB1;0;0.001736111;0;0
27.95;MPIB4;0;0;0;0
27.95;MPIB3;0;0;0;0
27.95;MPIB2;0;0;0;0.004340278
27.95;MPIB1;0;0.002025463;0;0
28;MPIB4;0;0;0;0
28;MPIB3;0;0;0;0
28;MPIB2;0;0;0;0.004340278
28;MPIB1;0;0.00236304;4.822531E-05;0
28.05;MPIB4;0;0;0;0
28.05;MPIB3;0;0;0;0
28.05;MPIB2;0;0;0;0.004436729
28.05;MPIB1;0;0.003134645;4.822531E-05;0
28.1;MPIB4;0;0;0;0
28.1;MPIB3;0;0;0;0
28.1;MPIB2;0;0;0;0.004581404
28.1;MPIB1;0;0.002893518;0.0001446759;0
28.15;MPIB4;0;0;0;0
28.15;MPIB3;0;0;0;0
28.15;MPIB2;0;0;0;0.00472608
28.15;MPIB1;0;0.00236304;4.822531E-05;0
28.2;MPIB4;0;0;0;0
28.2;MPIB3;0;0;0;0
28.2;MPIB2;0;0;0;0.004677855
28.2;MPIB1;0;0.001687886;0;0
28.25;MPIB4;0;0;0;0
28.25;MPIB3;0;0;0;0
28.25;MPIB2;0;0;0;0.004774306
28.25;MPIB1;0;0.00154321;4.822531E-05;0
28.3;MPIB4;0;0;0;0
28.3;MPIB3;0;0;0;0
28.3;MPIB2;0;0;0;0.004870756
28.3;MPIB1;0;0.001591435;4.822531E-05;0
28.35;MPIB4;0;0;0;0
28.35;MPIB3;0;0;0;0
28.35;MPIB2;0;0;0;0.005208333
28.35;MPIB1;0;0.001880787;0.0001446759;0
28.4;MPIB4;0;0;0;0
28.4;MPIB3;0;0;0;0
28.4;MPIB2;0;0;0;0.005353009
28.4;MPIB1;0;0.002652392;0.0004340278;0
28.45;MPIB4;0;0;0;0
28.45;MPIB3;0;0;0;0
28.45;MPIB2;0;0;0;0.005353009
28.45;MPIB1;0;0.004967207;0;0
28.5;MPIB4;0;0;0;0
28.5;MPIB3;0;0;0;0
28.5;MPIB2;0;0;0;0.005353009
28.5;MPIB1;0;0.006896219;0;0
28.55;MPIB4;0;0;0;0
28.55;MPIB3;0;0;0;0
28.55;MPIB2;0;0;0;0.005401235
28.55;MPIB1;0;0.009886188;0;0.004099151
28.6;MPIB4;0;0;0;0
28.6;MPIB3;0;0;0;0
28.6;MPIB2;0;0;0;0.005401235
28.6;MPIB1;0;0.004581404;0;0.008825231
28.65;MPIB4;0;0;0;0
28.65;MPIB3;0;0;0;0
28.65;MPIB2;0;0;0;0.005401235
28.65;MPIB1;0;0.001446759;0;0.008584104
28.7;MPIB4;0;0;0;0
28.7;MPIB3;0;0;0;0
28.7;MPIB2;0;0;0;0.005401235
28.7;MPIB1;0;0;0;0.007523148
28.75;MPIB4;0;0;0;0
28.75;MPIB3;0;0;0;0
28.75;MPIB2;0;0;0;0.005401235
28.75;MPIB1;0;0;0;0.005401235
28.8;MPIB4;0;0;0;0
28.8;MPIB3;0;0;0;0
28.8;MPIB2;0;0;0;0.005401235
28.8;MPIB1;0;0;0;0.004533179
28.85;MPIB4;0;0;0;0
28.85;MPIB3;0;0;0;0
28.85;MPIB2;0;0;0;0.00544946
28.85;MPIB1;0;0;0;0.004147376
28.9;MPIB4;0;0;0;0
28.9;MPIB3;0;0;0;0
28.9;MPIB2;0;0;0;0.00544946
28.9;MPIB1;0;0;0;0.003472222
28.95;MPIB4;0;0;0;0
28.95;MPIB3;0;0;0;0
28.95;MPIB2;0;0;0;0.00544946
28.95;MPIB1;0;0;0;0.003713349
29;MPIB4;0;0;0;0
29;MPIB3;0;0;0;0
29;MPIB2;0;0;0;0.005497685
29;MPIB1;0;0;0;0.005208333
29.05;MPIB4;0;0;0;0
29.05;MPIB3;0;0;0;0
29.05;MPIB2;0;0;0;0.00544946
29.05;MPIB1;0;0;0;0.004533179
29.1;MPIB4;0;0;0;0
29.1;MPIB3;0;0;0;0
29.1;MPIB2;0;0;0;0.00544946
29.1;MPIB1;0;0;0;0.004484954
29.15;MPIB4;0;0;0;0
29.15;MPIB3;0;0;0;0
29.15;MPIB2;0;0;0;0.003472222
29.15;MPIB1;0;0;0;0.005063657
29.2;MPIB4;0;0;0;0
29.2;MPIB3;0;4.822531E-05;0;0
29.2;MPIB2;0;0;0;0.001157407
29.2;MPIB1;0;0;0;0.005304784
29.25;MPIB4;0;0;0;0
29.25;MPIB3;0;9.645062E-05;0;0
29.25;MPIB2;0;0;0;0
29.25;MPIB1;0;0;0;0.005979938
29.3;MPIB4;0;0;0;0
29.3;MPIB3;0.0002411265;0.000626929;0;4.822531E-05
29.3;MPIB2;0;0;0;0
29.3;MPIB1;0;0;0;0.00617284
29.35;MPIB4;0;0;0;0
29.35;MPIB3;0.0003858025;0.0007716049;0;0.0001446759
29.35;MPIB2;0;0;0;0
29.35;MPIB1;0;0;0;0.006413966
29.4;MPIB4;0;0;0;0
29.4;MPIB3;0.0003858025;0.0007233796;0;9.645062E-05
29.4;MPIB2;0;0;0;0
29.4;MPIB1;0;0;0;0.007571374
29.45;MPIB4;0;0;0;0
29.45;MPIB3;0.0003858025;0.001109182;0;4.822531E-05
29.45;MPIB2;0;0;0;0
29.45;MPIB1;0;0;0;0.008198302
29.5;MPIB4;0;0;0;0
29.5;MPIB3;0.0003858025;0.001157407;0;0.0001446759
29.5;MPIB2;0;0;0.0003858025;0
29.5;MPIB1;0;0;0;0.008198302
29.55;MPIB4;0;0;0;0
29.55;MPIB3;0.0003858025;0.001109182;0;4.822531E-05
29.55;MPIB2;0;0;0.0003858025;0
29.55;MPIB1;0;0;0;0.008150077
29.6;MPIB4;0;0;0;0
29.6;MPIB3;0.0004340278;0.001157407;0;0
29.6;MPIB2;0;0;0.0003858025;0
29.6;MPIB1;0;0;0;0.007667824
29.65;MPIB4;0;0;0;0
29.65;MPIB3;0.0004340278;0.001109182;0;0
29.65;MPIB2;0;0;0.0004340278;0
29.65;MPIB1;0;0;0;0.007908951
29.7;MPIB4;0;0;0;0
29.7;MPIB3;0.0004340278;0.001205633;0;0
29.7;MPIB2;0;0;0.0004340278;0
29.7;MPIB1;0;0;0;0.008294753
29.75;MPIB4;0;0;0;0
29.75;MPIB3;0.0004340278;0.001253858;0;0
29.75;MPIB2;0;0;0.0003858025;0
29.75;MPIB1;0;0;0;0.008584104
29.8;MPIB4;0;0;0;0
29.8;MPIB3;0.0004340278;0.001253858;0;0
29.8;MPIB2;0;0;0.0003858025;0
29.8;MPIB1;0;0;0;0.008584104
29.85;MPIB4;0;0;0;0
29.85;MPIB3;0.0004340278;0.001302083;0;0
29.85;MPIB2;0;0;0.0005787037;0
29.85;MPIB1;0;0;0;0.008584104
29.9;MPIB4;0;0;0;0
29.9;MPIB3;0.0004340278;0.001302083;0;0
29.9;MPIB2;0;0;0.000626929;0
29.9;MPIB1;0;0;0;0.008584104
29.95;MPIB4;0;0;0;0
29.95;MPIB3;0.0004340278;0.001350309;0;9.645062E-05
29.95;MPIB2;0;0;0.0005787037;0
29.95;MPIB1;0;0;0;0.008584104
30;MPIB4;0;0;0;0
30;MPIB3;0.0004340278;0.001253858;0;9.645062E-05
30;MPIB2;0;0;0.0003858025;0
30;MPIB1;0;0;0;0.008487654
30.05;MPIB4;0;0;0;0
30.05;MPIB3;0.0003858025;0.001157407;0;0.0001929012
30.05;MPIB2;0;0;0.0007233796;0
30.05;MPIB1;0;0;0;0.008487654
30.1;MPIB4;0;0;0;0
30.1;MPIB3;0.0004340278;0.001253858;0;0.0002411265
30.1;MPIB2;0;0;0.0007716049;0
30.1;MPIB1;0;0;0;0.008487654
30.15;MPIB4;0;0;0;0
30.15;MPIB3;0.0004340278;0.001253858;0;0.0002893519
30.15;MPIB2;0;0;0.000626929;0
30.15;MPIB1;0;0;0;0.008487654
30.2;MPIB4;0;0;0;0
30.2;MPIB3;0.0003858025;0.001253858;0;0.0002411265
30.2;MPIB2;0;0;0.0007716049;0
30.2;MPIB1;0;0;0;0.008487654
30.25;MPIB4;0;0;0;0
30.25;MPIB3;0.0003858025;0.001302083;0;0.0002411265
30.25;MPIB2;0;0;0.0008198302;0
30.25;MPIB1;0;0;0;0.008487654
30.3;MPIB4;0;0;0;0
30.3;MPIB3;0.0003858025;0.001302083;0;0.0002411265
30.3;MPIB2;0;0;0.0008198302;0
30.3;MPIB1;0;0;0;0.008487654
30.35;MPIB4;0;0;0;0
30.35;MPIB3;0.0003858025;0.001302083;0;0.0002411265
30.35;MPIB2;0;0;0.0007233796;0
30.35;MPIB1;0;0;0;0.008439429
30.4;MPIB4;0;0;0;0
30.4;MPIB3;0.0002411265;0.0009162808;0;0.0002893519
30.4;MPIB2;0;0;0.0007233796;0
30.4;MPIB1;0;0;0;0.008439429
30.45;MPIB4;0;0;0;0
30.45;MPIB3;0.0002893519;0.0008680556;0;0.0002411265
30.45;MPIB2;0;0;0.0007233796;0
30.45;MPIB1;0;0;0;0.008439429
30.5;MPIB4;0;0;0;0
30.5;MPIB3;0.0002411265;0.0008680556;0;0.0002411265
30.5;MPIB2;0;0;0.0006751543;0
30.5;MPIB1;0;0;0;0.008439429
30.55;MPIB4;0;0;0;0
30.55;MPIB3;0.0002893519;0.0009162808;0;0.0001929012
30.55;MPIB2;0;0;0.0008680556;0
30.55;MPIB1;0;0;0;0.008439429
30.6;MPIB4;0;0;0;0
30.6;MPIB3;0.0002893519;0.0008680556;0;0.0001929012
30.6;MPIB2;0;0;0.0009645062;0
30.6;MPIB1;0;0;0;0.008439429
30.65;MPIB4;0;0;0;0
30.65;MPIB3;0.0002893519;0.0009162808;0;0.0001929012
30.65;MPIB2;0;0;0.0009162808;0
30.65;MPIB1;0;0;0;0.008439429
30.7;MPIB4;0;0;0;0
30.7;MPIB3;0.0002411265;0.001012731;0;0.0002411265
30.7;MPIB2;0;0;0.001012731;0
30.7;MPIB1;0;0;0;0.007716049
30.75;MPIB4;0;0;0;0
30.75;MPIB3;0.0002893519;0.0009645062;0;0.0002411265
30.75;MPIB2;0;0;0.001060957;0
30.75;MPIB1;0;0;0;0.007764275
30.8;MPIB4;0;0;0;0
30.8;MPIB3;0.0002411265;0.001012731;0;0.0002893519
30.8;MPIB2;0;0;0.0008680556;0
30.8;MPIB1;0;0;0;0.007716049
30.85;MPIB4;0;0;0;0
30.85;MPIB3;0.0002893519;0.001060957;0;0.0002893519
30.85;MPIB2;0;0;0.0008680556;0
30.85;MPIB1;0;0;0;0.007619599
30.9;MPIB4;0;0;0;0
30.9;MPIB3;0.0002893519;0.0008198302;0;0.0001446759
30.9;MPIB2;0;0;0.001109182;0
30.9;MPIB1;0;0;0;0.007619599
30.95;MPIB4;0;0;0;0
30.95;MPIB3;0.0003858025;0.001060957;0;0.0003858025
30.95;MPIB2;0;0;0.001012731;0
30.95;MPIB1;0;0;0;0.007571374
31;MPIB4;0;0;0;0
31;MPIB3;0.0003375772;0.001060957;0;0.0003858025
31;MPIB2;0;0;0.0009645062;0
31;MPIB1;0;0;0;0.007571374
31.05;MPIB4;0;0;0;0
31.05;MPIB3;0.0002893519;0.0008680556;0;9.645062E-05
31.05;MPIB2;0;0;0.0008680556;0
31.05;MPIB1;0;0;0;0.007137346
31.1;MPIB4;0;0;0;0
31.1;MPIB3;0.0003858025;0.001012731;0;0.0001929012
31.1;MPIB2;0;0;0.0008680556;0
31.1;MPIB1;0;0;0;0.007040895
31.15;MPIB4;0;0;0;0
31.15;MPIB3;0.0003375772;0.001012731;0;0.0001446759
31.15;MPIB2;0;0;0.0007716049;0
31.15;MPIB1;0;0;0;0.007040895
31.2;MPIB4;0;0;0;0
31.2;MPIB3;0.0003858025;0.001012731;0;9.645062E-05
31.2;MPIB2;0;0;0.0008680556;0
31.2;MPIB1;0;0;0;0.006847994
31.25;MPIB4;0;0;0;0
31.25;MPIB3;0.0003375772;0.001012731;0;9.645062E-05
31.25;MPIB2;0;0;0.0008198302;0
31.25;MPIB1;0;0;0;0.006703318
31.3;MPIB4;0;0;0;0
31.3;MPIB3;0.0004340278;0.001060957;0;9.645062E-05
31.3;MPIB2;0;0;0.0008198302;0
31.3;MPIB1;0;0;0;0.006510417
31.35;MPIB4;0;0;0;0
31.35;MPIB3;0.000626929;0.001060957;0;9.645062E-05
31.35;MPIB2;0;0;0.0008198302;0
31.35;MPIB1;0;0;0;0.004581404
31.4;MPIB4;0;0;0;0
31.4;MPIB3;0.0005304784;0.001060957;0;9.645062E-05
31.4;MPIB2;0;0;0.0008198302;0
31.4;MPIB1;0;0;0;0.004340278
31.45;MPIB4;0;0;0;0
31.45;MPIB3;0.0005787037;0.001109182;0;9.645062E-05
31.45;MPIB2;0;0;0.0008198302;0
31.45;MPIB1;0;0;0;0.003954475
31.5;MPIB4;0;0;0;0
31.5;MPIB3;0.0004822531;0.001157407;0;9.645062E-05
31.5;MPIB2;0;0;0.0008198302;0
31.5;MPIB1;0;0;0;0.003809799
31.55;MPIB4;0;0;0;0
31.55;MPIB3;0.0004822531;0.001060957;0;9.645062E-05
31.55;MPIB2;0;0;0.0008198302;0
31.55;MPIB1;0;0;0;0.003858025
31.6;MPIB4;0;0;0;0
31.6;MPIB3;0.0005787037;0.001060957;0;0
31.6;MPIB2;0;0;0.0007716049;0
31.6;MPIB1;0;0;0;0.003423997
31.65;MPIB4;0;0;0;0
31.65;MPIB3;0.0005304784;0.001060957;0;4.822531E-05
31.65;MPIB2;0;0;0.0007716049;0
31.65;MPIB1;0;0;0;0.003231096
31.7;MPIB4;0;0;0;0
31.7;MPIB3;0.0005304784;0.001060957;0;0.0001446759
31.7;MPIB2;0;0;0.0007716049;0
31.7;MPIB1;0;0;0;0.002797068
31.75;MPIB4;0;0;0;0
31.75;MPIB3;0.0003858025;0.001060957;0;0.0001446759
31.75;MPIB2;0;0;0.0008198302;0
31.75;MPIB1;0;0;0;0.002507716
31.8;MPIB4;0;0;0;0
31.8;MPIB3;0.0005304784;0.001060957;0;9.645062E-05
31.8;MPIB2;0;0;0.0008198302;0
31.8;MPIB1;0;0;0;0.002845293
31.85;MPIB4;0;0;0;0
31.85;MPIB3;0.0005304784;0.001060957;0;0.0001929012
31.85;MPIB2;0;0;0.0008198302;0
31.85;MPIB1;0;0;0;0.003231096
31.9;MPIB4;0;0;0;0
31.9;MPIB3;0.0005304784;0.001060957;0;0
31.9;MPIB2;0;0;0.0008680556;0
31.9;MPIB1;0;0;0;0.003520448
31.95;MPIB4;0;0;0;0
31.95;MPIB3;0.0005304784;0.001060957;0;9.645062E-05
31.95;MPIB2;0;0;0.0008680556;0
31.95;MPIB1;0;0;0;0.004195602
32;MPIB4;0;0;0;0
32;MPIB3;0.0005304784;0.001157407;0;4.822531E-05
32;MPIB2;0;0;0.0008680556;0
32;MPIB1;0;0;0;0.004918981
32.05;MPIB4;0;0;0;0
32.05;MPIB3;0.0005304784;0.001157407;0;4.822531E-05
32.05;MPIB2;0;0;0.0008680556;0
32.05;MPIB1;0;0;0;0.005642361
32.1;MPIB4;0;0;0;0
32.1;MPIB3;0.0005304784;0.001253858;0;9.645062E-05
32.1;MPIB2;0;0;0.0008680556;0
32.1;MPIB1;0;0;0;0.006076389
32.15;MPIB4;0;0;0;0
32.15;MPIB3;0.0005304784;0.001157407;0;0.0001929012
32.15;MPIB2;0;0;0.0008680556;0
32.15;MPIB1;0;0;0;0.006558642
32.2;MPIB4;0;0;0;0
32.2;MPIB3;0.0005304784;0.001109182;0;0.0001929012
32.2;MPIB2;0;0;0.001060957;0
32.2;MPIB1;0;0;0;0.006751543
32.25;MPIB4;0;0;0;0
32.25;MPIB3;0.0005304784;0.001350309;0;0.0001929012
32.25;MPIB2;0;0;0.0007716049;0
32.25;MPIB1;0;0;0;0.00708912
32.3;MPIB4;0;0;0;0
32.3;MPIB3;0.0005304784;0.001253858;0;0.0002893519
32.3;MPIB2;0;0;0.001012731;0
32.3;MPIB1;0;0;0;0.007426698
32.35;MPIB4;0;0;0;0
32.35;MPIB3;0.0005304784;0.001205633;0;0.0002893519
32.35;MPIB2;0;0;0.0008680556;0
32.35;MPIB1;0;0;0;0.007426698
32.4;MPIB4;0;0;0;0
32.4;MPIB3;0.0005304784;0.001446759;0;0.0002893519
32.4;MPIB2;0;0;0.001012731;0
32.4;MPIB1;0;0;0;0.007426698
32.45;MPIB4;0;0;0;0
32.45;MPIB3;0.0005304784;0.001302083;0;0.0002893519
32.45;MPIB2;0;0;0.0007233796;0
32.45;MPIB1;0;0;0;0.007426698
32.5;MPIB4;0;0;0;0
32.5;MPIB3;0.0005304784;0.001398534;0;0.0002893519
32.5;MPIB2;0;0;0.001253858;0
32.5;MPIB1;0;0;0;0.007426698
32.55;MPIB4;0;0;0;0
32.55;MPIB3;0.0005304784;0.00154321;0;0.0002893519
32.55;MPIB2;0;0;0.001060957;0
32.55;MPIB1;0;0;0;0.007378472
32.6;MPIB4;0;0;0;0
32.6;MPIB3;0.0005304784;0.001253858;0;0.0002893519
32.6;MPIB2;0;0;0.001060957;0
32.6;MPIB1;0;0;0;0.007378472
32.65;MPIB4;0;0;0;0
32.65;MPIB3;0.0005304784;0.001446759;0;0.0002893519
32.65;MPIB2;0;0;0.0009645062;0
32.65;MPIB1;0;0;0;0.007378472
32.7;MPIB4;0;0;0;0
32.7;MPIB3;0.0005304784;0.001398534;0;0.0002893519
32.7;MPIB2;0;0;0.001109182;0
32.7;MPIB1;0;0;0;0.007378472
32.75;MPIB4;0;0;0;0
32.75;MPIB3;0.0005304784;0.00154321;0;0.0002893519
32.75;MPIB2;0;0;0.001060957;0
32.75;MPIB1;0;0;0;0.007378472
32.8;MPIB4;0;0;0;0
32.8;MPIB3;0.0005304784;0.00163966;0;0.0002893519
32.8;MPIB2;0;0;0.001157407;0
32.8;MPIB1;0;0;0;0.007378472
32.85;MPIB4;0;0;0;0
32.85;MPIB3;0.0005304784;0.001446759;0;0.0002893519
32.85;MPIB2;0;0;0.001109182;0
32.85;MPIB1;0;0;0;0.007378472
32.9;MPIB4;0;0;0;0
32.9;MPIB3;0.0005304784;0.001591435;0;0.0002893519
32.9;MPIB2;0;0;0.001205633;0
32.9;MPIB1;0;0;0;0.007330247
32.95;MPIB4;0;0;0;0
32.95;MPIB3;0.0005304784;0.001591435;0;0.0002893519
32.95;MPIB2;0;0;0.001446759;0
32.95;MPIB1;0;0;0;0.007330247
33;MPIB4;0;0;0;0
33;MPIB3;0.0005304784;0.001591435;0;0.0002893519
33;MPIB2;0;0;0.001157407;0
33;MPIB1;0;0;0;0.007330247
33.05;MPIB4;0;0;0;0
33.05;MPIB3;0.0005304784;0.001591435;0;0.0002893519
33.05;MPIB2;0;0;0.001591435;0
33.05;MPIB1;0;0;0;0.007330247
33.1;MPIB4;0;0;0;0
33.1;MPIB3;0.0005304784;0.001591435;0;0.0002893519
33.1;MPIB2;0;0;0.001398534;0
33.1;MPIB1;0;0;0;0.007330247
33.15;MPIB4;0;0;0;0
33.15;MPIB3;0.0005304784;0.001591435;0;0.0002893519
33.15;MPIB2;0;0;0.00163966;0
33.15;MPIB1;0;0;0;0.007330247
33.2;MPIB4;0;0;0;0
33.2;MPIB3;0.0005304784;0.001591435;0;0.0002893519
33.2;MPIB2;0;0;0.00154321;0
33.2;MPIB1;0;0;0;0.007330247
33.25;MPIB4;0;0;0;0
33.25;MPIB3;0.0005304784;0.001591435;0;0.0002893519
33.25;MPIB2;0;0;0.001446759;0
33.25;MPIB1;0;0;0;0.007282021
33.3;MPIB4;0;0;0;0
33.3;MPIB3;0.0005304784;0.001591435;0;0.0002893519
33.3;MPIB2;0;0;0.001302083;0
33.3;MPIB1;0;0;0;0.007282021
33.35;MPIB4;0;0;0;0
33.35;MPIB3;0.0005304784;0.001591435;0;0.0002893519
33.35;MPIB2;0;0;0.001929012;0
33.35;MPIB1;0;0;0;0.007282021
33.4;MPIB4;0;0;0;0
33.4;MPIB3;0.0003858025;0.001591435;0;9.645062E-05
33.4;MPIB2;0;0;0.00163966;0
33.4;MPIB1;0;0;0;0.007282021
33.45;MPIB4;0;0;0;0
33.45;MPIB3;0.0003858025;0.001591435;0;0.0001929012
33.45;MPIB2;0;0;0.001591435;0
33.45;MPIB1;0;0;0;0.007282021
33.5;MPIB4;0;0;0;0
33.5;MPIB3;9.645062E-05;0.001591435;0;4.822531E-05
33.5;MPIB2;0;0;0.00163966;0
33.5;MPIB1;0;0;0;0.007233796
33.55;MPIB4;0;0;0;0
33.55;MPIB3;0.0002411265;0.001591435;0;0
33.55;MPIB2;0;0;0.001494985;0
33.55;MPIB1;0;0;0;0.007185571
33.6;MPIB4;0;0;0;0
33.6;MPIB3;0.0003375772;0.001446759;0;9.645062E-05
33.6;MPIB2;0;0;0.001687886;0
33.6;MPIB1;0;0;0;0.007137346
33.65;MPIB4;0;0;0;0
33.65;MPIB3;0.0001929012;0.001350309;0;9.645062E-05
33.65;MPIB2;0;0;0.00163966;0
33.65;MPIB1;0;0;0;0.007137346
33.7;MPIB4;0;0;0;0
33.7;MPIB3;4.822531E-05;0.001205633;0;0.0003375772
33.7;MPIB2;0;0;0.00163966;0
33.7;MPIB1;0;0;0;0.007137346
33.75;MPIB4;0;0;0;0
33.75;MPIB3;0.0003375772;0.0009645062;0;0.000626929
33.75;MPIB2;0;0;0.001832562;0
33.75;MPIB1;0;0;0;0.007137346
33.8;MPIB4;0;0;0;0
33.8;MPIB3;0;0;0;0
33.8;MPIB2;0;0;0.001494985;0
33.8;MPIB1;0;0;0;0.00708912
33.85;MPIB4;0;0;0;0
33.85;MPIB3;0;0;0;0
33.85;MPIB2;0;0;0.001350309;0
33.85;MPIB1;0;0;0;0.007282021
33.9;MPIB4;0;0;0;0
33.9;MPIB3;0;0;0;0
33.9;MPIB2;0;0;0.001109182;0
33.9;MPIB1;0;0;0;0.007137346
33.95;MPIB4;0;0;0;0
33.95;MPIB3;0;0;0;0
33.95;MPIB2;0;0;0.001109182;0
33.95;MPIB1;0;0;0;0.007137346
34;MPIB4;0;0;0;0
34;MPIB3;0;0;0;0
34;MPIB2;0;0;0.001012731;0
34;MPIB1;0;0;0;0.006944444
34.05;MPIB4;0;0;0;0
34.05;MPIB3;0;0;0;0
34.05;MPIB2;0;0;0.001060957;0
34.05;MPIB1;0;0;0;0.00699267
34.1;MPIB4;0;0;0;0
34.1;MPIB3;0;0;0;0
34.1;MPIB2;0;0;0.001109182;0
34.1;MPIB1;0;0;0;0.006896219
34.15;MPIB4;0;0;0;0
34.15;MPIB3;0;0;0;0
34.15;MPIB2;0;0;0.0008680556;0
34.15;MPIB1;0;0;0;0.006896219
34.2;MPIB4;0;0;0;0
34.2;MPIB3;0;0;0;0
34.2;MPIB2;0;0;0.001012731;0
34.2;MPIB1;0;0;0;0.006847994
34.25;MPIB4;0;0;0;0
34.25;MPIB3;0;0;0;0
34.25;MPIB2;0;0;0.001109182;0
34.25;MPIB1;0;0;0;0.006847994
34.3;MPIB4;0;0;0;0
34.3;MPIB3;0;0;0;0
34.3;MPIB2;0;0;0.001253858;0
34.3;MPIB1;0;0;0;0.006558642
34.35;MPIB4;0;0;0;0
34.35;MPIB3;0;0;0;0
34.35;MPIB2;0;0;0.001302083;0
34.35;MPIB1;0;0;0;0.006558642
34.4;MPIB4;0;0;0;0
34.4;MPIB3;0;0;0;0
34.4;MPIB2;0;0;0.001350309;0
34.4;MPIB1;0;0;0;0.005787037
34.45;MPIB4;0;0;0;0
34.45;MPIB3;0;0.001784336;0;0
34.45;MPIB2;0;0;0.00154321;0
34.45;MPIB1;0;0;0;0.00544946
34.5;MPIB4;0;0;0;0
34.5;MPIB3;0;0.001687886;0;0
34.5;MPIB2;0;0;0.001832562;0
34.5;MPIB1;0;0;0;0.005787037
34.55;MPIB4;0;0;0;0
34.55;MPIB3;0;0.001687886;0;0
34.55;MPIB2;0;0;0.001832562;0
34.55;MPIB1;0;0;0;0.005787037
34.6;MPIB4;0;0;0;0
34.6;MPIB3;0;0.001494985;0;0
34.6;MPIB2;0;0;0.002218364;0
34.6;MPIB1;0;0;0;0.006365741
34.65;MPIB4;0;0;0;0
34.65;MPIB3;0;0.001446759;0;0
34.65;MPIB2;0;0;0.002121913;0
34.65;MPIB1;0;0;0;0.006751543
34.7;MPIB4;0;0;0;0
34.7;MPIB3;0;0.001446759;0;0
34.7;MPIB2;0;0;0.00226659;0
34.7;MPIB1;0;0;0;0.007137346
34.75;MPIB4;0;0;0;0
34.75;MPIB3;0;0.00154321;0;0
34.75;MPIB2;0;0;0.002507716;0
34.75;MPIB1;0;0;0;0.008873457
34.8;MPIB4;0;0;0;0
34.8;MPIB3;0;0.00163966;0;0
34.8;MPIB2;0;0;0.00236304;0
34.8;MPIB1;0;0;0;0.01205633
34.85;MPIB4;0;0;0;0
34.85;MPIB3;0;0.001880787;0;0
34.85;MPIB2;0;0;0.002652392;0
34.85;MPIB1;0;0;0;0.01282793
34.9;MPIB4;0;0;0;0
34.9;MPIB3;0;0.001977238;0;0
34.9;MPIB2;0;0;0.002604167;0
34.9;MPIB1;0;0;0;0.01355131
34.95;MPIB4;0;0;0;0
34.95;MPIB3;0;0.001880787;0;0
34.95;MPIB2;0;0;0.0008680556;0
34.95;MPIB1;0;0;0;0.01422647
35;MPIB4;0;0;0;0
35;MPIB3;0;0.00226659;0;0
35;MPIB2;0;0;0;0
35;MPIB1;0;0;0;0.01437114
35.05;MPIB4;0;0;0;0
35.05;MPIB3;0;0.002218364;0;0
35.05;MPIB2;0;0;0;0
35.05;MPIB1;0;0;0;0.01466049
35.1;MPIB4;0;0;0;0
35.1;MPIB3;0;0.001832562;0;0
35.1;MPIB2;0;0;0;0
35.1;MPIB1;0;0;0;0.01466049
35.15;MPIB4;0;0;0;0
35.15;MPIB3;0;0.00163966;0;0
35.15;MPIB2;0;0;0;0
35.15;MPIB1;0;0;0;0.01466049
35.2;MPIB4;0;0;0;0
35.2;MPIB3;0;0.00163966;0;0
35.2;MPIB2;0;0;0;0
35.2;MPIB1;0;0;0;0.01475694
35.25;MPIB4;0;0;0;0
35.25;MPIB3;0;0.00154321;0;0
35.25;MPIB2;0;0;0;0
35.25;MPIB1;0;0;0;0.01475694
35.3;MPIB4;0;0;0;0
35.3;MPIB3;0;0.001591435;0;0
35.3;MPIB2;0;0;0;0
35.3;MPIB1;0;0;0;0.01475694
35.35;MPIB4;0;0;0;0
35.35;MPIB3;0;0.001591435;0;0
35.35;MPIB2;0;0;0;0
35.35;MPIB1;0;0;0;0.01461227
35.4;MPIB4;0;0;0;0
35.4;MPIB3;0;0.001591435;0;0
35.4;MPIB2;0;0;0;0
35.4;MPIB1;0;0;0;0.01461227
35.45;MPIB4;0;0;0;0
35.45;MPIB3;0;0.001591435;0;0
35.45;MPIB2;0;0;0;0
35.45;MPIB1;0;0;0;0.01461227
35.5;MPIB4;0;0;0;0
35.5;MPIB3;0;0.00163966;0;0
35.5;MPIB2;0;0;0;0
35.5;MPIB1;0;0;0;0.01461227
35.55;MPIB4;0;0;0;0
35.55;MPIB3;0;0.001687886;0;0
35.55;MPIB2;0;0;0;0
35.55;MPIB1;0;0;0;0.01461227
35.6;MPIB4;0;0;0;0
35.6;MPIB3;0;0.001736111;0;0
35.6;MPIB2;0;0;0;0
35.6;MPIB1;0;0;0;0.01461227
35.65;MPIB4;0;0;0;0
35.65;MPIB3;0;0.001736111;0;0
35.65;MPIB2;0;0;0;0
35.65;MPIB1;0;0;0;0.01461227
35.7;MPIB4;0;0;0;0
35.7;MPIB3;0;0.001736111;0;0
35.7;MPIB2;0;0;0;0
35.7;MPIB1;0;0;0;0.01461227
35.75;MPIB4;0;0;0;0
35.75;MPIB3;0;0.001736111;0;0
35.75;MPIB2;0;0;0;0
35.75;MPIB1;0;0;0;0.01461227
35.8;MPIB4;0;0;0;0
35.8;MPIB3;0;0.001736111;0;0
35.8;MPIB2;0;0;0;0
35.8;MPIB1;0;0;0;0.01461227
35.85;MPIB4;0;0;0;0
35.85;MPIB3;0;0.001736111;0;0
35.85;MPIB2;0;0;0;0
35.85;MPIB1;0;0;0;0.01461227
35.9;MPIB4;0;0;0;0
35.9;MPIB3;0;0.001736111;0;0
35.9;MPIB2;0;0;0;0
35.9;MPIB1;0;0;0;0.01461227
35.95;MPIB4;0;0;0;0
35.95;MPIB3;0;0.001736111;0;0
35.95;MPIB2;0;0;0;0
35.95;MPIB1;0;0;0;0.01480517
36;MPIB4;0;0;0;0
36;MPIB3;0;0.001736111;0;0
36;MPIB2;0;0;0;0
36;MPIB1;0;0;0;0.01494985
36.05;MPIB4;0;0;0;0
36.05;MPIB3;0;0.001736111;0;0
36.05;MPIB2;0;0;0;0
36.05;MPIB1;0;0;0;0.01470872
36.1;MPIB4;0;0;0;0
36.1;MPIB3;0;0.001736111;0;0
36.1;MPIB2;0;0;0;0
36.1;MPIB1;0;0;0;0.01470872
36.15;MPIB4;0;0;0;0
36.15;MPIB3;0;0.001736111;0;0
36.15;MPIB2;0;0;0;0
36.15;MPIB1;0;0;0;0.01470872
36.2;MPIB4;0;0;0;0
36.2;MPIB3;0;0.001302083;0;0
36.2;MPIB2;0;0;0;0
36.2;MPIB1;0;0;0;0.01470872
36.25;MPIB4;0;0;0;0
36.25;MPIB3;0;0.0004822531;0;0
36.25;MPIB2;0;0;0;0
36.25;MPIB1;0;0;0;0.01470872
36.3;MPIB4;0;0;0;0
36.3;MPIB3;0;0.000626929;0;0
36.3;MPIB2;0;0;0;0
36.3;MPIB1;0;0;0;0.01470872
36.35;MPIB4;0;0;0;0
36.35;MPIB3;0;0.0007233796;0;0
36.35;MPIB2;0;0;0;0
36.35;MPIB1;0;0;0;0.01470872
36.4;MPIB4;0;0;0;0
36.4;MPIB3;0;0.001784336;0;0
36.4;MPIB2;0;0;0;0
36.4;MPIB1;0;0;0;0.01470872
36.45;MPIB4;0;0;0;0
36.45;MPIB3;0;0.00163966;0;0
36.45;MPIB2;0;0;0;0
36.45;MPIB1;0;0;0;0.01470872
36.5;MPIB4;0;0;0;0
36.5;MPIB3;0;0;0;0
36.5;MPIB2;0;0;0;0
36.5;MPIB1;0;0;0;0.01470872
36.55;MPIB4;0;0;0;0
36.55;MPIB3;0;0;0;0
36.55;MPIB2;0;0;0;0
36.55;MPIB1;0;0;0;0.01470872
36.6;MPIB4;0;0;0;0
36.6;MPIB3;0;0;0;0
36.6;MPIB2;0;0;0;0
36.6;MPIB1;0;0;0;0.01461227
36.65;MPIB4;0;0;0;0
36.65;MPIB3;0;0;0;0
36.65;MPIB2;0;0;0;0
36.65;MPIB1;0;0;0;0.01461227
36.7;MPIB4;0;0;0;0
36.7;MPIB3;0;0;0;0
36.7;MPIB2;0;0;0;0
36.7;MPIB1;0;0;0;0.01461227
36.75;MPIB4;0;0;0;0
36.75;MPIB3;0;0;0;0
36.75;MPIB2;0;0;0;0
36.75;MPIB1;0;0;0;0.01475694
36.8;MPIB4;0;0;0;0
36.8;MPIB3;0;0;0;0
36.8;MPIB2;0;0;0;0
36.8;MPIB1;0;0;0;0.01475694
36.85;MPIB4;0;0;0;0
36.85;MPIB3;0;0;0;0
36.85;MPIB2;0;0;0;0
36.85;MPIB1;0;0;0;0.01475694
36.9;MPIB4;0;0;0;0
36.9;MPIB3;0;0;0;0
36.9;MPIB2;0;0;0;0
36.9;MPIB1;0;0;0;0.0150463
36.95;MPIB4;0;0;0;0
36.95;MPIB3;0;0;0;0
36.95;MPIB2;0;0;0;0
36.95;MPIB1;0;0;0;0.0150463
37;MPIB4;0;0;0;0
37;MPIB3;0;0;0;0
37;MPIB2;0;0;0;0
37;MPIB1;0;0;0;0.0150463
37.05;MPIB4;0;0;0;0
37.05;MPIB3;0;0;0;0
37.05;MPIB2;0;0;0;0
37.05;MPIB1;0;0;0;0.0150463
37.1;MPIB4;0;0;0;0
37.1;MPIB3;0;0;0;0
37.1;MPIB2;0;0;0;0
37.1;MPIB1;0;0;0;0.01499807
37.15;MPIB4;0;0;0;0
37.15;MPIB3;0;0;0;0
37.15;MPIB2;0;0;0;0
37.15;MPIB1;0;0;0;0.01499807
37.2;MPIB4;0;0;0;0
37.2;MPIB3;0;0;0;0
37.2;MPIB2;0;0;0;0
37.2;MPIB1;0;0;0;0.0150463
37.25;MPIB4;0;0;0;0
37.25;MPIB3;0;0;0;0
37.25;MPIB2;0;0;0;0
37.25;MPIB1;0;0;0;0.01519097
37.3;MPIB4;0;0;0;0
37.3;MPIB3;0;0;0;0
37.3;MPIB2;0;0;0;0
37.3;MPIB1;0;0;0;0.01533565
37.35;MPIB4;0;0;0;0
37.35;MPIB3;0;0;0;0
37.35;MPIB2;0;0;0;0
37.35;MPIB1;0;0;0;0.01557677
37.4;MPIB4;0;0;0;0
37.4;MPIB3;0;0;0;0
37.4;MPIB2;0;0;0;0
37.4;MPIB1;0;0;0;0.01649306
37.45;MPIB4;0;0;0;0
37.45;MPIB3;0;0;0;0
37.45;MPIB2;0;0;0;0
37.45;MPIB1;0;0;0;0.0163966
37.5;MPIB4;0;0;0;0
37.5;MPIB3;0;0;0;0
37.5;MPIB2;0;0;0;0
37.5;MPIB1;0;0;0;0.006606867
37.55;MPIB4;0;0;0;0
37.55;MPIB3;0;0;0;0
37.55;MPIB2;0;0;0;0
37.55;MPIB1;0;0;0;0
37.6;MPIB4;0;0;0;0
37.6;MPIB3;0;0;0;0
37.6;MPIB2;0;0;0;0
37.6;MPIB1;0;0;0;0
37.65;MPIB4;0;0;0;0
37.65;MPIB3;0;0;0;0
37.65;MPIB2;0;0;0;0
37.65;MPIB1;0;0;0;0
37.7;MPIB4;0;0;0;0
37.7;MPIB3;0;0;0;0
37.7;MPIB2;0;0;0;0
37.7;MPIB1;0;0;0;0
37.75;MPIB4;0;0;0;0
37.75;MPIB3;0;0;0;0
37.75;MPIB2;0;0;0;0
37.75;MPIB1;0;0;0;0
37.8;MPIB4;0;0;0;0
37.8;MPIB3;0;0;0;0
37.8;MPIB2;0;0;0;0
37.8;MPIB1;0;0;0;0
37.85;MPIB4;0;0;0;0
37.85;MPIB3;0;0;0;0
37.85;MPIB2;0;0;0;0
37.85;MPIB1;0;0;0;0
37.9;MPIB4;0;0;0;0
37.9;MPIB3;0;0;0;0
37.9;MPIB2;0;0;0;0
37.9;MPIB1;0;0;0;0
37.95;MPIB4;0;0;0;0
37.95;MPIB3;0;0;0;0
37.95;MPIB2;0;0;0;0
37.95;MPIB1;0;0;0;0
38;MPIB4;0;0;0;0
38;MPIB3;0;0;0;0
38;MPIB2;0;0;0;0
38;MPIB1;0;0;0;0
38.05;MPIB4;0;0;0;0
38.05;MPIB3;0;0;0;0
38.05;MPIB2;0;0;0;0
38.05;MPIB1;0;0;0;0
38.1;MPIB4;0;0;0;0
38.1;MPIB3;0;0;0;0
38.1;MPIB2;0;0;0;0
38.1;MPIB1;0;0;0;0
38.15;MPIB4;0;0;0;0
38.15;MPIB3;0;0;0;0
38.15;MPIB2;0;0;0;0
38.15;MPIB1;0;0;0;0
38.2;MPIB4;0;0;0;0
38.2;MPIB3;0;0;0;0
38.2;MPIB2;0;0;0;0
38.2;MPIB1;0;0;0;0
38.25;MPIB4;0;0;0;0
38.25;MPIB3;0;0;0;0
38.25;MPIB2;0;0;0;0
38.25;MPIB1;0;0;0;0
38.3;MPIB4;0;0;0;0
38.3;MPIB3;0;0;0;0
38.3;MPIB2;0;0;0;0
38.3;MPIB1;0;0;0;0
38.35;MPIB4;0;0;0;0
38.35;MPIB3;0;0;0;0
38.35;MPIB2;0;0;0;0
38.35;MPIB1;0;0;0;0
38.4;MPIB4;0;0;0;0
38.4;MPIB3;0;0;0;0
38.4;MPIB2;0;0;0;0
38.4;MPIB1;0;0;0;0
38.45;MPIB4;0;0;0;0
38.45;MPIB3;0;0;0;0
38.45;MPIB2;0;0;0;0
38.45;MPIB1;0;0;0;0
38.5;MPIB4;0;0;0;0
38.5;MPIB3;0;0;0;0
38.5;MPIB2;0;0;0;0
38.5;MPIB1;0;0;0;0
38.55;MPIB4;0;0;0;0
38.55;MPIB3;0;0;0;0
38.55;MPIB2;0;0;0;0
38.55;MPIB1;0;0;0;0
38.6;MPIB4;0;0;0;0
38.6;MPIB3;0;0;0;0
38.6;MPIB2;0;0;0;0
38.6;MPIB1;0;0;0;0
38.65;MPIB4;0;0;0;0
38.65;MPIB3;0;0;0;0
38.65;MPIB2;0;0;0;0
38.65;MPIB1;0;0;0;0
38.7;MPIB4;0;0;0;0
38.7;MPIB3;0;0;0;0
38.7;MPIB2;0;0;0;0
38.7;MPIB1;0;0;0;0.0005787037
38.75;MPIB4;0;0;0;0
38.75;MPIB3;0;0;0;0
38.75;MPIB2;0;0;0;0
38.75;MPIB1;0;0;0;0.003279321
38.8;MPIB4;0;0;0;0
38.8;MPIB3;0;0;0;0
38.8;MPIB2;0;0;0;0
38.8;MPIB1;0;0;0;0.006558642
38.85;MPIB4;0;0;0;0
38.85;MPIB3;0;0;0;0
38.85;MPIB2;0;0;0;0
38.85;MPIB1;0;0;0;0.01195988
38.9;MPIB4;0;0;0;0
38.9;MPIB3;0;0;0;0
38.9;MPIB2;0;0;0;0
38.9;MPIB1;0;0;0;0.01634838
38.95;MPIB4;0;0;0;0
38.95;MPIB3;0;0;0;0
38.95;MPIB2;0;0;0;0
38.95;MPIB1;0;0;0;0.01957948
39;MPIB4;0;0;0;0
39;MPIB3;0;0;0;0
39;MPIB2;0;0;0;0
39;MPIB1;0;0;0;0.02035108
39.05;MPIB4;0;0;0;0
39.05;MPIB3;0;0;0;0
39.05;MPIB2;0;0;0;0
39.05;MPIB1;0;0;0;0.01967593
39.1;MPIB4;0;0;0;0
39.1;MPIB3;0;0;0;0
39.1;MPIB2;0;0;0;0
39.1;MPIB1;0;0;0;0.01784336
39.15;MPIB4;0;0;0;0
39.15;MPIB3;0;0;0;0
39.15;MPIB2;0;0;0;0
39.15;MPIB1;0;0;0;0.01654128
39.2;MPIB4;0;0;0;0
39.2;MPIB3;0;0;0;0
39.2;MPIB2;0;0;0;0
39.2;MPIB1;0;0;0;0.01417824
39.25;MPIB4;0;0;0;0
39.25;MPIB3;0;0;0;0
39.25;MPIB2;0;0;0;0
39.25;MPIB1;0;0;0;0.01234568
39.3;MPIB4;0;0;0;0
39.3;MPIB3;0;0;0;0
39.3;MPIB2;0;0;0;0
39.3;MPIB1;0;0;0;0.01065779
39.35;MPIB4;0;0;0;0
39.35;MPIB3;0;0;0;0
39.35;MPIB2;0;0;0;0
39.35;MPIB1;0;0;0;0.009500386
39.4;MPIB4;0;0;0;0
39.4;MPIB3;0;0;0;0
39.4;MPIB2;0;0;0;0
39.4;MPIB1;0;0;0;0.008439429
39.45;MPIB4;0;0;0;0
39.45;MPIB3;0;0;0;0
39.45;MPIB2;0;0;0;0
39.45;MPIB1;0;0;0;0.007378472
39.5;MPIB4;0;0;0;0
39.5;MPIB3;0;0;0;0
39.5;MPIB2;0;0;0;0
39.5;MPIB1;0;0;0;0.006896219
39.55;MPIB4;0;0;0;0
39.55;MPIB3;0;0;0;0
39.55;MPIB2;0;0;0;0
39.55;MPIB1;0;0;0;0.006317515
39.6;MPIB4;0;0;0;0
39.6;MPIB3;0;0;0;0
39.6;MPIB2;0;0;0;0
39.6;MPIB1;0;0;0;0.006124614
39.65;MPIB4;0;0;0;0
39.65;MPIB3;0;0;0;0
39.65;MPIB2;0;0;0;0
39.65;MPIB1;0;0;0;0.006076389
39.7;MPIB4;0;0;0;0
39.7;MPIB3;0;0;0;0
39.7;MPIB2;0;0;0;0
39.7;MPIB1;0;0;0;0.006221065
39.75;MPIB4;0;0;0;0
39.75;MPIB3;0;0;0;0
39.75;MPIB2;0;0;0;0
39.75;MPIB1;0;0;0;0.006655093
39.8;MPIB4;0;0;0;0
39.8;MPIB3;0;0.0007716049;0;0
39.8;MPIB2;0;0;0;0
39.8;MPIB1;0;0;0;0.006896219
39.85;MPIB4;0;0;0;0
39.85;MPIB3;0.0005787037;0.001880787;0;0.0004340278
39.85;MPIB2;0;0;0;0
39.85;MPIB1;0;0;0;0.007137346
39.9;MPIB4;0;0;0;0
39.9;MPIB3;0.0008198302;0.001832562;0;0.0003375772
39.9;MPIB2;0;0;0;0
39.9;MPIB1;0;0;0;0.006751543
39.95;MPIB4;0;0;0;0
39.95;MPIB3;0.0008198302;0.00226659;0;0.0004822531
39.95;MPIB2;0;0;0;0
39.95;MPIB1;0;0;0;0.006847994
40;MPIB4;0;0;0;0
40;MPIB3;0.000626929;0.002652392;0;0.0004822531
40;MPIB2;0;0;0;0
40;MPIB1;0;0;0;0.006558642
40.05;MPIB4;0;0;0;0
40.05;MPIB3;0.0001446759;0.002652392;0;0.0002411265
40.05;MPIB2;0;0;0;0
40.05;MPIB1;0;0;0;0.004388503
40.1;MPIB4;0;0;0;0
40.1;MPIB3;4.822531E-05;0.002652392;0;0.0002893519
40.1;MPIB2;0;0;0;0
40.1;MPIB1;0;0;0;0.003279321
40.15;MPIB4;0;0;0;0
40.15;MPIB3;9.645062E-05;0.002459491;0;0.0003375772
40.15;MPIB2;0;0;0;0
40.15;MPIB1;0;0;0;0.002700617
40.2;MPIB4;0;0;0;0
40.2;MPIB3;9.645062E-05;0.002797068;0;0.0003858025
40.2;MPIB2;0;0;0;0
40.2;MPIB1;0;0;0;0.00163966
40.25;MPIB4;0;0;0;0
40.25;MPIB3;0.0001446759;0.003279321;0;0.0003375772
40.25;MPIB2;0;0;0;0
40.25;MPIB1;0;0;0;0.001109182
40.3;MPIB4;0;0;0;0
40.3;MPIB3;0.0001446759;0.003472222;0;0.0003375772
40.3;MPIB2;0;0;0;0
40.3;MPIB1;0;0;0;0.001446759
40.35;MPIB4;0;0;0;0
40.35;MPIB3;0.0001929012;0.003568673;0;0.0003858025
40.35;MPIB2;0;0;0;0
40.35;MPIB1;0;0;0;0.001012731
40.4;MPIB4;0;0;0;0
40.4;MPIB3;0.0002411265;0.003665123;0;0.0004340278
40.4;MPIB2;0;0;0;0
40.4;MPIB1;0;0;0;0.001784336
40.45;MPIB4;0;0;0;0
40.45;MPIB3;0.0002411265;0.003423997;0;0.0003858025
40.45;MPIB2;0;0;0;0
40.45;MPIB1;0;0;0;0.00318287
40.5;MPIB4;0;0;0;0
40.5;MPIB3;9.645062E-05;0.003279321;0;0.0004822531
40.5;MPIB2;0;0;0;0
40.5;MPIB1;0;0;0;0.0005787037
40.55;MPIB4;0;0;0;0
40.55;MPIB3;0;0.003327546;0;0.0004340278
40.55;MPIB2;0;0;0;0
40.55;MPIB1;0;0;0;0
40.6;MPIB4;0;0;0;0
40.6;MPIB3;9.645062E-05;0.003423997;0;0.0004822531
40.6;MPIB2;0;0;0;0
40.6;MPIB1;0;0;0;0
40.65;MPIB4;0;0;0;0
40.65;MPIB3;0.0002411265;0.003423997;0;0.0004340278
40.65;MPIB2;0;0;0;0
40.65;MPIB1;0;0;0;0
40.7;MPIB4;0;0;0;0
40.7;MPIB3;0.0004340278;0.003134645;0;0.0003858025
40.7;MPIB2;0;0;0;0
40.7;MPIB1;0;0;0;0
40.75;MPIB4;0;0;0;0
40.75;MPIB3;0.0005787037;0.003375772;0;0.0003375772
40.75;MPIB2;0;0;0;0
40.75;MPIB1;0;0;0;0
40.8;MPIB4;0;0;0;0
40.8;MPIB3;0.0005787037;0.003375772;0;0.0001929012
40.8;MPIB2;0;0;0;0
40.8;MPIB1;0;0;0;0
40.85;MPIB4;0;0;0;0
40.85;MPIB3;0.0004822531;0.00390625;0;0
40.85;MPIB2;0;0;0;0
40.85;MPIB1;0;0;0;0
40.9;MPIB4;0;0;0;0
40.9;MPIB3;0.0005787037;0.004195602;0;0
40.9;MPIB2;0;0;0;0
40.9;MPIB1;0;0;0;0
40.95;MPIB4;0;0;0;0
40.95;MPIB3;0.0006751543;0.004870756;0;0
40.95;MPIB2;0;0;0;0
40.95;MPIB1;0;0;0;0
41;MPIB4;0;0;0;0
41;MPIB3;0.0005787037;0.005304784;0;0.0002893519
41;MPIB2;0;0;0;0
41;MPIB1;0;0;0;0
41.05;MPIB4;0;0;0;0
41.05;MPIB3;0.0007716049;0.005401235;0;0.0006751543
41.05;MPIB2;0;0;0;0
41.05;MPIB1;0;0;0;0
41.1;MPIB4;0;0;0;0
41.1;MPIB3;0.0009162808;0.005063657;0;0.000626929
41.1;MPIB2;0;0;0;0
41.1;MPIB1;0;0;0;0
41.15;MPIB4;0;0;0;0
41.15;MPIB3;0.0009645062;0.004484954;0;0.0007716049
41.15;MPIB2;0;0;0;0
41.15;MPIB1;0;0;0;0
41.2;MPIB4;0;0;0;0
41.2;MPIB3;0.0009162808;0.002073688;0;0.0008680556
41.2;MPIB2;0;0;0;0
41.2;MPIB1;0;0;0;0
41.25;MPIB4;0;0;0;0
41.25;MPIB3;0.001012731;4.822531E-05;0;0.001109182
41.25;MPIB2;0;0;0;0
41.25;MPIB1;0;0;0;0
41.3;MPIB4;0;0;0;0
41.3;MPIB3;0.001060957;0;0;0.001157407
41.3;MPIB2;0;0;0;0
41.3;MPIB1;0;0;0;0
41.35;MPIB4;0;0;0;0
41.35;MPIB3;0.001060957;0;0;0.001012731
41.35;MPIB2;0;0;0;0
41.35;MPIB1;0;0;0;0
41.4;MPIB4;0;0;0;0
41.4;MPIB3;0.001060957;0;0;0.001060957
41.4;MPIB2;0;0;0;0
41.4;MPIB1;0;0;0;0
41.45;MPIB4;0;0;0;0
41.45;MPIB3;0.001060957;0;0;0.0009645062
41.45;MPIB2;0;0;0;0
41.45;MPIB1;0;0;0;0
41.5;MPIB4;0;0;0;0
41.5;MPIB3;0.001060957;0;0;0.001012731
41.5;MPIB2;0;0;0;0
41.5;MPIB1;0;0;0;0
41.55;MPIB4;0;0;0;0
41.55;MPIB3;0.001060957;0;0;0.0008680556
41.55;MPIB2;0;0;0;0
41.55;MPIB1;0;0;0;0
41.6;MPIB4;0;0;0;0
41.6;MPIB3;0.001012731;0;0;0.0007716049
41.6;MPIB2;0;0;0;0
41.6;MPIB1;0;0;0;0
41.65;MPIB4;0;0;0;0
41.65;MPIB3;0.001060957;0;0;0.0007233796
41.65;MPIB2;0;0;0;0
41.65;MPIB1;0;0;0;0
41.7;MPIB4;0;0;0;0
41.7;MPIB3;0.001060957;0;0;0.0006751543
41.7;MPIB2;0;0;0;0
41.7;MPIB1;0;0;0;0
41.75;MPIB4;0;0;0;0
41.75;MPIB3;0.001060957;0;0;0.000626929
41.75;MPIB2;0;0;0;0
41.75;MPIB1;0;0;0;0
41.8;MPIB4;0;0;0;0
41.8;MPIB3;0.001060957;0;0;0.0007233796
41.8;MPIB2;0;0;0;0
41.8;MPIB1;0;0;0;0
41.85;MPIB4;0;0;0;0
41.85;MPIB3;0.001060957;0;0;0.0007233796
41.85;MPIB2;0;0;0;0
41.85;MPIB1;0;0;0;0
41.9;MPIB4;0;0;0;0
41.9;MPIB3;0.001060957;0;0;0.0007716049
41.9;MPIB2;0;0;0;0
41.9;MPIB1;0;0;0;0
41.95;MPIB4;0;0;0;0
41.95;MPIB3;0.001060957;0;0;0.0007716049
41.95;MPIB2;0;0;0;0
41.95;MPIB1;0;0;0;0
42;MPIB4;0;0;0;0
42;MPIB3;0.001060957;0;0;0.0007716049
42;MPIB2;0;0;0;0
42;MPIB1;0;0;0;0
42.05;MPIB4;0;0;0;0
42.05;MPIB3;0.001060957;0;0;0.0007716049
42.05;MPIB2;0;0;0;0
42.05;MPIB1;0;0;0;0
42.1;MPIB4;0;0;0;0
42.1;MPIB3;0.001109182;0;0;0.0006751543
42.1;MPIB2;0;0;0;0
42.1;MPIB1;0;0;0;0
42.15;MPIB4;0;0;0;0
42.15;MPIB3;0.0006751543;0;0;0.000626929
42.15;MPIB2;0;0;0;0
42.15;MPIB1;0;0;0;0
42.2;MPIB4;0;0;0;0
42.2;MPIB3;0.0009162808;0;0;0.000626929
42.2;MPIB2;0;0;0;0
42.2;MPIB1;0;0;0;0
42.25;MPIB4;0;0;0;0
42.25;MPIB3;0.0004340278;0;0;0.0009162808
42.25;MPIB2;0;0;0;0
42.25;MPIB1;0;0;0;0
42.3;MPIB4;0;0;0;0
42.3;MPIB3;0.0009162808;0.001880787;0;0.0008680556
42.3;MPIB2;0;0;0;0
42.3;MPIB1;0;0;0;0
42.35;MPIB4;0;0;0;0
42.35;MPIB3;0.0005304784;0.00154321;0;0.0003375772
42.35;MPIB2;0;0;0;0
42.35;MPIB1;0;0;0;0
42.4;MPIB4;0;0;0;0
42.4;MPIB3;0.0001929012;0.0008680556;0;4.822531E-05
42.4;MPIB2;0;0;0;0
42.4;MPIB1;0;0;0;0
42.45;MPIB4;0;0;0;0
42.45;MPIB3;0;0;0;0
42.45;MPIB2;0;0;0;0
42.45;MPIB1;0;0;0;0
42.5;MPIB4;0;0;0;0
42.5;MPIB3;9.645062E-05;0.000626929;0;0
42.5;MPIB2;0;0;0;0
42.5;MPIB1;0;0;0;0
42.55;MPIB4;0;0;0;0
42.55;MPIB3;9.645062E-05;0.0007233796;0;0
42.55;MPIB2;0;0;0;0
42.55;MPIB1;0;0;0;0
42.6;MPIB4;0;0;0;0
42.6;MPIB3;9.645062E-05;0.0007716049;0;0
42.6;MPIB2;0;0;0;0
42.6;MPIB1;0;0;0;0
42.65;MPIB4;0;0;0;0
42.65;MPIB3;9.645062E-05;0.0007716049;0;0
42.65;MPIB2;0;0;0;0
42.65;MPIB1;0;0;0;0
42.7;MPIB4;0;0;0;0
42.7;MPIB3;9.645062E-05;0.0008198302;0;0
42.7;MPIB2;0;0;0;0
42.7;MPIB1;0;0;0;0
42.75;MPIB4;0;0;0;0
42.75;MPIB3;0;0.0007233796;0;0
42.75;MPIB2;0;0;0;0
42.75;MPIB1;0;0;0;0
42.8;MPIB4;0;0;0;0
42.8;MPIB3;0;0.0001929012;0;0
42.8;MPIB2;0;0;0;0
42.8;MPIB1;0;0;0;0
42.85;MPIB4;0;0;0;0
42.85;MPIB3;0;0;0;0
42.85;MPIB2;0;0;0;0
42.85;MPIB1;0;0;0;0
42.9;MPIB4;0;0;0;0
42.9;MPIB3;0;0;0;0
42.9;MPIB2;0;0;0;0
42.9;MPIB1;0;0;0;0
42.95;MPIB4;0;0;0;0
42.95;MPIB3;0;0;0;0
42.95;MPIB2;0;0;0;0
42.95;MPIB1;0;0;0;0
43;MPIB4;0;0;0;0
43;MPIB3;0;0;0;0
43;MPIB2;0;0;0;0
43;MPIB1;0;0;0;0
43.05;MPIB4;0;0;0;0
43.05;MPIB3;0;0;0;0
43.05;MPIB2;0;0;0;0
43.05;MPIB1;0;0;0;0
43.1;MPIB4;0;0;0;0
43.1;MPIB3;0;0;0;0
43.1;MPIB2;0;0;0;0
43.1;MPIB1;0;0;0;0
43.15;MPIB4;0;0;0;0
43.15;MPIB3;0;9.645062E-05;0;0
43.15;MPIB2;0;0;0;0
43.15;MPIB1;0;0;0;0
43.2;MPIB4;0;0;0;0
43.2;MPIB3;0;0.0005787037;0;0
43.2;MPIB2;0;0;0;0
43.2;MPIB1;0;0;0;0
43.25;MPIB4;0;0;0;0
43.25;MPIB3;4.822531E-05;0.001109182;0;0
43.25;MPIB2;0;0;0;0
43.25;MPIB1;0;0;0;0
43.3;MPIB4;0;0;0;0
43.3;MPIB3;4.822531E-05;0.001977238;0;0
43.3;MPIB2;0;0;0;0
43.3;MPIB1;0;0;0;0
43.35;MPIB4;0;0;0;0
43.35;MPIB3;0.0001446759;0.002555941;0;4.822531E-05
43.35;MPIB2;0;0;0;0
43.35;MPIB1;0;0;0;0
43.4;MPIB4;0;0;0;0
43.4;MPIB3;0.0001446759;0.002797068;0;4.822531E-05
43.4;MPIB2;0;0;0;0
43.4;MPIB1;0;0;0;0
43.45;MPIB4;0;0;0;0
43.45;MPIB3;0.0002411265;0.003038194;0;4.822531E-05
43.45;MPIB2;0;0;0;0
43.45;MPIB1;0;0;0;0
43.5;MPIB4;0;0;0;0
43.5;MPIB3;0.0002411265;0.003327546;0;9.645062E-05
43.5;MPIB2;0;0;0;0
43.5;MPIB1;0;0;0;0
43.55;MPIB4;0;0;0;0
43.55;MPIB3;0.0003375772;0.003472222;0;9.645062E-05
43.55;MPIB2;0;0;0;0
43.55;MPIB1;0;0;0;0
43.6;MPIB4;0;0;0;0
43.6;MPIB3;0.0002893519;0.002893518;0;4.822531E-05
43.6;MPIB2;0;0;0;0
43.6;MPIB1;0;0;0;0
43.65;MPIB4;0;0;0;0
43.65;MPIB3;0.0002411265;0.002652392;0;4.822531E-05
43.65;MPIB2;0;0;0;0
43.65;MPIB1;0;0;0;0
43.7;MPIB4;0;0;0;0
43.7;MPIB3;0.0002893519;0.002170139;0;0
43.7;MPIB2;0;0;0;0
43.7;MPIB1;0;0;0;0
43.75;MPIB4;0;0;0;0
43.75;MPIB3;0.0002411265;0.002073688;0;0
43.75;MPIB2;0;0;0;0
43.75;MPIB1;0;0;0;0
43.8;MPIB4;0;0;0;0
43.8;MPIB3;0.0001446759;0.002025463;0;0
43.8;MPIB2;0;0;0;0
43.8;MPIB1;0;0;0;0
43.85;MPIB4;0;0;0;0
43.85;MPIB3;0.0001446759;0.002073688;0;0
43.85;MPIB2;0;0;0;0
43.85;MPIB1;0;0;0;0
43.9;MPIB4;0;0;0;0
43.9;MPIB3;0.0001929012;0.002121913;0;0
43.9;MPIB2;0;0;0;0
43.9;MPIB1;0;0;0;0
43.95;MPIB4;0;0;0;0
43.95;MPIB3;0.0001446759;0.002170139;0;0
43.95;MPIB2;0;0;0;0
43.95;MPIB1;0;0;0;9.645062E-05
44;MPIB4;0;0;0;0
44;MPIB3;0;0.001736111;0;0
44;MPIB2;0;0;0;0
44;MPIB1;0;0;0;0.00226659
44.05;MPIB4;0;0;0;0
44.05;MPIB3;0;0.001784336;0;0
44.05;MPIB2;0;0;0;0
44.05;MPIB1;0;0;0;0.003134645
44.1;MPIB4;0;0;0;0
44.1;MPIB3;0;0.001398534;0;0
44.1;MPIB2;0;0;0;0
44.1;MPIB1;0;0;0;0.00554591
44.15;MPIB4;0;0;0;0
44.15;MPIB3;0;0.001157407;0;0
44.15;MPIB2;0;0;0;0
44.15;MPIB1;0;0;0;0.00626929
44.2;MPIB4;0;0;0;0
44.2;MPIB3;0;0.001109182;0;0
44.2;MPIB2;0;0;0;0
44.2;MPIB1;0;0;0;0.005256559
44.25;MPIB4;0;0;0;0
44.25;MPIB3;0;0.0009162808;0;0
44.25;MPIB2;0;0;0;0
44.25;MPIB1;0;0;0;0.005256559
44.3;MPIB4;0;0;0;0
44.3;MPIB3;0;0.0009162808;0;0
44.3;MPIB2;0;0;0;0
44.3;MPIB1;0;0;0;0.004967207
44.35;MPIB4;0;0;0;0
44.35;MPIB3;0;0.0007716049;0;0
44.35;MPIB2;0;0;0;0
44.35;MPIB1;0;0;0;0.004870756
44.4;MPIB4;0;0;0;0
44.4;MPIB3;0;0.0007716049;0;0
44.4;MPIB2;0;0;0;0
44.4;MPIB1;0;0;0;0.004870756
44.45;MPIB4;0;0;0;0
44.45;MPIB3;0;0.0007716049;0;0
44.45;MPIB2;0;0;0;0
44.45;MPIB1;0;0;0;0.004870756
44.5;MPIB4;0;0;0;0
44.5;MPIB3;0;0.0007716049;0;0
44.5;MPIB2;0;0;0;0
44.5;MPIB1;0;0;0;0.004870756
44.55;MPIB4;0;0;0;0
44.55;MPIB3;0;0.0007716049;0;0
44.55;MPIB2;0;0;0;0
44.55;MPIB1;0;0;0;0.004870756
44.6;MPIB4;0;0;0;0
44.6;MPIB3;0;0.0007716049;0;0
44.6;MPIB2;0;0;0;0
44.6;MPIB1;0;0;0;0.004870756
44.65;MPIB4;0;0;0;0
44.65;MPIB3;0;0.0007716049;0;0
44.65;MPIB2;0;0;0;0
44.65;MPIB1;0;0;0;0.004870756
44.7;MPIB4;0;0;0;0
44.7;MPIB3;0;0.0007716049;0;0
44.7;MPIB2;0;0;0;0
44.7;MPIB1;0;0;0;0.004870756
44.75;MPIB4;0;0;0;0
44.75;MPIB3;0;0.0007716049;0;0
44.75;MPIB2;0;0;0;0
44.75;MPIB1;0;0;0;0.004870756
44.8;MPIB4;0;0;0;0
44.8;MPIB3;0;0.0007716049;0;0
44.8;MPIB2;0;0;0;0
44.8;MPIB1;0;0;0;0.004870756
44.85;MPIB4;0;0;0;0
44.85;MPIB3;0;0.0007716049;0;0
44.85;MPIB2;0;0;0;0
44.85;MPIB1;0;0;0;0.004870756
44.9;MPIB4;0;0;0;0
44.9;MPIB3;0;0.0007716049;0;0
44.9;MPIB2;0;0;0;0
44.9;MPIB1;0;0;0;0.004870756
44.95;MPIB4;0;0;0;0
44.95;MPIB3;0;0.0007716049;0;0
44.95;MPIB2;0;0;0;0
44.95;MPIB1;0;0;0;0.004870756
45;MPIB4;0;0;0;0
45;MPIB3;0;0.0007716049;0;0
45;MPIB2;0;0;0;0
45;MPIB1;0;0;0;0.004870756
45.05;MPIB4;0;0;0;0
45.05;MPIB3;0;0.0007233796;0;0
45.05;MPIB2;0;0;0;0
45.05;MPIB1;0;0;0;0.004870756
45.1;MPIB4;0;0;0;0
45.1;MPIB3;0;0.0006751543;0;0
45.1;MPIB2;0;0;0;0
45.1;MPIB1;0;0;0;0.004870756
45.15;MPIB4;0;0;0;0
45.15;MPIB3;0;0.0004340278;0;0
45.15;MPIB2;0;0;0;0
45.15;MPIB1;0;0;0;0.004870756
45.2;MPIB4;0;0;0;0
45.2;MPIB3;0;0.0005304784;0;0
45.2;MPIB2;0;0;0;0
45.2;MPIB1;0;0;0;0.004870756
45.25;MPIB4;0;0;0;0
45.25;MPIB3;0;0.0007716049;0;0
45.25;MPIB2;0;0;0;0
45.25;MPIB1;0;0;0;0.004870756
45.3;MPIB4;0;0;0;0
45.3;MPIB3;4.822531E-05;0.001880787;0;0
45.3;MPIB2;0;0;0;0
45.3;MPIB1;0;0;0;0.004870756
45.35;MPIB4;0;0;0;0
45.35;MPIB3;0.0005787037;0.002700617;0;0.0003375772
45.35;MPIB2;0;0;0;0
45.35;MPIB1;0;0;0;0.004870756
45.4;MPIB4;0;0;0;0
45.4;MPIB3;0.0007716049;0.002121913;0;0.0005304784
45.4;MPIB2;0;0;0;0
45.4;MPIB1;0;0;0;0.004870756
45.45;MPIB4;0;0;0;0
45.45;MPIB3;0.0008680556;0.002989969;0;0.0007233796
45.45;MPIB2;0;0;0;0
45.45;MPIB1;0;0;0;0.004870756
45.5;MPIB4;0;0;0;0
45.5;MPIB3;0.0009162808;0.003713349;0;0.000626929
45.5;MPIB2;0;0;0;0
45.5;MPIB1;0;0;0;0.004870756
45.55;MPIB4;0;0;0;0
45.55;MPIB3;0.001157407;0.003954475;0;0.0007716049
45.55;MPIB2;0;0;0;0
45.55;MPIB1;0;0;0;0.004870756
45.6;MPIB4;0;0;0;0
45.6;MPIB3;0.001205633;0.004050926;0;0.0005787037
45.6;MPIB2;0;0;0;0
45.6;MPIB1;0;0;0;0.004870756
45.65;MPIB4;0;0;0;0
45.65;MPIB3;0.001157407;0.004340278;0;0.000626929
45.65;MPIB2;0;0;0;0
45.65;MPIB1;0;0;0;0.004870756
45.7;MPIB4;0;0;0;0
45.7;MPIB3;0;0.004581404;0;0.0008680556
45.7;MPIB2;0;0;0;0
45.7;MPIB1;0;0;0;0.004870756
45.75;MPIB4;0;0;0;0
45.75;MPIB3;0;0.005160108;0;0.001012731
45.75;MPIB2;0;0;0;0
45.75;MPIB1;0;0;0;0.004870756
45.8;MPIB4;0;0;0;0
45.8;MPIB3;0;0.005401235;0;0.001060957
45.8;MPIB2;0;0;0;0
45.8;MPIB1;0;0;0;0.004870756
45.85;MPIB4;0;0;0;0
45.85;MPIB3;0;0.00544946;0;0.0009645062
45.85;MPIB2;0;0;0;0
45.85;MPIB1;0;0;0;0.004870756
45.9;MPIB4;0;0;0;0
45.9;MPIB3;0;0.00544946;0;0.001060957
45.9;MPIB2;0;0;0;0
45.9;MPIB1;0;0;0;0.004870756
45.95;MPIB4;0;0;0;0
45.95;MPIB3;0;0.00544946;0;0.0009645062
45.95;MPIB2;0;0;0;0
45.95;MPIB1;0;0;0;0.004870756
46;MPIB4;0;0;0;0
46;MPIB3;0;0.004677855;0;0.0009645062
46;MPIB2;0;0;0;0
46;MPIB1;0;0;0;0.004870756
46.05;MPIB4;0;0;0;0
46.05;MPIB3;0;0.004436729;0;0.0009645062
46.05;MPIB2;0;0;0;0
46.05;MPIB1;0;0;0;0.004870756
46.1;MPIB4;0;0;0;0
46.1;MPIB3;0;0.004099151;0;0.0009645062
46.1;MPIB2;0;0;0;0
46.1;MPIB1;0;0;0;0.004870756
46.15;MPIB4;0;0;0;0
46.15;MPIB3;0;0.004292052;0;0.0008680556
46.15;MPIB2;0;0;0;0
46.15;MPIB1;0;0;0;0.00472608
46.2;MPIB4;0;0;0;0
46.2;MPIB3;0;0.004147376;0;0.000626929
46.2;MPIB2;0;0;0;0
46.2;MPIB1;0;0;0;0.004533179
46.25;MPIB4;0;0;0;0
46.25;MPIB3;0.001012731;0.004870756;0;0.000626929
46.25;MPIB2;0;0;0;0
46.25;MPIB1;0;0;0;0.004340278
46.3;MPIB4;0;0;0;0
46.3;MPIB3;0.001398534;0.004870756;0;0.0004340278
46.3;MPIB2;0;0;0;0
46.3;MPIB1;0;0;0;0.004147376
46.35;MPIB4;0;0;0;0
46.35;MPIB3;0.001350309;0.00554591;0;0.0004340278
46.35;MPIB2;0;0;0;0
46.35;MPIB1;0;0;0;0.004050926
46.4;MPIB4;0;0;0;0
46.4;MPIB3;0.001350309;0.006076389;0;0.0004340278
46.4;MPIB2;0;0;0;0
46.4;MPIB1;0;0;0;0.003279321
46.45;MPIB4;0;0;0;0
46.45;MPIB3;0.001350309;0.006462191;0;0.0003858025
46.45;MPIB2;0;0;0;0
46.45;MPIB1;0;0;0;0.00163966
46.5;MPIB4;0;0;0;0
46.5;MPIB3;0.001109182;0.006558642;0;0.0004340278
46.5;MPIB2;0;0;0;0
46.5;MPIB1;0;0;0;0.001591435
46.55;MPIB4;0;0;0;0
46.55;MPIB3;0.0009162808;0.006317515;0;0.0003858025
46.55;MPIB2;0;0;0;0
46.55;MPIB1;0;0;0;0.00163966
46.6;MPIB4;0;0;0;0
46.6;MPIB3;0.0008198302;0.006365741;0;0.0004340278
46.6;MPIB2;0;0;0;0
46.6;MPIB1;0;0;0;0.001832562
46.65;MPIB4;0;0;0;0
46.65;MPIB3;0.0005304784;0.006124614;0;0.0005304784
46.65;MPIB2;0;0;0;0
46.65;MPIB1;0;0;0;0.00154321
46.7;MPIB4;0;0;0;0
46.7;MPIB3;0.0004822531;0.00617284;0;0.000626929
46.7;MPIB2;0;0;0;0
46.7;MPIB1;0;0;0;0.001736111
46.75;MPIB4;0;0;0;0
46.75;MPIB3;0.0002411265;0.005931713;0;0.0004822531
46.75;MPIB2;0;0;0;0
46.75;MPIB1;0;0;0;0.00154321
46.8;MPIB4;0;0;0;0
46.8;MPIB3;0.0003375772;0.005738812;0;0.0004340278
46.8;MPIB2;0;0;0;0
46.8;MPIB1;0;0;0;0.001687886
46.85;MPIB4;0;0;0;0
46.85;MPIB3;0.0004340278;0.005401235;0;0.0004822531
46.85;MPIB2;0;0;0;0
46.85;MPIB1;0;0;0;0.001494985
46.9;MPIB4;0;0;0;0
46.9;MPIB3;0.0007233796;0.005931713;0;0.0005304784
46.9;MPIB2;0;0;0;0
46.9;MPIB1;0;0;0;0.001687886
46.95;MPIB4;0;0;0;0
46.95;MPIB3;0.0007233796;0.00554591;0;0.0005304784
46.95;MPIB2;0;0;0;0
46.95;MPIB1;0;0;0;0.001253858
47;MPIB4;0;0;0;0
47;MPIB3;0.0007233796;0.005015432;0;0.0005304784
47;MPIB2;0;0;0;0
47;MPIB1;0;0;0;0.00154321
47.05;MPIB4;0;0;0;0
47.05;MPIB3;0.0007233796;0.004918981;0;0.0005304784
47.05;MPIB2;0;0;0;0
47.05;MPIB1;0;0;0;0.00154321
47.1;MPIB4;0;0;0;0
47.1;MPIB3;0.0007233796;0.00462963;0;0.0005304784
47.1;MPIB2;0;0;0;0
47.1;MPIB1;0;0;0;0.00154321
47.15;MPIB4;0;0;0;0
47.15;MPIB3;0.0007233796;0.00462963;0;0.0005304784
47.15;MPIB2;0;0;0;0
47.15;MPIB1;0;0;0;0.00154321
47.2;MPIB4;0;0;0;0
47.2;MPIB3;0.0007233796;0.00462963;0;0.0005304784
47.2;MPIB2;0;0;0;0
47.2;MPIB1;0;0;0;0.00154321
47.25;MPIB4;0;0;0;0
47.25;MPIB3;0.0007233796;0.004581404;0;0.0005304784
47.25;MPIB2;0;0;0;0
47.25;MPIB1;0;0;0;0.00154321
47.3;MPIB4;0;0;0;0
47.3;MPIB3;0.0007233796;0.004774306;0;0.0005304784
47.3;MPIB2;0;0;0;0
47.3;MPIB1;0;0;0;0.00154321
47.35;MPIB4;0;0;0;0
47.35;MPIB3;0.0007233796;0.004774306;0;0.0005304784
47.35;MPIB2;0;0;0;0
47.35;MPIB1;0;0;0;0.00154321
47.4;MPIB4;0;0;0;0
47.4;MPIB3;0.0007233796;0.004774306;0;0.0005304784
47.4;MPIB2;0;0;0;0
47.4;MPIB1;0;0;0;0.00154321
47.45;MPIB4;0;0;0;0
47.45;MPIB3;0.0007233796;0.004774306;0;0.0005304784
47.45;MPIB2;0;0;0;0
47.45;MPIB1;0;0;0;0.00154321
47.5;MPIB4;0;0;0;0
47.5;MPIB3;0.0007233796;0.004774306;0;0.0005304784
47.5;MPIB2;0;0;0;0
47.5;MPIB1;0;0;0;0.00154321
47.55;MPIB4;0;0;0;0
47.55;MPIB3;0.0007233796;0.004967207;0;0.0004822531
47.55;MPIB2;0;0;0;0
47.55;MPIB1;0;0;0;0.00154321
47.6;MPIB4;0;0;0;0
47.6;MPIB3;0.0005304784;0.004918981;0;0.0005787037
47.6;MPIB2;0;0;0;0
47.6;MPIB1;0;0;0;0.00154321
47.65;MPIB4;0;0;0;0
47.65;MPIB3;0.0005304784;0.004677855;0;0.0003858025
47.65;MPIB2;0;0;0;0
47.65;MPIB1;0;0;0;0.00154321
47.7;MPIB4;0;0;0;0
47.7;MPIB3;0.0005304784;0.004677855;0;0.0003858025
47.7;MPIB2;0;0;0;0
47.7;MPIB1;0;0;0;0.00154321
47.75;MPIB4;0;0;0;0
47.75;MPIB3;0.0005304784;0.004677855;0;0.0003858025
47.75;MPIB2;0;0;0;0
47.75;MPIB1;0;0;0;0.00154321
47.8;MPIB4;0;0;0;0
47.8;MPIB3;0.0005304784;0.004677855;0;0.0003858025
47.8;MPIB2;0;0;0;0
47.8;MPIB1;0;0;0;0.00154321
47.85;MPIB4;0;0;0;0
47.85;MPIB3;0.0005304784;0.004677855;0;0.0003858025
47.85;MPIB2;0;0;0;0
47.85;MPIB1;0;0;0;0.00154321
47.9;MPIB4;0;0;0;0
47.9;MPIB3;0.0005304784;0.00472608;0;0.0003858025
47.9;MPIB2;0;0;0;0
47.9;MPIB1;0;0;0;0.00154321
47.95;MPIB4;0;0;0;0
47.95;MPIB3;0.0005304784;0.00472608;0;0.0003858025
47.95;MPIB2;0;0;0;0
47.95;MPIB1;0;0;0;0.00154321
48;MPIB4;0;0;0;0
48;MPIB3;0.0005304784;0.004677855;0;0.0003858025
48;MPIB2;0;0;0;0
48;MPIB1;0;0;0;0.00154321
48.05;MPIB4;0;0;0;0
48.05;MPIB3;0.0004340278;0.004243827;0;0.0004822531
48.05;MPIB2;0;0;0;0
48.05;MPIB1;0;0;0;0.00154321
48.1;MPIB4;0;0;0;0
48.1;MPIB3;0.0003375772;0.004002701;0;0.0004340278
48.1;MPIB2;0;0;0;0
48.1;MPIB1;0;0;0;0.00154321
48.15;MPIB4;0;0;0;0
48.15;MPIB3;0.0001929012;0.003809799;0;0.0004340278
48.15;MPIB2;0;0;0;0
48.15;MPIB1;0;0;0;0.00154321
48.2;MPIB4;0;0;0;0
48.2;MPIB3;0;0.003809799;0;0
48.2;MPIB2;0;0;0;0
48.2;MPIB1;0;0;0;0.00154321
48.25;MPIB4;0;0;0;0
48.25;MPIB3;0;0.004243827;0;0
48.25;MPIB2;0;0;0;0
48.25;MPIB1;0;0;0;0.00154321
48.3;MPIB4;0;0;0;0
48.3;MPIB3;0;0.004147376;0;0
48.3;MPIB2;0;0;0;0
48.3;MPIB1;0;0;0;0.00154321
48.35;MPIB4;0;0;0;0
48.35;MPIB3;0;0.004099151;0;0
48.35;MPIB2;0;0;0;0
48.35;MPIB1;0;0;0;0.00154321
48.4;MPIB4;0;0;0;0
48.4;MPIB3;0;0.004484954;0;0
48.4;MPIB2;0;0;0;0
48.4;MPIB1;0;0;0;0.00154321
48.45;MPIB4;0;0;0;0
48.45;MPIB3;0;0.004388503;0;0
48.45;MPIB2;0;0;0;0
48.45;MPIB1;0;0;0;0.00154321
48.5;MPIB4;0;0;0;0
48.5;MPIB3;0;0.004436729;0;0
48.5;MPIB2;0;0;0;0
48.5;MPIB1;0;0;0;0.00154321
48.55;MPIB4;0;0;0;0
48.55;MPIB3;0;0.004002701;0;0
48.55;MPIB2;0;0;0;0
48.55;MPIB1;0;0;0;0.00154321
48.6;MPIB4;0;0;0;0
48.6;MPIB3;0;0.003520448;0;0
48.6;MPIB2;0;0;0;0
48.6;MPIB1;0;0;0;0.00154321
48.65;MPIB4;0;0;0;0
48.65;MPIB3;0;0.003568673;0;0
48.65;MPIB2;0;0;0;0
48.65;MPIB1;0;0;0;0.00154321
48.7;MPIB4;0;0;0;0
48.7;MPIB3;0;0.003616898;0;0
48.7;MPIB2;0;0;0;0
48.7;MPIB1;0;0;0;0.001302083
48.75;MPIB4;0;0;0;0
48.75;MPIB3;0;0.003616898;0;0
48.75;MPIB2;0;0;0;0
48.75;MPIB1;0;0;0;0.001253858
48.8;MPIB4;0;0;0;0
48.8;MPIB3;0;0.003327546;0;0
48.8;MPIB2;0;0;0;0
48.8;MPIB1;0;0;0;0.001494985
48.85;MPIB4;0;0;0;0
48.85;MPIB3;0;0.002941744;0;0
48.85;MPIB2;0;0;0;0
48.85;MPIB1;0;0;0;0.001157407
48.9;MPIB4;0;0;0;0
48.9;MPIB3;0;0.002555941;0;0
48.9;MPIB2;0;0;0;0
48.9;MPIB1;0;0;0;0.001205633
48.95;MPIB4;0;0;0;0
48.95;MPIB3;0;0.00236304;0;0
48.95;MPIB2;0;0;0;0
48.95;MPIB1;0;0;0;0.001302083
49;MPIB4;0;0;0;0
49;MPIB3;0;0.002170139;0;0
49;MPIB2;0;0;0;0
49;MPIB1;0;0;0;0.001157407
49.05;MPIB4;0;0;0;0
49.05;MPIB3;0;0.002073688;0;0
49.05;MPIB2;0;0;0;0
49.05;MPIB1;0;0;0;0.001157407
49.1;MPIB4;0;0;0;0
49.1;MPIB3;0;0.002411265;0;0
49.1;MPIB2;0;0;0;0
49.1;MPIB1;0;0;0;0.001157407
49.15;MPIB4;0;0;0;0
49.15;MPIB3;0;0.002893518;0;0
49.15;MPIB2;0;0;0;0
49.15;MPIB1;0;0;0;0.001109182
49.2;MPIB4;0;0;0;0
49.2;MPIB3;0;0.003423997;0;0
49.2;MPIB2;0;0;0;0
49.2;MPIB1;0;0;0;0.0007233796
49.25;MPIB4;0;0.0005787037;0;0
49.25;MPIB3;0;0.003954475;0;0
49.25;MPIB2;0;0;0;0
49.25;MPIB1;0;0;0;0.000626929
49.3;MPIB4;0;0.0003375772;0.0002893519;0
49.3;MPIB3;0;0.004388503;0;0
49.3;MPIB2;0;0;0;0
49.3;MPIB1;0;0;0;0.0007233796
49.35;MPIB4;0.003231096;0.0001929012;9.645062E-05;0
49.35;MPIB3;0;0.004822531;0;0
49.35;MPIB2;0;0;0;0
49.35;MPIB1;0;0;0;0.0007716049
49.4;MPIB4;0.001929012;0.0002893519;0.0001446759;0
49.4;MPIB3;0;0.004677855;0;0
49.4;MPIB2;0;0;0;0
49.4;MPIB1;0;0;0;0.002218364
49.45;MPIB4;0.001832562;0.0003858025;0.0001446759;0
49.45;MPIB3;0;0.004533179;0;0
49.45;MPIB2;0;0;0;0
49.45;MPIB1;0;0;0;0.002314815
49.5;MPIB4;0.002121913;0.0002893519;9.645062E-05;0
49.5;MPIB3;0;0.004195602;0;0
49.5;MPIB2;0;0;0;0
49.5;MPIB1;0;0;0;0.002797068
49.55;MPIB4;0.001784336;0.0002411265;0.0002411265;0
49.55;MPIB3;0;0.004002701;0;0
49.55;MPIB2;0;0;0;0
49.55;MPIB1;0;0;0;0.003279321
49.6;MPIB4;0.001977238;0.0003375772;0.0002411265;0
49.6;MPIB3;0;0.003809799;0;0
49.6;MPIB2;0;0;0;0
49.6;MPIB1;0;0;0;0.004436729
49.65;MPIB4;0.002700617;0.0002893519;0.0001446759;0
49.65;MPIB3;0;0.003761574;0;0
49.65;MPIB2;0;0;0;0
49.65;MPIB1;0;0;0;0.004822531
49.7;MPIB4;0.003375772;0.0001929012;0.0002893519;0
49.7;MPIB3;0;0.003665123;0;0
49.7;MPIB2;0;0;0;0
49.7;MPIB1;0;0;0;0.004533179
49.75;MPIB4;0.006847994;0.0001929012;0.0001929012;0
49.75;MPIB3;0;0.003520448;0;0
49.75;MPIB2;0;0;0;0
49.75;MPIB1;0;0;0;0.003954475
49.8;MPIB4;0;0.0001929012;0.0003375772;0
49.8;MPIB3;0;0.003423997;0;0
49.8;MPIB2;0;0;0;0
49.8;MPIB1;0;0;0;0.002797068
49.85;MPIB4;0;0.0001446759;0.0001446759;0
49.85;MPIB3;0;0.003423997;0;0
49.85;MPIB2;0;0;0;0
49.85;MPIB1;0;0;0;0.001157407
49.9;MPIB4;0;0;0;0
49.9;MPIB3;0;0.003375772;0;0
49.9;MPIB2;0;0;0;0
49.9;MPIB1;0;0;0;0.0002411265
49.95;MPIB4;0;0;0;0
49.95;MPIB3;0;0.003375772;0;0
49.95;MPIB2;0;0;0;0
49.95;MPIB1;0;0;0;0.0001929012
50;MPIB4;0;0;0;0
50;MPIB3;0;0.003423997;0;0
50;MPIB2;0;0;0;0
50;MPIB1;0;0;0;9.645062E-05
50.05;MPIB4;0;0;0;0
50.05;MPIB3;0;0.003423997;0;0
50.05;MPIB2;0;0;0;0
50.05;MPIB1;0;0;0;4.822531E-05
50.1;MPIB4;0;0;0;0
50.1;MPIB3;0;0.003423997;0;0
50.1;MPIB2;0;0;0;0
50.1;MPIB1;0;0;0;4.822531E-05
50.15;MPIB4;0;0;0;0
50.15;MPIB3;0;0.003423997;0;0
50.15;MPIB2;0;0;0;0
50.15;MPIB1;0;0;0;0
50.2;MPIB4;0;0.0002893519;0;0
50.2;MPIB3;0;0.003423997;0;0
50.2;MPIB2;0;0;0;0
50.2;MPIB1;0;0;0;0
50.25;MPIB4;0;0.0004340278;0;0
50.25;MPIB3;0;0.003423997;0;0
50.25;MPIB2;0;0;0;0
50.25;MPIB1;0;0;0;0
50.3;MPIB4;0;0.0005304784;0;0
50.3;MPIB3;0;0.003423997;0;0
50.3;MPIB2;0;0;0;0
50.3;MPIB1;0;0;0;0
50.35;MPIB4;0;0.0003858025;0;0
50.35;MPIB3;0;0.003423997;0;0
50.35;MPIB2;0;0;0;0
50.35;MPIB1;0;0;0;0
50.4;MPIB4;0;0.0004340278;0;0
50.4;MPIB3;0;0.003423997;0;0
50.4;MPIB2;0;0;0;0
50.4;MPIB1;0;0;0;0
50.45;MPIB4;0;0.0004822531;0;0
50.45;MPIB3;0;0.003423997;0;0
50.45;MPIB2;0;0;0;0
50.45;MPIB1;0;0;0;0
50.5;MPIB4;0;0.0004822531;0;0
50.5;MPIB3;0;0.003423997;0;0
50.5;MPIB2;0;0;0;0
50.5;MPIB1;0;0;0;0
50.55;MPIB4;0;0.0004822531;0;0
50.55;MPIB3;0;0.003423997;0;0
50.55;MPIB2;0;0;0;0
50.55;MPIB1;0;0;0;0
50.6;MPIB4;0;0.0004822531;0;0
50.6;MPIB3;0;0.003423997;0;0
50.6;MPIB2;0;0;0;0
50.6;MPIB1;0;0;0;0
50.65;MPIB4;0;0.0004822531;0;0
50.65;MPIB3;0;0.003423997;0;0
50.65;MPIB2;0;0;0;0
50.65;MPIB1;0;0;0;0
50.7;MPIB4;0;0.0004822531;0;0
50.7;MPIB3;0;0.003423997;0;0
50.7;MPIB2;0;0;0;0
50.7;MPIB1;0;0;0;0
50.75;MPIB4;0;0.0004822531;0;0
50.75;MPIB3;0;0.003423997;0;0
50.75;MPIB2;0;0;0;0
50.75;MPIB1;0;0;0;0
50.8;MPIB4;0;0.0004822531;0;0
50.8;MPIB3;0;0.003423997;0;0
50.8;MPIB2;0;0;0;0
50.8;MPIB1;0;0;0;0
50.85;MPIB4;0;0.0004822531;0;0
50.85;MPIB3;0;0.003423997;0;0
50.85;MPIB2;0;0;0;0
50.85;MPIB1;0;0;0;0
50.9;MPIB4;0;0.0004822531;0;0
50.9;MPIB3;0;0.003423997;0;0
50.9;MPIB2;0;0;0;0
50.9;MPIB1;0;0;0;0
50.95;MPIB4;0;0.0004340278;9.645062E-05;0
50.95;MPIB3;0;0.003423997;0;0
50.95;MPIB2;0;0;0;0
50.95;MPIB1;0;0;0;0
51;MPIB4;0;0.0005304784;0.0002411265;0
51;MPIB3;0;0.003423997;0;0
51;MPIB2;0;0;0;0
51;MPIB1;0;0;0;0
51.05;MPIB4;0;0.0004822531;0.0003375772;0
51.05;MPIB3;0;0.003327546;0;0
51.05;MPIB2;0;0;0;0
51.05;MPIB1;0;0;0;0
51.1;MPIB4;0;0.0004822531;0.0003375772;0
51.1;MPIB3;0;0.003375772;0;0.0004340278
51.1;MPIB2;0;0;0;0
51.1;MPIB1;0;0;0;0
51.15;MPIB4;0;0.0003858025;0.0002893519;0
51.15;MPIB3;0.0002893519;0;0;0.0001446759
51.15;MPIB2;0;0;0;0
51.15;MPIB1;0;0;0;0
51.2;MPIB4;0;0.0003858025;0.0002411265;0
51.2;MPIB3;0.0008198302;0;0;0
51.2;MPIB2;0;0;0;0
51.2;MPIB1;0;0;0;0
51.25;MPIB4;0;0.0003858025;0.0001446759;0
51.25;MPIB3;0;0;0;0
51.25;MPIB2;0;0;0;0
51.25;MPIB1;0;0;0;0
51.3;MPIB4;0;0.0003858025;9.645062E-05;0
51.3;MPIB3;0;0;0;0
51.3;MPIB2;0;0;0;0
51.3;MPIB1;0;0;0;0
51.35;MPIB4;0;0.0003858025;4.822531E-05;0
51.35;MPIB3;0;0;0;0
51.35;MPIB2;0;0;0;0
51.35;MPIB1;0;0;0;0
51.4;MPIB4;0;0.0003858025;0;0
51.4;MPIB3;0;0;0;0
51.4;MPIB2;0;0;0;0
51.4;MPIB1;0;0;0;0
51.45;MPIB4;0;0.0003858025;0;0
51.45;MPIB3;0;0;0;0
51.45;MPIB2;0;0;0;0
51.45;MPIB1;0;0;0;0
51.5;MPIB4;0;0.0003858025;0;0
51.5;MPIB3;0;0;0;0
51.5;MPIB2;0;0;0;0
51.5;MPIB1;0;0;0;0
51.55;MPIB4;0;0.0003375772;0;0
51.55;MPIB3;0;0;0;0
51.55;MPIB2;0;0;0;0
51.55;MPIB1;0;0;0;0
51.6;MPIB4;0;0.0003858025;0;0
51.6;MPIB3;0;0;0;0
51.6;MPIB2;0;0;0;0
51.6;MPIB1;0;0;0;0
51.65;MPIB4;0;0.0003375772;0;0
51.65;MPIB3;0;0;0;0
51.65;MPIB2;0;0;0;0
51.65;MPIB1;0;0;0;0
51.7;MPIB4;0;0.0003375772;0;0
51.7;MPIB3;0;0;0;0
51.7;MPIB2;0;0;0;0
51.7;MPIB1;0;0;0;0
51.75;MPIB4;0;0.0003375772;0;0
51.75;MPIB3;0;0;0;0
51.75;MPIB2;0;0;0;0
51.75;MPIB1;0;0;0;0
51.8;MPIB4;0;0.0004822531;0;0
51.8;MPIB3;0;0;0;0
51.8;MPIB2;0;0;0;0
51.8;MPIB1;0;0;0;0
51.85;MPIB4;0;0.0004822531;0;0
51.85;MPIB3;0;0;0;0
51.85;MPIB2;0;0;0;0
51.85;MPIB1;0;0;0;0
51.9;MPIB4;0;0.0004340278;0;0
51.9;MPIB3;0;0;0;0
51.9;MPIB2;0;0;0;0
51.9;MPIB1;0;0;0;0
51.95;MPIB4;0;0.0004822531;0;0
51.95;MPIB3;0;0;0;0
51.95;MPIB2;0;0;0;0
51.95;MPIB1;0;0;0;0
52;MPIB4;0;0.0003858025;0;0
52;MPIB3;0;0;0;0
52;MPIB2;0;0;0;0
52;MPIB1;0;0;0;0
52.05;MPIB4;0;0.0004340278;0;0
52.05;MPIB3;0;0;0;0
52.05;MPIB2;0;0;0;0
52.05;MPIB1;0;0;0;0.0006751543
52.1;MPIB4;0;0.0004340278;0;0
52.1;MPIB3;0;0;0;0
52.1;MPIB2;0;0;0;0
52.1;MPIB1;0;0;0;0.001736111
52.15;MPIB4;0;0.0003858025;0;0
52.15;MPIB3;0;0;0;0
52.15;MPIB2;0;0;0;0
52.15;MPIB1;0;0;0;0.001494985
52.2;MPIB4;0;0.0003375772;0;0
52.2;MPIB3;0;0;0;0
52.2;MPIB2;0;0;0;0
52.2;MPIB1;0;0;0;0.00226659
52.25;MPIB4;0;0.0002893519;0;0
52.25;MPIB3;0;0;0;0
52.25;MPIB2;0;0;0;0
52.25;MPIB1;0;0;0;0.002555941
52.3;MPIB4;0;0.0003858025;0;0
52.3;MPIB3;0;0;0;0
52.3;MPIB2;0;0;0;0
52.3;MPIB1;0;0;0;0.003038194
52.35;MPIB4;0;0.0003375772;0;0
52.35;MPIB3;0;0;0;0
52.35;MPIB2;0;0;0;0
52.35;MPIB1;0;0;0;0.003279321
52.4;MPIB4;0;0.0003858025;0;0
52.4;MPIB3;0;0;0;0
52.4;MPIB2;0;0;0;0
52.4;MPIB1;0;0;0;0.004147376
52.45;MPIB4;0;0.0004822531;0;0
52.45;MPIB3;0;0;0;0
52.45;MPIB2;0;0;0;0
52.45;MPIB1;0;0;0;0.003809799
52.5;MPIB4;0;0.0003375772;0;0
52.5;MPIB3;0;0;0;0
52.5;MPIB2;0;0;0;0
52.5;MPIB1;0;0;0;0.002507716
52.55;MPIB4;0;0.0004340278;0;0
52.55;MPIB3;0;0;0;0
52.55;MPIB2;0;0;0;0
52.55;MPIB1;0;0;0;0.001687886
52.6;MPIB4;0;0.0003375772;0;0
52.6;MPIB3;0;0;0;0
52.6;MPIB2;0;0;0;0
52.6;MPIB1;0;0;0;0.001350309
52.65;MPIB4;0;0.0004822531;0;0
52.65;MPIB3;0;0;0;0
52.65;MPIB2;0;0;0;0
52.65;MPIB1;0;0;0;0.001350309
52.7;MPIB4;0;0.0004340278;0;0
52.7;MPIB3;0.001253858;0;0;0
52.7;MPIB2;0;0;0;0
52.7;MPIB1;0;0;0;0.001398534
52.75;MPIB4;0;0.0004340278;0;0
52.75;MPIB3;0.001591435;0;0;0
52.75;MPIB2;0;0;0;0
52.75;MPIB1;0;0;0;0.001494985
52.8;MPIB4;0;0.0004822531;0;0
52.8;MPIB3;0.00163966;0;0;0
52.8;MPIB2;0;0;0;0
52.8;MPIB1;0;0;0;0.001494985
52.85;MPIB4;0;0.0004822531;0;0
52.85;MPIB3;0.001591435;0;0;0
52.85;MPIB2;0;0;0;0
52.85;MPIB1;0;0;0;0.001494985
52.9;MPIB4;0;0.0004822531;0;0
52.9;MPIB3;0.001832562;0;0;0
52.9;MPIB2;0;0;0;0
52.9;MPIB1;0;0;0;0.001687886
52.95;MPIB4;0;0.0004822531;0;0
52.95;MPIB3;0.001784336;0;0;0
52.95;MPIB2;0;0;0;0
52.95;MPIB1;0;0;0;0.001784336
53;MPIB4;0;0.0004822531;0;0
53;MPIB3;0.001784336;0;0;0
53;MPIB2;0;0;0;0
53;MPIB1;0;0;0;0.001591435
53.05;MPIB4;0;0.0004340278;0;0
53.05;MPIB3;0.001736111;0;0;0
53.05;MPIB2;0;0;0;0
53.05;MPIB1;0;0;0;0.001832562
53.1;MPIB4;0;0.0004340278;0;0
53.1;MPIB3;0.001736111;0;0;0
53.1;MPIB2;0;0;0;0
53.1;MPIB1;0;0;0;0.001687886
53.15;MPIB4;0;0.0004340278;0;0
53.15;MPIB3;0.001784336;0;0;0
53.15;MPIB2;0;0;0;0
53.15;MPIB1;0;0;0;0.001687886
53.2;MPIB4;0;0.0004340278;0;0
53.2;MPIB3;0.00154321;0;0;0
53.2;MPIB2;0;0;0;0
53.2;MPIB1;0;0;0;0.001687886
53.25;MPIB4;0;0.0001929012;0;0
53.25;MPIB3;0.00154321;0;0;0
53.25;MPIB2;0;0;0;0
53.25;MPIB1;0;0;0;0.001736111
53.3;MPIB4;0;0.0001929012;0;0
53.3;MPIB3;0.001784336;0;0;0
53.3;MPIB2;0;0;0;0
53.3;MPIB1;0;0;0;0.001736111
53.35;MPIB4;0;0.0002411265;0;0
53.35;MPIB3;0.001784336;0;0;0
53.35;MPIB2;0;0;0;0
53.35;MPIB1;0;0;0;0.001736111
53.4;MPIB4;0;0.0001929012;0;0
53.4;MPIB3;0.001784336;0;0;0
53.4;MPIB2;0;0;0;0
53.4;MPIB1;0;0;0;0.001736111
53.45;MPIB4;0;0.0002411265;0;0
53.45;MPIB3;0.001784336;0;0;0
53.45;MPIB2;0;0;0;0
53.45;MPIB1;0;0;0;0.001736111
53.5;MPIB4;0;0.0001929012;0;0
53.5;MPIB3;0.001784336;0;0;0
53.5;MPIB2;0;0;0;0
53.5;MPIB1;0;0;0;0.001736111
53.55;MPIB4;0;0.0002411265;0;0
53.55;MPIB3;0.001784336;0;0;0
53.55;MPIB2;0;0;0;0
53.55;MPIB1;0;0;0;0.001736111
53.6;MPIB4;0;0.0002411265;0;0
53.6;MPIB3;0.001784336;0;0;0
53.6;MPIB2;0;0;0;0
53.6;MPIB1;0;0;0;0.001736111
53.65;MPIB4;0;0.0002893519;0;0
53.65;MPIB3;0.001784336;0;0;0
53.65;MPIB2;0;0;0;0
53.65;MPIB1;0;0;0;0.001736111
53.7;MPIB4;0;0.0003375772;0;0
53.7;MPIB3;0.001784336;0;0;0
53.7;MPIB2;0;0;0;0
53.7;MPIB1;0;0;0;0.001736111
53.75;MPIB4;0;0.0003375772;0;0
53.75;MPIB3;0.001784336;0;0;0
53.75;MPIB2;0;0;0;0
53.75;MPIB1;0;0;0;0.001736111
53.8;MPIB4;0;0.0003375772;0;0
53.8;MPIB3;0.001784336;0;0;0
53.8;MPIB2;0;0;0;0
53.8;MPIB1;0;0;0;0.001736111
53.85;MPIB4;0;0.0003375772;0;0
53.85;MPIB3;0.00163966;0;0;0
53.85;MPIB2;0;0;0;0
53.85;MPIB1;0;0;0;0.001736111
53.9;MPIB4;0;0.0003375772;0;0
53.9;MPIB3;0.00163966;0;0;0
53.9;MPIB2;0;0;0;0
53.9;MPIB1;0;0;0;0.001736111
53.95;MPIB4;0;0.0003375772;0;0
53.95;MPIB3;0.00163966;0;0;0
53.95;MPIB2;0;0;0;0
53.95;MPIB1;0;0;0;0.001736111
54;MPIB4;0;0.0003375772;0;0
54;MPIB3;0.00163966;0;0;0
54;MPIB2;0;0;0;0
54;MPIB1;0;0;0;0.001736111
54.05;MPIB4;0;0.0003375772;0;0
54.05;MPIB3;0.00163966;0;0;0
54.05;MPIB2;0;0;0;0
54.05;MPIB1;0;0;0;0.001736111
54.1;MPIB4;0;0.0003375772;0;0
54.1;MPIB3;0.001687886;0;0;0
54.1;MPIB2;0;0;0;0
54.1;MPIB1;0;0;0;0.001736111
54.15;MPIB4;0;0.0003375772;0;0
54.15;MPIB3;0.00154321;0;0;0
54.15;MPIB2;0;0;0;0
54.15;MPIB1;0;0;0;0.001736111
54.2;MPIB4;0;0.0002893519;0;0
54.2;MPIB3;0.00154321;0;0;0
54.2;MPIB2;0;0;0;0
54.2;MPIB1;0;0;0;0.001736111
54.25;MPIB4;0;0.0003858025;0;0
54.25;MPIB3;0.00154321;0;0;0
54.25;MPIB2;0;0;0;0
54.25;MPIB1;0;0;0;0.001736111
54.3;MPIB4;0;0.0003375772;0;0
54.3;MPIB3;0.00154321;0;0;0
54.3;MPIB2;0;0;0;0
54.3;MPIB1;0;0;0;0.001736111
54.35;MPIB4;0;0.0003858025;0;0
54.35;MPIB3;0.00154321;0;0;0
54.35;MPIB2;0;0;0;0
54.35;MPIB1;0;0;0;0.001736111
54.4;MPIB4;0;0.0003858025;0;0
54.4;MPIB3;0.00154321;0;0;0
54.4;MPIB2;0;0;0;0
54.4;MPIB1;0;0;0;0.001736111
54.45;MPIB4;0;0.0003858025;0;0
54.45;MPIB3;0.00154321;0;0;0
54.45;MPIB2;0;0;0;0
54.45;MPIB1;0;0;0;0.001736111
54.5;MPIB4;0;0.0003375772;0;0
54.5;MPIB3;0.00154321;0;0;0
54.5;MPIB2;0;0;0;0
54.5;MPIB1;0;0;0;0.001736111
54.55;MPIB4;0;0.0003375772;0;0
54.55;MPIB3;0.00154321;0;0;0
54.55;MPIB2;0;0;0;0
54.55;MPIB1;0;0;0;0.00154321
54.6;MPIB4;0;0.0003375772;0;0
54.6;MPIB3;0.00154321;0;0;0
54.6;MPIB2;0;0;0;0
54.6;MPIB1;0;0;0;0.001350309
54.65;MPIB4;0;0.0003375772;0;0
54.65;MPIB3;0.00154321;0;0;0
54.65;MPIB2;0;0;0;0
54.65;MPIB1;0;0;0;0.001060957
54.7;MPIB4;0;0.0003375772;0;0
54.7;MPIB3;0.00154321;0;0;0
54.7;MPIB2;0;0;0;0
54.7;MPIB1;0;0;0;0.0009645062
54.75;MPIB4;0;0.0003375772;0;0
54.75;MPIB3;0.00154321;0;0;0
54.75;MPIB2;0;0;0;0
54.75;MPIB1;0;0;0;0.001012731
54.8;MPIB4;0;0.0003375772;0;0
54.8;MPIB3;0.00154321;0;0;0
54.8;MPIB2;0;0;0;0
54.8;MPIB1;0;0;0;0.001157407
54.85;MPIB4;0;0.0003858025;0;0
54.85;MPIB3;0.00154321;0;0;0
54.85;MPIB2;0;0;0;0
54.85;MPIB1;0;0;0;0.001157407
54.9;MPIB4;0;0.0003858025;0;0
54.9;MPIB3;0.00154321;0;0;0
54.9;MPIB2;0;0;0;0
54.9;MPIB1;0;0;0;0.001205633
54.95;MPIB4;0;0.0004340278;0;0
54.95;MPIB3;0.00154321;0;0;0
54.95;MPIB2;0;0;0;0
54.95;MPIB1;0;0;0;0.001302083
55;MPIB4;0;0.0004822531;0;0
55;MPIB3;0.00154321;0;0;0
55;MPIB2;0;0;0;0
55;MPIB1;0;0;0;0.001494985
55.05;MPIB4;0;0.0004340278;0;0
55.05;MPIB3;0.001591435;0;0;0
55.05;MPIB2;0;0;0;0
55.05;MPIB1;0;0;0;0.001687886
55.1;MPIB4;0;0.0003858025;0;0
55.1;MPIB3;0.00154321;0;0;0
55.1;MPIB2;0;0;0;0
55.1;MPIB1;0;0;0;0.001832562
55.15;MPIB4;0;0.0004340278;0;0
55.15;MPIB3;0.00154321;0;0;0
55.15;MPIB2;0;0;0;0
55.15;MPIB1;0;0;0;0.001929012
55.2;MPIB4;0;0.0003858025;0;0
55.2;MPIB3;0.0008198302;0;0;0
55.2;MPIB2;0;0;0;0
55.2;MPIB1;0;0;0;0.001977238
55.25;MPIB4;0;0.0004340278;0;0
55.25;MPIB3;0.0002411265;0;0;0
55.25;MPIB2;0;0;0;0
55.25;MPIB1;0;0;0;0.001929012
55.3;MPIB4;0;0.0004340278;0;0
55.3;MPIB3;4.822531E-05;0;0;0
55.3;MPIB2;0;0;0;0
55.3;MPIB1;0;0;0;0.001929012
55.35;MPIB4;0;0.0004340278;0;0
55.35;MPIB3;4.822531E-05;0;0;0
55.35;MPIB2;0;0;0;0
55.35;MPIB1;0;0;0;0.001929012
55.4;MPIB4;0;0.0004340278;0;0
55.4;MPIB3;0;0;0;0
55.4;MPIB2;0;0;0;0
55.4;MPIB1;0;0;0;0.001929012
55.45;MPIB4;0;0.0004340278;0;0
55.45;MPIB3;4.822531E-05;0;0;0
55.45;MPIB2;0;0;0;0
55.45;MPIB1;0;0;0;0.002170139
55.5;MPIB4;0;0.0004340278;0;0
55.5;MPIB3;0;0;0;0
55.5;MPIB2;0;0;0;0
55.5;MPIB1;0;0;0;0.001736111
55.55;MPIB4;0;0.0004340278;0;0
55.55;MPIB3;0;0;0;0
55.55;MPIB2;0;0;0;0
55.55;MPIB1;0;0;0;0.001880787
55.6;MPIB4;0;0.0004340278;0;0
55.6;MPIB3;0;0;0;0
55.6;MPIB2;0;0;0;0
55.6;MPIB1;0;0;0;0.001880787
55.65;MPIB4;0;0.0004340278;0;0
55.65;MPIB3;0;0;0;0
55.65;MPIB2;0;0;0;0
55.65;MPIB1;0;0;0;0.001880787
55.7;MPIB4;0;0.0004340278;0;0
55.7;MPIB3;0;0;0;0
55.7;MPIB2;0;0;0;0
55.7;MPIB1;0;0;0;0.001880787
55.75;MPIB4;0;0.0004340278;0;0
55.75;MPIB3;0;0;0;0
55.75;MPIB2;0;0;0;0
55.75;MPIB1;0;0;0;0.001880787
55.8;MPIB4;0;0.0004340278;0;0
55.8;MPIB3;0;0;0;0
55.8;MPIB2;0;0;0;0
55.8;MPIB1;0;0;0;0.001784336
55.85;MPIB4;0;0.0004340278;0;0
55.85;MPIB3;0;0;0;0
55.85;MPIB2;0;0;0;0
55.85;MPIB1;0;0;0;0.001736111
55.9;MPIB4;0;0.0004340278;0;0
55.9;MPIB3;0;0;0;0
55.9;MPIB2;0;0;0;0
55.9;MPIB1;0;0;0;0.002411265
55.95;MPIB4;0;0.0004340278;0;0
55.95;MPIB3;0;0;0;0
55.95;MPIB2;0;0;0;0
55.95;MPIB1;0;0;0;0
56;MPIB4;0;0.0003375772;0;0
56;MPIB3;0;0;0;0
56;MPIB2;0;0;0;0
56;MPIB1;0;0;0;0
56.05;MPIB4;0;0.0003858025;0;0
56.05;MPIB3;0;0;0;0
56.05;MPIB2;0;0;0;0
56.05;MPIB1;0;0;0;0
56.1;MPIB4;0;0.0003858025;0;0
56.1;MPIB3;0;0;0;0
56.1;MPIB2;0;0;0;0
56.1;MPIB1;0;0;0;0
56.15;MPIB4;0;0.0003375772;0;0
56.15;MPIB3;0;0;0;0
56.15;MPIB2;0;0;0;0
56.15;MPIB1;0;0;0;0
56.2;MPIB4;0;0.0003375772;0;0
56.2;MPIB3;0;0;0;0
56.2;MPIB2;0;0;0;0
56.2;MPIB1;0;0;0;0
56.25;MPIB4;0;0.0003375772;0;0
56.25;MPIB3;0;0;0;0
56.25;MPIB2;0;0;0;0
56.25;MPIB1;0;0;0;0
56.3;MPIB4;0;0.0003375772;0;0
56.3;MPIB3;0;0;0;0
56.3;MPIB2;0;0;0;0
56.3;MPIB1;0;0;0;0
56.35;MPIB4;0;0.0003375772;0;0
56.35;MPIB3;0;0;0;0
56.35;MPIB2;0;0;0;0
56.35;MPIB1;0;0;0;0
56.4;MPIB4;0;0.0003375772;0;0
56.4;MPIB3;0;0;0;0
56.4;MPIB2;0;0;0;0
56.4;MPIB1;0;0;0;0
56.45;MPIB4;0;0.0003375772;0;0
56.45;MPIB3;0;0;0;0
56.45;MPIB2;0;0;0;0
56.45;MPIB1;0;0;0;0
56.5;MPIB4;0;0.0003375772;0;0
56.5;MPIB3;0;0;0;0
56.5;MPIB2;0;0;0;0
56.5;MPIB1;0;0;0;0
56.55;MPIB4;0;0.0003375772;0;0
56.55;MPIB3;0;0;0;0
56.55;MPIB2;0;0;0;0
56.55;MPIB1;0;0;0;0
56.6;MPIB4;0;0.0003375772;0;0
56.6;MPIB3;0;0;0;0
56.6;MPIB2;0;0;0;0
56.6;MPIB1;0;0;0;0
56.65;MPIB4;0;0.0003375772;0;0
56.65;MPIB3;0;0;0;0
56.65;MPIB2;0;0;0;0
56.65;MPIB1;0;0;0;0
56.7;MPIB4;0;0.0003375772;0;0
56.7;MPIB3;0;0;0;0
56.7;MPIB2;0;0;0;0
56.7;MPIB1;0;0;0;0
56.75;MPIB4;0;0.0001446759;0;0
56.75;MPIB3;0;0;0;0
56.75;MPIB2;0;0;0;0
56.75;MPIB1;0;0;0;0
56.8;MPIB4;0;4.822531E-05;0;0
56.8;MPIB3;0;0;0;0
56.8;MPIB2;0;0;0;0
56.8;MPIB1;0;0;0;0
56.85;MPIB4;0;9.645062E-05;0;0
56.85;MPIB3;0;0;0;0
56.85;MPIB2;0;0;0;0
56.85;MPIB1;0;0;0;0
56.9;MPIB4;0;4.822531E-05;0;0
56.9;MPIB3;0;0;0;0
56.9;MPIB2;0;0;0;0
56.9;MPIB1;0;0;0;0
56.95;MPIB4;0;0.0001446759;0;0
56.95;MPIB3;0;0;0;0
56.95;MPIB2;0;0;0;0
56.95;MPIB1;0;0;0;0
57;MPIB4;0;9.645062E-05;0;0
57;MPIB3;0;0;0;0
57;MPIB2;0;0;0;0
57;MPIB1;0;0;0;0
57.05;MPIB4;0;9.645062E-05;0;0
57.05;MPIB3;0;0;0;0
57.05;MPIB2;0;0;0;0
57.05;MPIB1;0;0;0;0
57.1;MPIB4;0;0.0002411265;0;0
57.1;MPIB3;0;0;0;0
57.1;MPIB2;0;0;0;0
57.1;MPIB1;0;0;0;0
57.15;MPIB4;0;9.645062E-05;0;0
57.15;MPIB3;0;0;0;0
57.15;MPIB2;0;0;0;0
57.15;MPIB1;0;0;0;0
57.2;MPIB4;0;9.645062E-05;0;0
57.2;MPIB3;0;0;0;0
57.2;MPIB2;0;0;0;0
57.2;MPIB1;0;0;0;0
57.25;MPIB4;0;0.0003375772;0;0
57.25;MPIB3;0;0;0;0
57.25;MPIB2;0;0;0;0
57.25;MPIB1;0;0;0;0
57.3;MPIB4;0;0.0004340278;0;0
57.3;MPIB3;0;0;0;0
57.3;MPIB2;0;0;0;0
57.3;MPIB1;0;0;0;0
57.35;MPIB4;0;0.0001446759;0;0
57.35;MPIB3;0;0;0;0
57.35;MPIB2;0;0;0;0
57.35;MPIB1;0;0;0;0
57.4;MPIB4;0;0.0002893519;0;0
57.4;MPIB3;0;0;0;0
57.4;MPIB2;0;0;0;0
57.4;MPIB1;0;0;0;0
57.45;MPIB4;0;0.0002893519;0;0
57.45;MPIB3;0;0;0;0
57.45;MPIB2;0;0;0;0
57.45;MPIB1;0;0;0;0
57.5;MPIB4;0;0.0003375772;0;0
57.5;MPIB3;0;0;0;0
57.5;MPIB2;0;0;0;0
57.5;MPIB1;0;0;0;0
57.55;MPIB4;0;0.0003858025;0;0
57.55;MPIB3;0;0;0;0
57.55;MPIB2;0;0;0;0
57.55;MPIB1;0;0;0;0
57.6;MPIB4;0;0.0004340278;0;0
57.6;MPIB3;0;0;0;0
57.6;MPIB2;0;0;0;0
57.6;MPIB1;0;0;0;0
57.65;MPIB4;0;0.0004340278;0;0
57.65;MPIB3;0;0;0;0
57.65;MPIB2;0;0;0;0
57.65;MPIB1;0;0;0;0
57.7;MPIB4;0;0.0004822531;0;0
57.7;MPIB3;0;0;0;0
57.7;MPIB2;0;0;0;0
57.7;MPIB1;0;0;0;0
57.75;MPIB4;0;0.0004822531;0;0
57.75;MPIB3;0;0;0;0
57.75;MPIB2;0;0;0;0
57.75;MPIB1;0;0;0;0
57.8;MPIB4;0;0.0005304784;0;0
57.8;MPIB3;0;0;0;0
57.8;MPIB2;0;0;0;0
57.8;MPIB1;0;0;0;0
57.85;MPIB4;0;0.0005304784;0;0
57.85;MPIB3;0;0;0;0
57.85;MPIB2;0;0;0;0
57.85;MPIB1;0;0;0;0
57.9;MPIB4;0;0.0004340278;0;0
57.9;MPIB3;0;0;0;0
57.9;MPIB2;0;0;0;0
57.9;MPIB1;0;0;0;0
57.95;MPIB4;0;0.0004822531;0;0
57.95;MPIB3;0;0;0;0
57.95;MPIB2;0;0;0;0
57.95;MPIB1;0;0;0;0
58;MPIB4;0;0.0004340278;0;0
58;MPIB3;0;0;0;0
58;MPIB2;0;0;0;0
58;MPIB1;0;0;0;0
58.05;MPIB4;0;0.0004340278;0;0
58.05;MPIB3;0;0;0;0
58.05;MPIB2;0;0;0;0
58.05;MPIB1;0;0;0;0
58.1;MPIB4;0;0.0004822531;0;0
58.1;MPIB3;0.0005787037;0;0;0
58.1;MPIB2;0;0;0;0
58.1;MPIB1;0;0;0;0
58.15;MPIB4;0;0.0004340278;0;0
58.15;MPIB3;0;0;0;0
58.15;MPIB2;0;0;0;0
58.15;MPIB1;0;0;0;0
58.2;MPIB4;0;0.0004340278;0;0
58.2;MPIB3;0;0;0;0
58.2;MPIB2;0;0;0;0
58.2;MPIB1;0;0;0;0
58.25;MPIB4;0;0.0004822531;0;0
58.25;MPIB3;0;0;0;0
58.25;MPIB2;0;0;0;0
58.25;MPIB1;0;0;0;0
58.3;MPIB4;0;0.0005304784;0;0
58.3;MPIB3;0;0;0;0
58.3;MPIB2;0;0;0;0
58.3;MPIB1;0;0;0;0
58.35;MPIB4;0;0.0005304784;0;0
58.35;MPIB3;0;0;0;0
58.35;MPIB2;0;0;0;0
58.35;MPIB1;0;0;0;0
58.4;MPIB4;0;0.0005304784;0;0
58.4;MPIB3;0;0;0;0
58.4;MPIB2;0;0;0;0
58.4;MPIB1;0;0;0;0
58.45;MPIB4;0;0.0005304784;0;0
58.45;MPIB3;0;0;0;0
58.45;MPIB2;0;0;0;0
58.45;MPIB1;0;0;0;0
58.5;MPIB4;0;0.0005304784;0;0
58.5;MPIB3;0;0;0;0
58.5;MPIB2;0;0;0;0
58.5;MPIB1;0;0;0;0
58.55;MPIB4;0;0.0005304784;0;0
58.55;MPIB3;0;0;0;0
58.55;MPIB2;0;0;0;0
58.55;MPIB1;0;0;0;0
58.6;MPIB4;0;0.0005304784;0;0
58.6;MPIB3;0;0;0;0
58.6;MPIB2;0;0;0;0
58.6;MPIB1;0;0;0;0
58.65;MPIB4;0;0.0005304784;0;0
58.65;MPIB3;0;0;0;0
58.65;MPIB2;0;0;0;0
58.65;MPIB1;0;0;0;0
58.7;MPIB4;0;0.0005304784;0;0
58.7;MPIB3;0;0;0;0
58.7;MPIB2;0;0;0;0
58.7;MPIB1;0;0;0;0
58.75;MPIB4;0;0.0005304784;0;0
58.75;MPIB3;0;0;0;0
58.75;MPIB2;0;0;0;0
58.75;MPIB1;0;0;0;0
58.8;MPIB4;0;0.0005304784;0;0
58.8;MPIB3;0;0;0;0
58.8;MPIB2;0;0;0;0
58.8;MPIB1;0;0;0;0
58.85;MPIB4;0;0.0005304784;0;0
58.85;MPIB3;0;0;0;0
58.85;MPIB2;0;0;0;0
58.85;MPIB1;0;0;0;0
58.9;MPIB4;0;0.0005304784;0;0
58.9;MPIB3;0;0;0;0
58.9;MPIB2;0;0;0;0
58.9;MPIB1;0;0;0;0
58.95;MPIB4;0;0.0005304784;0;0
58.95;MPIB3;0;0;0;0
58.95;MPIB2;0;0;0;0
58.95;MPIB1;0;0;0;0.005497685
59;MPIB4;0;0.0005304784;0;0
59;MPIB3;0;0;0;0
59;MPIB2;0;0;0;0
59;MPIB1;0;0;0;0.001929012
59.05;MPIB4;0;0.0005304784;0;0
59.05;MPIB3;0;0;0;0
59.05;MPIB2;0;0;0;0
59.05;MPIB1;0;0;0;0.001977238
59.1;MPIB4;0;0.0005304784;0;0
59.1;MPIB3;0;0;0;0
59.1;MPIB2;0;0;0;0
59.1;MPIB1;0;0;0;0.001832562
59.15;MPIB4;0;0.0005304784;0;0
59.15;MPIB3;0;0;0;0
59.15;MPIB2;0;0;0;0
59.15;MPIB1;0;0;0;0.001929012
59.2;MPIB4;0;0.0005304784;0;0
59.2;MPIB3;0;0;0;0
59.2;MPIB2;0;0;0;0
59.2;MPIB1;0;0.0005304784;0;0.002652392
59.25;MPIB4;0;0.0005304784;0;0
59.25;MPIB3;0;0;0;0
59.25;MPIB2;0;0;0;0
59.25;MPIB1;0;0.0004822531;0;0.00617284
59.3;MPIB4;0;0.0005304784;0;0
59.3;MPIB3;0;0;0;0
59.3;MPIB2;0;0;0;0
59.3;MPIB1;0;0.0004822531;0;0.0006751543
59.35;MPIB4;0;0.0005304784;0;0
59.35;MPIB3;0;0;0;0
59.35;MPIB2;0;0;0;0
59.35;MPIB1;0;0.0004822531;0.0008198302;0
59.4;MPIB4;0;0.0005304784;0;0
59.4;MPIB3;0;0;0;0
59.4;MPIB2;0;0;0;0
59.4;MPIB1;0;9.645062E-05;0;0
59.45;MPIB4;0;0.0005304784;0;0
59.45;MPIB3;0;0;0;0
59.45;MPIB2;0;0;0;0
59.45;MPIB1;0;0;0;0
59.5;MPIB4;0;0.0005304784;0;0
59.5;MPIB3;0;0;0;0
59.5;MPIB2;0;0;0;0
59.5;MPIB1;0;0;0;0
59.55;MPIB4;0;0.0005304784;0;0
59.55;MPIB3;0;0;0;0
59.55;MPIB2;0;0;0;0
59.55;MPIB1;0;0;0;0
59.6;MPIB4;0;0.0005304784;0;0
59.6;MPIB3;0;0;0;0
59.6;MPIB2;0;0;0;0
59.6;MPIB1;0;0;0;0
59.65;MPIB4;0;0.0002411265;0;0
59.65;MPIB3;0;0;0;0
59.65;MPIB2;0;0;0;0
59.65;MPIB1;0;0;9.645062E-05;0
59.7;MPIB4;0;0.0003375772;0;0
59.7;MPIB3;0;0;0;0
59.7;MPIB2;0;0;0;0
59.7;MPIB1;0;0;0.0001929012;0
59.75;MPIB4;0;0.0002893519;0;0
59.75;MPIB3;0;0;0;0
59.75;MPIB2;0;0;0;0
59.75;MPIB1;0;0.0001446759;9.645062E-05;0
59.8;MPIB4;0;0.0002411265;0;0
59.8;MPIB3;0;0;0;0
59.8;MPIB2;0;0;0;0
59.8;MPIB1;0;0.0001446759;0.0001929012;0
59.85;MPIB4;0;0.0002411265;0;0
59.85;MPIB3;0;0;0;0
59.85;MPIB2;0;0;0;0
59.85;MPIB1;0;0.0003375772;0.0002411265;0
59.9;MPIB4;0;0.0003375772;0;0
59.9;MPIB3;0;0;0;0
59.9;MPIB2;0;0;0;0
59.9;MPIB1;0;9.645062E-05;0.0002893519;0
59.95;MPIB4;0;0.0002411265;0;0
59.95;MPIB3;0;0;0;0
59.95;MPIB2;0;0;0;0
59.95;MPIB1;0;9.645062E-05;0.0001446759;0
60;MPIB4;0;0.0001929012;0;0
60;MPIB3;0;0;0;0
60;MPIB2;0;0;0;0
60;MPIB1;0;0.0001446759;0.0001446759;0
60.05;MPIB4;0;0.0001929012;0;0
60.05;MPIB3;0;0;0;0
60.05;MPIB2;0;0;0;0
60.05;MPIB1;0;0.0002893519;0.0001446759;0
60.1;MPIB4;0;0.0001929012;0;0
60.1;MPIB3;0;0;0;0
60.1;MPIB2;0;0;0;0
60.1;MPIB1;0;0.0002411265;9.645062E-05;0
60.15;MPIB4;0;0.0001929012;0;0
60.15;MPIB3;0;0;0;0
60.15;MPIB2;0;0;0;0
60.15;MPIB1;0;0.0002411265;0.0001929012;0
60.2;MPIB4;0;0.0001929012;0;0
60.2;MPIB3;0;0;0;0
60.2;MPIB2;0;0;0;0
60.2;MPIB1;0;0.0002411265;0.0002893519;0
60.25;MPIB4;0;0.0003858025;0;0
60.25;MPIB3;0;0;0;0
60.25;MPIB2;0;0;0;0
60.25;MPIB1;0;0.0001929012;0.0001929012;0
60.3;MPIB4;0;0.0003375772;0;0
60.3;MPIB3;0;0;0;0
60.3;MPIB2;0;0;0;0
60.3;MPIB1;0;0.0002893519;9.645062E-05;0
60.35;MPIB4;0;0.0004822531;0;0
60.35;MPIB3;0;0;0;0
60.35;MPIB2;0;0;0;0
60.35;MPIB1;0;0.0003858025;0.0001929012;0
60.4;MPIB4;0;0.0004822531;0;0
60.4;MPIB3;0;0;0;0
60.4;MPIB2;0;0;0.0005787037;0
60.4;MPIB1;0;0.0002893519;0.0002893519;0
60.45;MPIB4;0;0.0005304784;0;0
60.45;MPIB3;0;0;0;0
60.45;MPIB2;0;0;0.00154321;0
60.45;MPIB1;0;0.0003858025;0.0001446759;0
60.5;MPIB4;0;0.0004822531;0;0
60.5;MPIB3;0;0;0;0
60.5;MPIB2;0;0;0.00154321;0
60.5;MPIB1;0;0.0003375772;9.645062E-05;0
60.55;MPIB4;0;0.0004822531;0;0
60.55;MPIB3;0;0;0;0
60.55;MPIB2;0;0;0.001736111;0
60.55;MPIB1;0;0.0002411265;0.0002893519;0
60.6;MPIB4;0;0.0005304784;0;0
60.6;MPIB3;0;0;0;0
60.6;MPIB2;0;0;0.001880787;0
60.6;MPIB1;0;0.0003375772;0.0002893519;0
60.65;MPIB4;0;0.0005304784;0;0
60.65;MPIB3;0;0;0;0
60.65;MPIB2;0;0;0.001929012;0
60.65;MPIB1;0;0.0004340278;0.0002893519;0
60.7;MPIB4;0;0.0005787037;0;0
60.7;MPIB3;0;0;0;0
60.7;MPIB2;0;0;0.002025463;0
60.7;MPIB1;0;0.0004340278;0.0002893519;0
60.75;MPIB4;0;0.0005304784;0;0
60.75;MPIB3;0;0;0;0
60.75;MPIB2;0;0;0.002025463;0
60.75;MPIB1;0;0.0003858025;0.0002893519;0
60.8;MPIB4;0;0.0005304784;0;0
60.8;MPIB3;0;0;0;0
60.8;MPIB2;0;0;0.002025463;0
60.8;MPIB1;0;0.0003858025;0.0002893519;0
60.85;MPIB4;0;0.0005787037;0;0
60.85;MPIB3;0;0;0;0
60.85;MPIB2;0;0;0.002025463;0
60.85;MPIB1;0;0.0004340278;0.0002893519;0
60.9;MPIB4;0;0.0004822531;0;0
60.9;MPIB3;0;0;0;0
60.9;MPIB2;0;0;0.002025463;0
60.9;MPIB1;0;0.0004340278;0.0002893519;0
60.95;MPIB4;0;0.0005304784;0;0
60.95;MPIB3;0;0;0;0
60.95;MPIB2;0;0;0.002025463;0
60.95;MPIB1;0;0.0001929012;0.0004822531;0
61;MPIB4;0;0.0005787037;0;0
61;MPIB3;0;0;0;0
61;MPIB2;0;0;0.002025463;0
61;MPIB1;0;0.0002893519;0.0005787037;0
61.05;MPIB4;0;0.0005304784;0;0
61.05;MPIB3;0;0;0;0
61.05;MPIB2;0;0;0.002025463;0
61.05;MPIB1;0;0.0002893519;0.0005787037;0
61.1;MPIB4;0;0.0005304784;0;0
61.1;MPIB3;0;0;0;0
61.1;MPIB2;0;0;0.002025463;0
61.1;MPIB1;0;0.0003858025;0.0004822531;0
61.15;MPIB4;0;0.0005787037;0;0
61.15;MPIB3;0;0;0;0
61.15;MPIB2;0;0;0.002025463;0
61.15;MPIB1;0;0.0003375772;0.0005304784;0
61.2;MPIB4;0;0.0005787037;0;0
61.2;MPIB3;0;0;0;0
61.2;MPIB2;0;0;0.002025463;0
61.2;MPIB1;0;0.0003375772;0.000626929;0
61.25;MPIB4;0;0.0005787037;0;0
61.25;MPIB3;0;0;0;0
61.25;MPIB2;0;0;0.002025463;0
61.25;MPIB1;0;0.0003375772;0.0005304784;0
61.3;MPIB4;0;0.0005787037;0;0
61.3;MPIB3;0;0;0;0
61.3;MPIB2;0;0;0.002025463;0
61.3;MPIB1;0;0.0003375772;0.0005304784;0
61.35;MPIB4;0;0.0005787037;0;0
61.35;MPIB3;0;0;0;0
61.35;MPIB2;0;0;0.002025463;0
61.35;MPIB1;0;0.0003858025;0.000626929;0
61.4;MPIB4;0;0.0005787037;0;0
61.4;MPIB3;0;0;0;0
61.4;MPIB2;0;0;0.001350309;0
61.4;MPIB1;0;0.0003858025;0.0004340278;0
61.45;MPIB4;0;0.0005787037;0;0
61.45;MPIB3;0;0;0;0
61.45;MPIB2;0;0;0.001350309;0
61.45;MPIB1;0;0.0003858025;0.0003858025;0
61.5;MPIB4;0;0.0005787037;0;0
61.5;MPIB3;0;0;0;0
61.5;MPIB2;0;0;0.001302083;0
61.5;MPIB1;0;0.0004340278;0.0003375772;0
61.55;MPIB4;0;0.0005787037;0;0
61.55;MPIB3;0;0;0;0
61.55;MPIB2;0;0;0.001446759;0
61.55;MPIB1;0;0.0004340278;0.0003375772;0
61.6;MPIB4;0;0.0005787037;0;0
61.6;MPIB3;0;0;0;0
61.6;MPIB2;0;0;0.00154321;0
61.6;MPIB1;0;0.0004340278;0.0003375772;0
61.65;MPIB4;0;0.0005787037;0;0
61.65;MPIB3;0;0;0;0
61.65;MPIB2;0;0;0.001494985;0
61.65;MPIB1;0;0.0004822531;0.0005304784;0
61.7;MPIB4;0;0.0005787037;0;0
61.7;MPIB3;0;0;0;0
61.7;MPIB2;0;0;0.00163966;0
61.7;MPIB1;0;0.0004822531;0.0004822531;0
61.75;MPIB4;0;0.0005787037;0;0
61.75;MPIB3;0;0;0;0
61.75;MPIB2;0;0;0.001736111;0
61.75;MPIB1;0;0.0004822531;0.0007716049;0
61.8;MPIB4;0;0.0005787037;0;0
61.8;MPIB3;0;0;0;0
61.8;MPIB2;0;0;0.001494985;0
61.8;MPIB1;0;0.0004340278;0.0005304784;0
61.85;MPIB4;0;0.0005787037;0;0
61.85;MPIB3;0;0;0;0
61.85;MPIB2;0;0;0.001880787;0
61.85;MPIB1;0;0.0002893519;0.000626929;0
61.9;MPIB4;0;0.0005787037;0;0
61.9;MPIB3;0;0;0;0
61.9;MPIB2;0;0;0.002025463;0
61.9;MPIB1;0;0.0003375772;0.0006751543;0
61.95;MPIB4;0;0.0005787037;0;0
61.95;MPIB3;0;0;0;0
61.95;MPIB2;0;0;0.001736111;0
61.95;MPIB1;0;0.0003858025;0.0005304784;0
62;MPIB4;0;0.0005787037;0;0
62;MPIB3;0;0;0;0
62;MPIB2;0;0;0.001977238;0
62;MPIB1;0;0.0003858025;4.822531E-05;0
62.05;MPIB4;0;0.0005787037;0;0
62.05;MPIB3;0;0;0;0
62.05;MPIB2;0;0;0.001736111;0
62.05;MPIB1;0;0.0003858025;0;0
62.1;MPIB4;0;0.0005787037;0;0
62.1;MPIB3;0;0;0;0
62.1;MPIB2;0;0;0.001494985;0
62.1;MPIB1;0;0.0003858025;0;0
62.15;MPIB4;0;0.0005787037;0;0
62.15;MPIB3;0;0;0;0
62.15;MPIB2;0;0;0.001157407;0
62.15;MPIB1;0;0.0003858025;0;0
62.2;MPIB4;0;0.000626929;0;0
62.2;MPIB3;0;0;0;0
62.2;MPIB2;0;0;0.0008198302;0
62.2;MPIB1;0;0.0004340278;0;0
62.25;MPIB4;0;0.0007233796;0;0
62.25;MPIB3;0;0;0;0
62.25;MPIB2;0;0;0.0004822531;0
62.25;MPIB1;0;0.0004340278;0;0
62.3;MPIB4;0;0.000626929;0;0
62.3;MPIB3;0;0;0;0
62.3;MPIB2;0;0;0.0002893519;0
62.3;MPIB1;0;0.0004340278;0;0
62.35;MPIB4;0;0.000626929;0;0
62.35;MPIB3;0;0;0;0
62.35;MPIB2;0;0;9.645062E-05;0
62.35;MPIB1;0;0.0004822531;0;0
62.4;MPIB4;0;0.0006751543;0;0
62.4;MPIB3;0;0;0;0
62.4;MPIB2;0;0;0;0
62.4;MPIB1;0;0.0005304784;0;0
62.45;MPIB4;0;0.000626929;0;0
62.45;MPIB3;0;0;0;0
62.45;MPIB2;0;0;0;0
62.45;MPIB1;0;0.0004340278;0;0
62.5;MPIB4;0;0.0006751543;0;0
62.5;MPIB3;0;0;0;0
62.5;MPIB2;0;0;0;0
62.5;MPIB1;0;0.0005304784;0;0
62.55;MPIB4;0;0.0006751543;0;0
62.55;MPIB3;0;0;0;0
62.55;MPIB2;0;0;0;0
62.55;MPIB1;0;0.0005304784;0;0
62.6;MPIB4;0;0.000626929;0;0
62.6;MPIB3;0;0;0;0
62.6;MPIB2;0;0;0;0
62.6;MPIB1;0;0.0005787037;0;0
62.65;MPIB4;0;0.0003858025;0;0
62.65;MPIB3;0;0;0;0
62.65;MPIB2;0;0;0;0
62.65;MPIB1;0;0.0002411265;0;0
62.7;MPIB4;0;0.0002893519;0;0
62.7;MPIB3;0;0;0;0
62.7;MPIB2;0;0;0;0
62.7;MPIB1;0;0.0002411265;0;0
62.75;MPIB4;0;0.0002893519;0;0
62.75;MPIB3;0;0;0;0
62.75;MPIB2;0;0;0;0
62.75;MPIB1;0;0.0002893519;0;0
62.8;MPIB4;0;0.0003375772;0;0
62.8;MPIB3;0;0;0;0
62.8;MPIB2;0;0;4.822531E-05;0
62.8;MPIB1;0;0.0003375772;0;0
62.85;MPIB4;0;0.0004340278;0;0
62.85;MPIB3;0;0;0;0
62.85;MPIB2;0;0;4.822531E-05;0
62.85;MPIB1;0;0.0001929012;0;0
62.9;MPIB4;0;0.0003858025;0;0
62.9;MPIB3;0;0;0;0
62.9;MPIB2;0;0;4.822531E-05;0
62.9;MPIB1;0;0.0002411265;0;0
62.95;MPIB4;0;0.0004822531;0;0
62.95;MPIB3;0;0;0;0
62.95;MPIB2;0;0;4.822531E-05;0
62.95;MPIB1;0;0.0003375772;0;0
63;MPIB4;0;0.0003858025;0;0
63;MPIB3;0;0;0;0
63;MPIB2;0;0;0.001302083;0
63;MPIB1;0;0.0002411265;0;0
63.05;MPIB4;0;0.0005304784;0;0
63.05;MPIB3;0;0;0;0
63.05;MPIB2;0;0;0.0005787037;0
63.05;MPIB1;0;0.0003375772;0;0
63.1;MPIB4;0;0.0004340278;0;0
63.1;MPIB3;0;0;0;0
63.1;MPIB2;0;0;0.0004340278;0
63.1;MPIB1;0;0.0002893519;0;0
63.15;MPIB4;0;0.0003858025;0;0
63.15;MPIB3;0;0;0;0
63.15;MPIB2;0;0;0.0004822531;0
63.15;MPIB1;0;0.0004340278;0;0
63.2;MPIB4;0;0.0004822531;0;0
63.2;MPIB3;0;0;0;0
63.2;MPIB2;0;0;0.0004340278;0
63.2;MPIB1;0;0.0003858025;0;0
63.25;MPIB4;0;0.0005304784;0;0
63.25;MPIB3;0;0;0;0
63.25;MPIB2;0;0;0.0004340278;0
63.25;MPIB1;0;0.0004822531;0;0
63.3;MPIB4;0;0.0004822531;0;0
63.3;MPIB3;0;0;0;0
63.3;MPIB2;0;0;0.0003858025;0
63.3;MPIB1;0;0.0006751543;0;0
63.35;MPIB4;0;0.0004822531;0;0
63.35;MPIB3;0;0;0;0
63.35;MPIB2;0;0;0.0004340278;0
63.35;MPIB1;0;0.0006751543;0;0
63.4;MPIB4;0;0.0005787037;0;0
63.4;MPIB3;0;0;0;0
63.4;MPIB2;0;0;0.0002893519;0
63.4;MPIB1;0;0.0006751543;0;0
63.45;MPIB4;0;0.0005787037;0;0
63.45;MPIB3;0;0;0;0
63.45;MPIB2;0;0;0.0002893519;0
63.45;MPIB1;0;0.000626929;0;0
63.5;MPIB4;0;0.0004822531;0;0
63.5;MPIB3;0;0;0;0
63.5;MPIB2;0;0;0.0002893519;0
63.5;MPIB1;0;0.0006751543;0;0
63.55;MPIB4;0;0.0005787037;0;0
63.55;MPIB3;0;0;0;0
63.55;MPIB2;0;0;0.0002893519;0
63.55;MPIB1;0;0.0008680556;0;0
63.6;MPIB4;0;0.0005304784;0;0
63.6;MPIB3;0;0;0;0
63.6;MPIB2;0;0;0.0002893519;0
63.6;MPIB1;0;0.0008680556;0;0
63.65;MPIB4;0;0.0005787037;0;0
63.65;MPIB3;0;0;0;0
63.65;MPIB2;0;0;0.0003858025;0
63.65;MPIB1;0;0.0007233796;0;0
63.7;MPIB4;0;0.0005787037;0;0
63.7;MPIB3;0;0;0;0
63.7;MPIB2;0;0;0.0003858025;0
63.7;MPIB1;0;0.0007233796;0;0
63.75;MPIB4;0;0.0005787037;0;0
63.75;MPIB3;0;0;0;0
63.75;MPIB2;0;0;0.0003858025;0
63.75;MPIB1;0;0.0008680556;0;0
63.8;MPIB4;0;0.0004822531;0;0
63.8;MPIB3;0;0;0;0
63.8;MPIB2;0;0;0.0003858025;0
63.8;MPIB1;0;0.0008680556;0;0
63.85;MPIB4;0;0.0004822531;0;0
63.85;MPIB3;0;0;0;0
63.85;MPIB2;0;0;0.0003858025;0
63.85;MPIB1;0;0.0008680556;0;0
63.9;MPIB4;0;0.0005304784;0;0
63.9;MPIB3;0;0;0;0
63.9;MPIB2;0;0;0.0003858025;0
63.9;MPIB1;0;0.001012731;0;0
63.95;MPIB4;0;0.0005787037;0;0
63.95;MPIB3;0;0;0;0
63.95;MPIB2;0;0;0.0003858025;0
63.95;MPIB1;0;0.0008198302;0;0
64;MPIB4;0;0.0005787037;0;0
64;MPIB3;0;0;0;0
64;MPIB2;0;0;0.0003858025;0
64;MPIB1;0;0.001109182;0;0
64.05;MPIB4;0;0.0005304784;0;0
64.05;MPIB3;0;0;0;0
64.05;MPIB2;0;0;0.0003858025;0
64.05;MPIB1;0;0.001109182;0;0
64.1;MPIB4;0;0.0005787037;0;0
64.1;MPIB3;0;0;0;0
64.1;MPIB2;0;0;0.0003858025;0
64.1;MPIB1;0;0.001012731;0;0
64.15;MPIB4;0;0.0005787037;0;0
64.15;MPIB3;0;0;0;0
64.15;MPIB2;0;0;0.0003858025;0
64.15;MPIB1;0;0.001060957;0;0
64.2;MPIB4;0;0.0005787037;0;0
64.2;MPIB3;0;0;0;0
64.2;MPIB2;0;0;0.0003858025;0
64.2;MPIB1;0;0.0009162808;0;0
64.25;MPIB4;0;0.0005787037;0;0
64.25;MPIB3;0;0;0;0
64.25;MPIB2;0;0;0.0003858025;0
64.25;MPIB1;0;0.0009162808;0;0
64.3;MPIB4;0;0.0005787037;0;0
64.3;MPIB3;0;0;0;0
64.3;MPIB2;0;0;0.0003858025;0
64.3;MPIB1;0;0.001157407;0;0
64.35;MPIB4;0;0.0005787037;0;0
64.35;MPIB3;0;0;0;0
64.35;MPIB2;0;0;4.822531E-05;0
64.35;MPIB1;0;0.001109182;0;0
64.4;MPIB4;0;0.0005787037;0;0
64.4;MPIB3;0;0;0;0
64.4;MPIB2;0;0;0;0
64.4;MPIB1;0;0.001157407;0;0
64.45;MPIB4;0;0.0005787037;0;0
64.45;MPIB3;0;0;0;0
64.45;MPIB2;0;0;4.822531E-05;0
64.45;MPIB1;0;0.001157407;0;0
64.5;MPIB4;0;0.0005304784;0;0
64.5;MPIB3;0;0;0;0
64.5;MPIB2;0;0;0;0
64.5;MPIB1;0;0.0009645062;0;0
64.55;MPIB4;0;0.0005304784;0;0
64.55;MPIB3;0;0;0;0
64.55;MPIB2;0;0;9.645062E-05;0
64.55;MPIB1;0;0.001253858;0;0
64.6;MPIB4;0;0.0005304784;0;0
64.6;MPIB3;0;0;0;0
64.6;MPIB2;0;0;0;0
64.6;MPIB1;0;0.001253858;0;0
64.65;MPIB4;0;0.0005304784;0;0
64.65;MPIB3;0;0;0;0
64.65;MPIB2;0;0;0;0
64.65;MPIB1;0;0.001253858;0;0
64.7;MPIB4;0;0.0005304784;0;0
64.7;MPIB3;0;0;0;0
64.7;MPIB2;0;0;4.822531E-05;0
64.7;MPIB1;0;0.001253858;0;0
64.75;MPIB4;0;0.0005787037;0;0
64.75;MPIB3;0;0;0;0
64.75;MPIB2;0;0;9.645062E-05;0
64.75;MPIB1;0;0.001494985;0;0
64.8;MPIB4;0;0.0005787037;0;0
64.8;MPIB3;0;0;0;0
64.8;MPIB2;0;0;9.645062E-05;0
64.8;MPIB1;0;0.001302083;0;0
64.85;MPIB4;0;0.0005304784;0;0
64.85;MPIB3;0;0;0;0
64.85;MPIB2;0;0;9.645062E-05;0
64.85;MPIB1;0;0.001687886;0;0
64.9;MPIB4;0;0.0005787037;0;0
64.9;MPIB3;0;0;0;0
64.9;MPIB2;0;0;9.645062E-05;0
64.9;MPIB1;0;0.001687886;0;0
64.95;MPIB4;0;0.0005787037;0;0
64.95;MPIB3;0;0;0;0
64.95;MPIB2;0;0;4.822531E-05;0
64.95;MPIB1;0;0.001736111;0;0
65;MPIB4;0;0.0005787037;0;0
65;MPIB3;0;0;0;0
65;MPIB2;0;0;9.645062E-05;0
65;MPIB1;0;0.001736111;0;0
65.05;MPIB4;0;0.0005304784;0;0
65.05;MPIB3;0;0;0;0
65.05;MPIB2;0;0;0.0001446759;0
65.05;MPIB1;0;0.001929012;0;0
65.1;MPIB4;0;0.0005787037;0;0
65.1;MPIB3;0;0;0;0
65.1;MPIB2;0;0;0.0001446759;0
65.1;MPIB1;0;0.001929012;0;0
65.15;MPIB4;0;0.0005304784;0;0
65.15;MPIB3;0;0;0;0
65.15;MPIB2;0;0;0.0001929012;0
65.15;MPIB1;0;0.001977238;0;0
65.2;MPIB4;0;0.000626929;0;0
65.2;MPIB3;0;0;0;0
65.2;MPIB2;0;0;0.0001929012;0
65.2;MPIB1;0;0.001977238;0;0
65.25;MPIB4;0;0.0005787037;0;0
65.25;MPIB3;0;0;0;0
65.25;MPIB2;0;0;0.0002411265;0
65.25;MPIB1;0;0.00163966;0;0
65.3;MPIB4;0;0.0007716049;0;0
65.3;MPIB3;0;0;0;0
65.3;MPIB2;0;0;0.0001929012;0
65.3;MPIB1;0;0.002121913;0;0
65.35;MPIB4;0;0.000626929;0;0
65.35;MPIB3;0;0;0;0
65.35;MPIB2;0;0;0.0002411265;0
65.35;MPIB1;0;0.00226659;0;0
65.4;MPIB4;0;0.0007716049;0;0
65.4;MPIB3;0;0;0;0
65.4;MPIB2;0;0;0.0002893519;0
65.4;MPIB1;0;0.002025463;0;0
65.45;MPIB4;0;0.0007716049;0;0
65.45;MPIB3;0;0;0;0
65.45;MPIB2;0;0;0.0002411265;0
65.45;MPIB1;0;0.002218364;0;0
65.5;MPIB4;0;0.0007716049;0;0
65.5;MPIB3;0;0;0;0
65.5;MPIB2;0;0;0.0001929012;0
65.5;MPIB1;0;0.002411265;0;0
65.55;MPIB4;0;0.0007716049;0;0
65.55;MPIB3;0;0;0;0
65.55;MPIB2;0;0;0.0001929012;0
65.55;MPIB1;0;0.002604167;0;0
65.6;MPIB4;0;0.0007716049;0;0
65.6;MPIB3;0;0;0;0
65.6;MPIB2;0;0;0.0001929012;0
65.6;MPIB1;0;0.00236304;0;0
65.65;MPIB4;0;0.0007716049;0;0
65.65;MPIB3;0;0;0;0
65.65;MPIB2;0;0;0.0001929012;0
65.65;MPIB1;0;0.002748843;0;0
65.7;MPIB4;0;0.0004822531;0;0
65.7;MPIB3;0;0;0;0
65.7;MPIB2;0;0;0;0
65.7;MPIB1;0;0.002218364;0;0
65.75;MPIB4;0;0.0004340278;0;0
65.75;MPIB3;0;0;0;0
65.75;MPIB2;0;0;9.645062E-05;0
65.75;MPIB1;0;0.002170139;0;0
65.8;MPIB4;0;0.0003375772;0;0
65.8;MPIB3;0;0;0;0
65.8;MPIB2;0;0;9.645062E-05;0
65.8;MPIB1;0;0.002218364;0;0
65.85;MPIB4;0;0.0004340278;0;0
65.85;MPIB3;0;0;0;0
65.85;MPIB2;0;0;0.0002893519;0
65.85;MPIB1;0;0.002314815;0;0
65.9;MPIB4;0;0.0002893519;0;0
65.9;MPIB3;0;0;0;0
65.9;MPIB2;0;0;0.0002893519;0
65.9;MPIB1;0;0.002314815;0;0
65.95;MPIB4;0;0.0004340278;0;0
65.95;MPIB3;0;0;0;0
65.95;MPIB2;0;0;0.0003375772;0
65.95;MPIB1;0;0.002170139;0;0
66;MPIB4;0;0.0005787037;0;0
66;MPIB3;0;0;0;0
66;MPIB2;0;0;0.0003858025;0
66;MPIB1;0;0.002170139;0;0
66.05;MPIB4;0;0.0005787037;0;0
66.05;MPIB3;0;0;0;0
66.05;MPIB2;0.005497685;0;0.0003375772;0
66.05;MPIB1;0;0.002411265;0;0
66.1;MPIB4;0;0.0006751543;0;0
66.1;MPIB3;0;0;0;0
66.1;MPIB2;0.002073688;0;0;0.0005787037
66.1;MPIB1;0;0.002893518;0;0
66.15;MPIB4;0;0.0007233796;0;0
66.15;MPIB3;0;0;0;0
66.15;MPIB2;0.002845293;0;0;0.0001446759
66.15;MPIB1;0;0.002797068;0;0
66.2;MPIB4;0;0.0005787037;0;0
66.2;MPIB3;0;0;0;0
66.2;MPIB2;0.004436729;0;0;0.0004340278
66.2;MPIB1;0;0.002797068;0;0
66.25;MPIB4;0;0.0007716049;0;0
66.25;MPIB3;0;0;0;0
66.25;MPIB2;0.005353009;0;0;0.0004340278
66.25;MPIB1;0;0.002845293;0;0
66.3;MPIB4;0;0.0008198302;0;0
66.3;MPIB3;0;0;0;0
66.3;MPIB2;0.006028164;0;0;0.0004822531
66.3;MPIB1;0;0.002941744;0;0
66.35;MPIB4;0;0.0009162808;0;0
66.35;MPIB3;0;0;0;0
66.35;MPIB2;0.009066358;0;0;0.0005304784
66.35;MPIB1;0;0.002748843;0;0
66.4;MPIB4;0;0.0009162808;0;0
66.4;MPIB3;0;0;0;0
66.4;MPIB2;0.00863233;0;0;0.0004822531
66.4;MPIB1;0;0.002797068;0;0
66.45;MPIB4;0;0.001060957;0;0
66.45;MPIB3;0;0;0;0
66.45;MPIB2;9.645062E-05;0;0;0.0004822531
66.45;MPIB1;0;0.002797068;0;0
66.5;MPIB4;0;0.001060957;0;0
66.5;MPIB3;0;0;0;0
66.5;MPIB2;0;0;0;0.0006751543
66.5;MPIB1;0;0.002314815;0;0
66.55;MPIB4;0;0.0009645062;0;0
66.55;MPIB3;0;0;0;0
66.55;MPIB2;0;0;0;0.0008198302
66.55;MPIB1;0;0.002507716;0;0
66.6;MPIB4;0;0.001012731;0;0
66.6;MPIB3;0;0;0;0
66.6;MPIB2;0;0;0;0.0009645062
66.6;MPIB1;0;0.00226659;0;0
66.65;MPIB4;0;0.001109182;0;0
66.65;MPIB3;0;0;0;0
66.65;MPIB2;0;0;0;0.0008198302
66.65;MPIB1;0;0.002170139;0;0
66.7;MPIB4;0;0.001060957;0;0
66.7;MPIB3;0;0;0;0
66.7;MPIB2;0;0;0;0.0009162808
66.7;MPIB1;0;0.002170139;0;0
66.75;MPIB4;0;0.001157407;0;0
66.75;MPIB3;0;0;0;0
66.75;MPIB2;0;0;0;0.001012731
66.75;MPIB1;0;0.002121913;0;0
66.8;MPIB4;0;0.001109182;0;0
66.8;MPIB3;0;0;0;0
66.8;MPIB2;0;0;0;0.001157407
66.8;MPIB1;0;0.002121913;0;0
66.85;MPIB4;0;0.001109182;0;0
66.85;MPIB3;0;0;0;0
66.85;MPIB2;0;0;0;0.001157407
66.85;MPIB1;0;0.001977238;0;0
66.9;MPIB4;0;0.001109182;0;0
66.9;MPIB3;0;0;0;0
66.9;MPIB2;0;0;0;0.001157407
66.9;MPIB1;0;0.001832562;0;0
66.95;MPIB4;0;0.001060957;0;0
66.95;MPIB3;0;0;0;0
66.95;MPIB2;0;0;0;0.001157407
66.95;MPIB1;0;0.001832562;0;0
67;MPIB4;0;0.001060957;0;0
67;MPIB3;0;0;0;0
67;MPIB2;0;0;0;0.001157407
67;MPIB1;0;0.001832562;0;0
67.05;MPIB4;0;0.001012731;0;0
67.05;MPIB3;0;0;0;0
67.05;MPIB2;0;0;0;0.001205633
67.05;MPIB1;0;0.002073688;0;0
67.1;MPIB4;0;0.001012731;0;0
67.1;MPIB3;0;0;0;0
67.1;MPIB2;0;0;0;0.001012731
67.1;MPIB1;0;0.002025463;0;0
67.15;MPIB4;0;0.001060957;0;0
67.15;MPIB3;0;0;0;0
67.15;MPIB2;0;0;0;0.001012731
67.15;MPIB1;0;0.002025463;0;0
67.2;MPIB4;0;0.001060957;0;0
67.2;MPIB3;0;0;0;0
67.2;MPIB2;0;0;0;0.001012731
67.2;MPIB1;0;0.002073688;0;0
67.25;MPIB4;0;0.001060957;0;0
67.25;MPIB3;0;0;0;0
67.25;MPIB2;0;0;0;0.001446759
67.25;MPIB1;0;0.002073688;0;0
67.3;MPIB4;0;0.001205633;0;0
67.3;MPIB3;0;0;0;0
67.3;MPIB2;0;0;0;0.001494985
67.3;MPIB1;0;0.002073688;0;0
67.35;MPIB4;0;0.001253858;0;0
67.35;MPIB3;0;0;0;0
67.35;MPIB2;0;0;0;0.001398534
67.35;MPIB1;0;0.002073688;0;0
67.4;MPIB4;0;0.001157407;0;0
67.4;MPIB3;0;0;0;0
67.4;MPIB2;0;0;0;0.001398534
67.4;MPIB1;0;0.002073688;0;0
67.45;MPIB4;0;0.001253858;0;0
67.45;MPIB3;0;0;0;0
67.45;MPIB2;0;0;0;0.001446759
67.45;MPIB1;0;0.002073688;0;0
67.5;MPIB4;0;0.001253858;0;0
67.5;MPIB3;0;0;0;0
67.5;MPIB2;0;0;0;0.001446759
67.5;MPIB1;0;0.002073688;0;0
67.55;MPIB4;0;0.001302083;0;0
67.55;MPIB3;0;0;0;0
67.55;MPIB2;0;0;0;0.001398534
67.55;MPIB1;0;0.002073688;0;0
67.6;MPIB4;0;0.001302083;0;0
67.6;MPIB3;0;0;0;0
67.6;MPIB2;0;0;0;0.001446759
67.6;MPIB1;0;0.002073688;0;0
67.65;MPIB4;0;0.001302083;0;0
67.65;MPIB3;0;0;0;0
67.65;MPIB2;0;0;0;0.001350309
67.65;MPIB1;0;0.002073688;0;0
67.7;MPIB4;0;0.001350309;0;0
67.7;MPIB3;0;0;0;0
67.7;MPIB2;0;0;0;0.001253858
67.7;MPIB1;0;0.002073688;0;0
67.75;MPIB4;0;0.001350309;0;0
67.75;MPIB3;0;0;0;0
67.75;MPIB2;0;0;0;0.001157407
67.75;MPIB1;0;0.002073688;0;0
67.8;MPIB4;0;0.001398534;0;0
67.8;MPIB3;0;0;0;0
67.8;MPIB2;0;0;0;0.001109182
67.8;MPIB1;0;0.002073688;0;0
67.85;MPIB4;0;0.001446759;0;0
67.85;MPIB3;0;0;0;0
67.85;MPIB2;0;0;0;0.001109182
67.85;MPIB1;0;0.00226659;0;0
67.9;MPIB4;0;0.001446759;0;0
67.9;MPIB3;0;0;0;0
67.9;MPIB2;0;0;0;0.001012731
67.9;MPIB1;0;0.002459491;0;0
67.95;MPIB4;0;0.001350309;0;0
67.95;MPIB3;0;0;0;0
67.95;MPIB2;0;0;0;0.001012731
67.95;MPIB1;0;0.002459491;0;0
68;MPIB4;0;0.001302083;0;0
68;MPIB3;0;0;0;0
68;MPIB2;0;0;0;0.0009645062
68;MPIB1;0;0.002411265;0;0
68.05;MPIB4;0;0.001302083;0;0
68.05;MPIB3;0;0;0;0
68.05;MPIB2;0;0;0;0.0009645062
68.05;MPIB1;0;0.00236304;0;0
68.1;MPIB4;0;0.001302083;0;0
68.1;MPIB3;0;0;0;0
68.1;MPIB2;0;0;0;0.0009645062
68.1;MPIB1;0;0.00236304;0;0
68.15;MPIB4;0;0.001302083;0;0
68.15;MPIB3;0;0;0;0
68.15;MPIB2;0;0;0;0.0009645062
68.15;MPIB1;0;0.002459491;0;0
68.2;MPIB4;0;0.001302083;0;0
68.2;MPIB3;0;0;0;0
68.2;MPIB2;0;0;0;0.0009645062
68.2;MPIB1;0;0.002797068;0;0
68.25;MPIB4;0;0.001302083;0;0
68.25;MPIB3;0;0;0;0
68.25;MPIB2;0;0;0;0.0009645062
68.25;MPIB1;0;0.002797068;0;0
68.3;MPIB4;0;0.001302083;0;0
68.3;MPIB3;0;0;0;0
68.3;MPIB2;0;0;0;0.0009645062
68.3;MPIB1;0;0.003472222;0;0
68.35;MPIB4;0;0.001302083;0;0
68.35;MPIB3;0;0;0;0
68.35;MPIB2;0;0;0;0.0009645062
68.35;MPIB1;0;0.003520448;0;0
68.4;MPIB4;0;0.001302083;0;0
68.4;MPIB3;0;0;0;0
68.4;MPIB2;0;0;0;0.001205633
68.4;MPIB1;0;0.003375772;0;0
68.45;MPIB4;0;0.001302083;0;0
68.45;MPIB3;0;0;0;0
68.45;MPIB2;0;0;0;0.001205633
68.45;MPIB1;0;0.003568673;0;0
68.5;MPIB4;0;0.001302083;0;0
68.5;MPIB3;0;0;0;0
68.5;MPIB2;0;0;0;0.001205633
68.5;MPIB1;0;0.003568673;0;0
68.55;MPIB4;0;0.001302083;0;0
68.55;MPIB3;0;0;0;0
68.55;MPIB2;0;0;0;0.001205633
68.55;MPIB1;0;0.003616898;0;0
68.6;MPIB4;0;0.001302083;0;0
68.6;MPIB3;0;0;0;0
68.6;MPIB2;0;0;0;0.001205633
68.6;MPIB1;0;0.003858025;0;0
68.65;MPIB4;0;0.001302083;0;0
68.65;MPIB3;0;0;0;0
68.65;MPIB2;0;0;0;0.001205633
68.65;MPIB1;0;0.004195602;0;0
68.7;MPIB4;0;0.001302083;0;0
68.7;MPIB3;0;0;0;0
68.7;MPIB2;0;0;0;0.001205633
68.7;MPIB1;0;0.004388503;0;0
68.75;MPIB4;0;0.001302083;0;0
68.75;MPIB3;0;0;0;0
68.75;MPIB2;0;0;0;0.001205633
68.75;MPIB1;0;0.004436729;0;0
68.8;MPIB4;0;0.001302083;0;0
68.8;MPIB3;0;0;0;0
68.8;MPIB2;0;0;0;0.001205633
68.8;MPIB1;0;0.004436729;0;0
68.85;MPIB4;0;0.001302083;0;0
68.85;MPIB3;0;0;0;0
68.85;MPIB2;0;0;0;0.001205633
68.85;MPIB1;0;0.004436729;0;0
68.9;MPIB4;0;0.001302083;0;0
68.9;MPIB3;0;0;0;0
68.9;MPIB2;0;0;0;0.001205633
68.9;MPIB1;0;0.004388503;0;0
68.95;MPIB4;0;0.001302083;0;0
68.95;MPIB3;0;0;0;0
68.95;MPIB2;0;0;0;0.001205633
68.95;MPIB1;0;0.004388503;0;0
69;MPIB4;0;0.001350309;0;0
69;MPIB3;0;0;0;0
69;MPIB2;0;0;0;0.001157407
69;MPIB1;0;0.004388503;0;0
69.05;MPIB4;0;0.001350309;0;0
69.05;MPIB3;0;0;0;0
69.05;MPIB2;0;0;0;0.001157407
69.05;MPIB1;0;0.004388503;0;0
69.1;MPIB4;0;0.001302083;0;0
69.1;MPIB3;0;0;0;0
69.1;MPIB2;0;0;0;0.001205633
69.1;MPIB1;0;0.004195602;0;0
69.15;MPIB4;0;0.001205633;0;0
69.15;MPIB3;0;0;0;0
69.15;MPIB2;0;0;0;0
69.15;MPIB1;0;0.005111883;0;0
69.2;MPIB4;0;0.001253858;0;0
69.2;MPIB3;0;0;0;0
69.2;MPIB2;0;0;0;0
69.2;MPIB1;0;0.00544946;0;0
69.25;MPIB4;0;0.001302083;0;0
69.25;MPIB3;0;0;0;0
69.25;MPIB2;0;0;0;0
69.25;MPIB1;0;0.006028164;0;0
69.3;MPIB4;0;0.001253858;0;0
69.3;MPIB3;0;0;0;0
69.3;MPIB2;0;0;0;0
69.3;MPIB1;0;0.006365741;0;0
69.35;MPIB4;0;0.001302083;0;0
69.35;MPIB3;0;0;0;0
69.35;MPIB2;0;0;0;0
69.35;MPIB1;0;0.006944444;0;0
69.4;MPIB4;0;0.001253858;0;0
69.4;MPIB3;0;0;0;0
69.4;MPIB2;0;0;0;0
69.4;MPIB1;0;0.006799769;0;0
69.45;MPIB4;0;0.001157407;0;0
69.45;MPIB3;0;0;0;0
69.45;MPIB2;0;0;0;0
69.45;MPIB1;0;0.007330247;0;0
69.5;MPIB4;0;0.001350309;0;0
69.5;MPIB3;0;0;0;0
69.5;MPIB2;0;0;0;0
69.5;MPIB1;0;0.007137346;0;0
69.55;MPIB4;0;0.001398534;0;0
69.55;MPIB3;0;0;0;0
69.55;MPIB2;0;0;0;0
69.55;MPIB1;0;0.007137346;0;0
69.6;MPIB4;0;0.001398534;0;0
69.6;MPIB3;0;0;0;0
69.6;MPIB2;0;0;0;0
69.6;MPIB1;0;0.007137346;0;0
69.65;MPIB4;0;0.001398534;0;0
69.65;MPIB3;0;0;0;0
69.65;MPIB2;0;0;0;0
69.65;MPIB1;0;0.006944444;0;0
69.7;MPIB4;0;0.001398534;0;0
69.7;MPIB3;0;0;0;0
69.7;MPIB2;0;0;0;0
69.7;MPIB1;0;0.006944444;0;0
69.75;MPIB4;0;0.001446759;0;0
69.75;MPIB3;0;0;0;0
69.75;MPIB2;0;0;0;0
69.75;MPIB1;0;0.006896219;0;0
69.8;MPIB4;0;0.001446759;0;0
69.8;MPIB3;0;0;0;0
69.8;MPIB2;0;0;0;0
69.8;MPIB1;0;0.006896219;0;0
69.85;MPIB4;0;0.0007716049;0;0
69.85;MPIB3;0;0;0;0
69.85;MPIB2;0;0;0;0
69.85;MPIB1;0;0.006896219;0;0
69.9;MPIB4;0;0.001398534;0;0
69.9;MPIB3;0;0;0;0
69.9;MPIB2;0;0;0;0
69.9;MPIB1;0;0.007185571;0;0
69.95;MPIB4;0;0.001446759;0;0
69.95;MPIB3;0;0;0;0
69.95;MPIB2;0;0;0;0
69.95;MPIB1;0;0.007667824;0;0
70;MPIB4;0;0.001494985;0;0
70;MPIB3;0;0;0;0
70;MPIB2;0;0;0;0
70;MPIB1;0;0.008005401;0;0
70.05;MPIB4;0;0.001494985;0;0
70.05;MPIB3;0;0;0;0
70.05;MPIB2;0;0;0;0
70.05;MPIB1;0;0.008246528;0;0
70.1;MPIB4;0;0.00154321;0;0
70.1;MPIB3;0;0;0;0
70.1;MPIB2;0;0;0;0
70.1;MPIB1;0;0.009066358;0;0
70.15;MPIB4;0;0.00163966;0;0
70.15;MPIB3;0;0;0;0
70.15;MPIB2;0;0;0;0
70.15;MPIB1;0;0.009403936;0;0
70.2;MPIB4;0;0.001591435;0;0
70.2;MPIB3;0;0;0;0
70.2;MPIB2;0;0;0;0
70.2;MPIB1;0;0.009548611;0;0
70.25;MPIB4;0;0.001591435;0;0
70.25;MPIB3;0;0;0;0
70.25;MPIB2;0;0;0;0
70.25;MPIB1;0;0.009789738;0;0
70.3;MPIB4;0;0.001736111;0;0
70.3;MPIB3;0;0;0;0
70.3;MPIB2;0;0;0;0
70.3;MPIB1;0;0.009837963;0;0
70.35;MPIB4;0;0.001687886;0;0
70.35;MPIB3;0;0;0;0
70.35;MPIB2;0;0;0;0
70.35;MPIB1;0;0.009934413;0;0
70.4;MPIB4;0;0.001832562;0;0
70.4;MPIB3;0;0;0;0
70.4;MPIB2;0;0;0;0
70.4;MPIB1;0;0.009789738;0;0
70.45;MPIB4;0;0.001929012;0;0
70.45;MPIB3;0;0;0;0
70.45;MPIB2;0;0;0;0
70.45;MPIB1;0;0.009789738;0;0
70.5;MPIB4;0;0.002025463;0;0
70.5;MPIB3;0;0;0;0
70.5;MPIB2;0;0;0;0
70.5;MPIB1;0;0.009789738;0;0
70.55;MPIB4;0;0.002121913;0;0
70.55;MPIB3;0;0;0;0
70.55;MPIB2;0;0;0;0
70.55;MPIB1;0;0.009789738;0;0
70.6;MPIB4;0;0.002121913;0;0
70.6;MPIB3;0;0;0;0
70.6;MPIB2;0;0;0;0
70.6;MPIB1;0;0.009789738;0;0
70.65;MPIB4;0;0.002121913;0;0
70.65;MPIB3;0;0;0;0
70.65;MPIB2;0;0;0;0
70.65;MPIB1;0;0.009645062;0;0
70.7;MPIB4;0;0.002121913;0;0
70.7;MPIB3;0;0;0;0
70.7;MPIB2;0;0;0;0
70.7;MPIB1;0;0.009018132;0;0
70.75;MPIB4;0;0.002121913;0;0
70.75;MPIB3;0;0;0;0
70.75;MPIB2;0;0;0;0
70.75;MPIB1;0;0.009259259;0;0
70.8;MPIB4;0;0.002121913;0;0
70.8;MPIB3;0;0;0;0
70.8;MPIB2;0;0;0;0
70.8;MPIB1;0;0.01041667;0;0
70.85;MPIB4;0;0.002121913;0;0
70.85;MPIB3;0;0;0;0
70.85;MPIB2;0;0;0;0
70.85;MPIB1;0;0.01022377;0;0
70.9;MPIB4;0;0.002121913;0;0
70.9;MPIB3;0;0;0;0
70.9;MPIB2;0;0;0;0
70.9;MPIB1;0;0.01128472;0;0
70.95;MPIB4;0;0.002121913;0;0
70.95;MPIB3;0;0;0;0
70.95;MPIB2;0;0;0;0
70.95;MPIB1;0;0.0114294;0;0
71;MPIB4;0;0.002121913;0;0
71;MPIB3;0;0;0;0
71;MPIB2;0;0;0;0
71;MPIB1;0;0.01176698;0;0
71.05;MPIB4;0;0.002121913;0;0
71.05;MPIB3;0;0;0;0
71.05;MPIB2;0;0;0;0
71.05;MPIB1;0;0.0118152;0;0
71.1;MPIB4;0;0.002121913;0;0
71.1;MPIB3;0;0;0;0
71.1;MPIB2;0;0;0;0
71.1;MPIB1;0;0.01205633;0;0
71.15;MPIB4;0;0.002121913;0;0
71.15;MPIB3;0;0;0;0
71.15;MPIB2;0;0;0;0
71.15;MPIB1;0;0.01224923;0;0
71.2;MPIB4;0;0.002121913;0;0
71.2;MPIB3;0;0;0;0
71.2;MPIB2;0;0;0;0
71.2;MPIB1;0;0.01244213;0;0
71.25;MPIB4;0;0.002121913;0;0
71.25;MPIB3;0;0;0;0
71.25;MPIB2;0;0;0;0
71.25;MPIB1;0;0.01335841;0;0
71.3;MPIB4;0;0.002121913;0;0
71.3;MPIB3;0;0;0;0
71.3;MPIB2;0;0;0;0
71.3;MPIB1;0;0.01335841;0;0
71.35;MPIB4;0;0.002121913;0;0
71.35;MPIB3;0;0;0;0
71.35;MPIB2;0;0;0;0
71.35;MPIB1;0;0.01335841;0;0
71.4;MPIB4;0;0.002121913;0;0
71.4;MPIB3;0;0;0;0
71.4;MPIB2;0;0;0;0
71.4;MPIB1;0;0.01335841;0;0
71.45;MPIB4;0;0.002121913;0;0
71.45;MPIB3;0;0;0;0
71.45;MPIB2;0;0;0;0
71.45;MPIB1;0;0.01335841;0;0
71.5;MPIB4;0;0.002121913;0;0
71.5;MPIB3;0;0;0;0
71.5;MPIB2;0;0;0;0
71.5;MPIB1;0;0.01335841;0;0
71.55;MPIB4;0;0.002025463;0;0
71.55;MPIB3;0;0;0;0
71.55;MPIB2;0;0;0;0
71.55;MPIB1;0;0.01335841;0;0
71.6;MPIB4;0;0.002025463;0;0
71.6;MPIB3;0;0;0;0
71.6;MPIB2;0;0;0;0
71.6;MPIB1;0;0.01335841;0;0
71.65;MPIB4;0;0.002025463;0;0
71.65;MPIB3;0;0;0;0
71.65;MPIB2;0;0;0;0
71.65;MPIB1;0;0.01335841;0;0
71.7;MPIB4;0;0.002025463;0;0
71.7;MPIB3;0;0;0;0
71.7;MPIB2;0;0;0;0
71.7;MPIB1;0;0.01335841;0;0
71.75;MPIB4;0;0.002025463;0;0
71.75;MPIB3;0;0;0;0
71.75;MPIB2;0;0;0;0
71.75;MPIB1;0;0.01335841;0;0
71.8;MPIB4;0;0.002025463;0;0
71.8;MPIB3;0;0;0;0
71.8;MPIB2;0;0;0;0
71.8;MPIB1;0;0.01335841;0;0
71.85;MPIB4;0;0.002025463;0;0
71.85;MPIB3;0;0;0;0
71.85;MPIB2;0;0;0;0
71.85;MPIB1;0;0.01335841;0;0
71.9;MPIB4;0;0.002025463;0;0
71.9;MPIB3;0;0;0;0
71.9;MPIB2;0;0;0;0
71.9;MPIB1;0;0.01335841;0;0
71.95;MPIB4;0;0.002025463;0;0
71.95;MPIB3;0;0;0;0
71.95;MPIB2;0;0;0;0
71.95;MPIB1;0;0.01335841;0;0
72;MPIB4;0;0.002025463;0;0
72;MPIB3;0;0;0;0
72;MPIB2;0;0;0;0
72;MPIB1;0;0.01335841;0;0
72.05;MPIB4;0;0.001977238;0;0
72.05;MPIB3;0;0;0;0
72.05;MPIB2;0;0;0;0
72.05;MPIB1;0;0.01287616;0;0
72.1;MPIB4;0;0.001929012;0;0
72.1;MPIB3;0;0;0;0
72.1;MPIB2;0;0;0;0
72.1;MPIB1;0;0.01244213;0;0
72.15;MPIB4;0;0.001929012;0;0
72.15;MPIB3;0;0;0;0
72.15;MPIB2;0;0;0;0
72.15;MPIB1;0;0.0112365;0;0
72.2;MPIB4;0;0.001784336;0;0
72.2;MPIB3;0;0;0;0
72.2;MPIB2;0;0;0;0
72.2;MPIB1;0;0.01032022;0;0
72.25;MPIB4;0;0.001687886;0;0
72.25;MPIB3;0;0;0;0
72.25;MPIB2;0;0;0;0
72.25;MPIB1;0;0.01075424;0;0
72.3;MPIB4;0;0.001494985;0;0
72.3;MPIB3;0;0;0;0
72.3;MPIB2;0;0;0;0
72.3;MPIB1;0;0.01032022;0;0
72.35;MPIB4;0;0.001446759;0;0
72.35;MPIB3;0;0;0;0
72.35;MPIB2;0;0;0;0
72.35;MPIB1;0;0.01003086;0;0
72.4;MPIB4;0;0.0001929012;0;0
72.4;MPIB3;0;0;0;0
72.4;MPIB2;0;0;0;0
72.4;MPIB1;0;0.009596837;0;0
72.45;MPIB4;0;0.001446759;0;0
72.45;MPIB3;0;0;0;0
72.45;MPIB2;0;0;0;0
72.45;MPIB1;0;0.008680556;0;0
72.5;MPIB4;0;0.001398534;0;0
72.5;MPIB3;0;0;0;0
72.5;MPIB2;0;0;0;0
72.5;MPIB1;0;0.008246528;0;0
72.55;MPIB4;0;0.001446759;0;0
72.55;MPIB3;0;0;0;0
72.55;MPIB2;0;0;0;0
72.55;MPIB1;0;0.008005401;0;0
72.6;MPIB4;0;0.001446759;0;0
72.6;MPIB3;0;0;0;0
72.6;MPIB2;0;0;0;0
72.6;MPIB1;0;0.007619599;0;0
72.65;MPIB4;0;0.00154321;0;0
72.65;MPIB3;0;0;0;0
72.65;MPIB2;0;0;0;0
72.65;MPIB1;0;0.007764275;0;0
72.7;MPIB4;0;0.001494985;0;0
72.7;MPIB3;0;0;0;0
72.7;MPIB2;0;0;0;0
72.7;MPIB1;0;0.007523148;0;0
72.75;MPIB4;0.005015432;0.001302083;0;0
72.75;MPIB3;0;0;0;0
72.75;MPIB2;0;0;0;0
72.75;MPIB1;0;0.007474923;0;0
72.8;MPIB4;0.00154321;0.001446759;9.645062E-05;0
72.8;MPIB3;0;0;0;0
72.8;MPIB2;0;0;0;0
72.8;MPIB1;0;0.007426698;0;0
72.85;MPIB4;0.0006751543;0;9.645062E-05;0
72.85;MPIB3;0;0;0;0
72.85;MPIB2;0;0;0;0
72.85;MPIB1;0;0.007378472;0;0
72.9;MPIB4;0;0;0.0002893519;0
72.9;MPIB3;0;0;0;0
72.9;MPIB2;0;0;0;0
72.9;MPIB1;0;0.007185571;0;0
72.95;MPIB4;0;0;0;0
72.95;MPIB3;0;0;0;0
72.95;MPIB2;0;0;0;0
72.95;MPIB1;0;0.007185571;0;0
73;MPIB4;0;0;0;0
73;MPIB3;0;0;0;0
73;MPIB2;0;0;0;0
73;MPIB1;0;0.007185571;0;0
73.05;MPIB4;0;0;0;0
73.05;MPIB3;0;0;0;0
73.05;MPIB2;0;0;0;0
73.05;MPIB1;0;0.007185571;0;0
73.1;MPIB4;0;0;0;0
73.1;MPIB3;0;0;0;0
73.1;MPIB2;0;0;0;0
73.1;MPIB1;0;0.007185571;0;0
73.15;MPIB4;0;0;0;0
73.15;MPIB3;0;0;0;0
73.15;MPIB2;0;0;0;0
73.15;MPIB1;0;0.007185571;0;0
73.2;MPIB4;0;0;0;0
73.2;MPIB3;0;0;0;0
73.2;MPIB2;0;0;0;0
73.2;MPIB1;0;0.007426698;0;0
73.25;MPIB4;0;0;0;0
73.25;MPIB3;0;0;0;0
73.25;MPIB2;0;0;0;0
73.25;MPIB1;0;0.007233796;0;0
73.3;MPIB4;0.002073688;0.001977238;4.822531E-05;0
73.3;MPIB3;0;0;0;0
73.3;MPIB2;0;0;0;0
73.3;MPIB1;0;0.008342979;0;0
73.35;MPIB4;0.00226659;0.0009645062;0;0
73.35;MPIB3;0;0;0;0
73.35;MPIB2;0;0;0;0
73.35;MPIB1;0;0.008584104;0;0
73.4;MPIB4;0.002507716;0.001253858;0;0
73.4;MPIB3;0;0;0;0
73.4;MPIB2;0;0;0;0
73.4;MPIB1;0;0.009886188;0;0
73.45;MPIB4;0.003038194;0.001253858;0;0
73.45;MPIB3;0;0;0;0
73.45;MPIB2;0;0;0;0
73.45;MPIB1;0;0.01075424;0;0
73.5;MPIB4;0.002700617;0.001302083;0;0
73.5;MPIB3;0;0;0;0
73.5;MPIB2;0;0;0;0
73.5;MPIB1;0;0.01191165;0;0
73.55;MPIB4;0.002555941;0.001302083;0;0
73.55;MPIB3;0;0;0;0
73.55;MPIB2;0;0;0;0
73.55;MPIB1;0;0.0123939;0;0
73.6;MPIB4;0.002073688;0.001205633;0;0
73.6;MPIB3;0;0;0;0
73.6;MPIB2;0;0;0;0
73.6;MPIB1;0;0.01331019;0;0
73.65;MPIB4;0.001784336;0.001157407;0;0
73.65;MPIB3;0;0;0;0
73.65;MPIB2;0;0;0;0
73.65;MPIB1;0;0.01413002;0;0
73.7;MPIB4;0.002314815;0.001157407;0;0
73.7;MPIB3;0;0;0;0
73.7;MPIB2;0;0;0;0
73.7;MPIB1;0;0.01480517;0;0
73.75;MPIB4;0;0;0;0
73.75;MPIB3;0;0;0;0
73.75;MPIB2;0;0;0;0
73.75;MPIB1;0;0.01625193;0;0
73.8;MPIB4;0;0;0;0
73.8;MPIB3;0;0;0;0
73.8;MPIB2;0;0;0;0
73.8;MPIB1;0;0.01793982;0;0
73.85;MPIB4;0;0;0;0
73.85;MPIB3;0;0;0;0
73.85;MPIB2;0;0;0;0
73.85;MPIB1;0;0.02064043;0;0
73.9;MPIB4;0;0;0;0
73.9;MPIB3;0;0;0;0
73.9;MPIB2;0;0;0;0
73.9;MPIB1;0;0.02502893;0;0
73.95;MPIB4;0;0;0;0
73.95;MPIB3;0;0;0;0
73.95;MPIB2;0;0;0;0
73.95;MPIB1;0;0.03153935;0;0
74;MPIB4;0;0;0;0
74;MPIB3;0;0;0;0
74;MPIB2;0;0;0;0
74;MPIB1;0;0.04644097;0;0
74.05;MPIB4;0;0;0;0
74.05;MPIB3;0;0;0;0
74.05;MPIB2;0;0;0;0
74.05;MPIB1;0;0.0200135;0;0
74.1;MPIB4;0;0;0;0
74.1;MPIB3;0;0;0;0
74.1;MPIB2;0;0;0;0
74.1;MPIB1;0;0;0;0
74.15;MPIB4;0;0;0;0
74.15;MPIB3;0;0;0;0
74.15;MPIB2;0;0;0;0
74.15;MPIB1;0;0;0;0
74.2;MPIB4;0;0;0;0
74.2;MPIB3;0;0;0;0
74.2;MPIB2;0;0;0;0
74.2;MPIB1;0;0;0;0
74.25;MPIB4;0;0;0;0
74.25;MPIB3;0;0;0;0
74.25;MPIB2;0;0;0;0
74.25;MPIB1;0;0;0;0
74.3;MPIB4;0;0;0;0
74.3;MPIB3;0;0;0;0
74.3;MPIB2;0;0;0;0
74.3;MPIB1;0;0;0;0
74.35;MPIB4;0;0;0;0
74.35;MPIB3;0;0;0;0
74.35;MPIB2;0;0;0;0
74.35;MPIB1;0;0;0;0
74.4;MPIB4;0;0;0;0
74.4;MPIB3;0;0;0;0
74.4;MPIB2;0;0;0;0
74.4;MPIB1;0;0;0;0
74.45;MPIB4;0;0.001977238;0;0
74.45;MPIB3;0;0;0;0
74.45;MPIB2;0;0;0;0
74.45;MPIB1;0;0;0;0
74.5;MPIB4;0.004967207;0.001446759;0;0
74.5;MPIB3;0;0;0;0
74.5;MPIB2;0;0;0;0
74.5;MPIB1;0;0;0;0
74.55;MPIB4;0.003761574;0.001350309;0;0
74.55;MPIB3;0;0;0;0
74.55;MPIB2;0;0;0;0
74.55;MPIB1;0;0;0;0
74.6;MPIB4;0.002845293;0.001205633;0;0
74.6;MPIB3;0;0;0;0
74.6;MPIB2;0;0;0;0
74.6;MPIB1;0;0;0;0
74.65;MPIB4;0.002121913;0.001302083;0;0
74.65;MPIB3;0;0;0;0
74.65;MPIB2;0;0;0;0
74.65;MPIB1;0;0;0;0
74.7;MPIB4;0.001736111;0.001157407;0;0
74.7;MPIB3;0;0;0;0
74.7;MPIB2;0;0;0;0
74.7;MPIB1;0;0;0;0
74.75;MPIB4;0.001591435;0.001012731;0;0
74.75;MPIB3;0;0;0;0
74.75;MPIB2;0;0;0;0
74.75;MPIB1;0;0;0;0
74.8;MPIB4;0.00154321;0.0008198302;0;0
74.8;MPIB3;0;0;0;0
74.8;MPIB2;0;0;0;0
74.8;MPIB1;0;0;0;0
74.85;MPIB4;0.002025463;0.0005304784;0;0
74.85;MPIB3;0;0;0;0
74.85;MPIB2;0;0;0;0
74.85;MPIB1;0;0;0;0
74.9;MPIB4;0.00236304;0.0001929012;0;0
74.9;MPIB3;0;0;0;0
74.9;MPIB2;0;0;0;0
74.9;MPIB1;0;0;0;0
74.95;MPIB4;0.002604167;0;0;0
74.95;MPIB3;0;0;0;0
74.95;MPIB2;0;0;0;0
74.95;MPIB1;0;0;0;0
75;MPIB4;0.002989969;0.0001929012;0;0
75;MPIB3;0;0;0;0
75;MPIB2;0;0;0;0
75;MPIB1;0;0;0;0
75.05;MPIB4;0.003375772;0.0007233796;0;0
75.05;MPIB3;0;0;0;0
75.05;MPIB2;0;0;0;0
75.05;MPIB1;0;0;0;0
75.1;MPIB4;0.003761574;0.001350309;0;0
75.1;MPIB3;0;0;0;0
75.1;MPIB2;0;0;0;0
75.1;MPIB1;0;0;0;0
75.15;MPIB4;0.004050926;0.001880787;0;0
75.15;MPIB3;0;0;0;0
75.15;MPIB2;0;0;0;0
75.15;MPIB1;0;0;0;0
75.2;MPIB4;0.004243827;0.001784336;0;0
75.2;MPIB3;0;0;0;0
75.2;MPIB2;0;0;0;0
75.2;MPIB1;0;0;0;0
75.25;MPIB4;0.004484954;0.001832562;0;0
75.25;MPIB3;0;0;0;0
75.25;MPIB2;0;0;0.0002411265;0
75.25;MPIB1;0;0;0;0
75.3;MPIB4;0.004581404;0.001784336;0;0
75.3;MPIB3;0;0;0;0
75.3;MPIB2;0;0;0.0008198302;0
75.3;MPIB1;0;0;0;0
75.35;MPIB4;0.004484954;0.001880787;0;0
75.35;MPIB3;0;0;0;0
75.35;MPIB2;0;0;0.0008680556;0
75.35;MPIB1;0;0;0;0
75.4;MPIB4;0.004292052;0.002025463;0;0
75.4;MPIB3;0;0;0;0
75.4;MPIB2;0;0;0.0008198302;0
75.4;MPIB1;0;0;0;0
75.45;MPIB4;0.004050926;0.002025463;0;0
75.45;MPIB3;0;0;0;0
75.45;MPIB2;0;0;0.0008198302;0
75.45;MPIB1;0;0;0;0
75.5;MPIB4;0.00390625;0.002025463;0;0
75.5;MPIB3;0;0;0;0
75.5;MPIB2;0;0;0.0008198302;0
75.5;MPIB1;0;0;0;0
75.55;MPIB4;0.003858025;0.002121913;0;0
75.55;MPIB3;0;0;0;0
75.55;MPIB2;0;0;0.0008680556;0
75.55;MPIB1;0;0;0;0
75.6;MPIB4;0.003954475;0.002170139;0;0
75.6;MPIB3;0;0;0;0
75.6;MPIB2;0;0;0.0009645062;0
75.6;MPIB1;0;0;0;0
75.65;MPIB4;0.004388503;0.002121913;0;0
75.65;MPIB3;0;0;0;0
75.65;MPIB2;0;0;0.001060957;0
75.65;MPIB1;0;0;0;0
75.7;MPIB4;0.004484954;0.002073688;0;0
75.7;MPIB3;0;0;0;0
75.7;MPIB2;0;0;0.001157407;0
75.7;MPIB1;0;0;0;0
75.75;MPIB4;0.004484954;0.002170139;0;0
75.75;MPIB3;0;0;0;0
75.75;MPIB2;0;0;0.001109182;0
75.75;MPIB1;0;0;0;0
75.8;MPIB4;0.004484954;0.002170139;0;0
75.8;MPIB3;0;0;0;0
75.8;MPIB2;0;0;0.001302083;0
75.8;MPIB1;0;0;0;0
75.85;MPIB4;0.004484954;0.002121913;0;0
75.85;MPIB3;0;0;0;0
75.85;MPIB2;0;0;0.001302083;0
75.85;MPIB1;0;0;0;0
75.9;MPIB4;0.004484954;0.002121913;0;0
75.9;MPIB3;0;0;0;0
75.9;MPIB2;0;0;0.001060957;0
75.9;MPIB1;0;0;0;0
75.95;MPIB4;0.004484954;0.002121913;0;0
75.95;MPIB3;0;0;0;0
75.95;MPIB2;0;0;0.0007233796;0
75.95;MPIB1;0;0;0;0
76;MPIB4;0.003616898;0.001109182;0;0
76;MPIB3;0;0;0;0
76;MPIB2;0;0;0.0004340278;0
76;MPIB1;0;0;0;0
76.05;MPIB4;0.004581404;0.001736111;0;0
76.05;MPIB3;0;0;0;0
76.05;MPIB2;0;0;0.0002411265;0
76.05;MPIB1;0;0;0;0
76.1;MPIB4;0.004774306;0.00226659;0;0
76.1;MPIB3;0;0;0;0
76.1;MPIB2;0;0;0.0001446759;0
76.1;MPIB1;0;0;0;0
76.15;MPIB4;0.004918981;0.002604167;0;0
76.15;MPIB3;0;0;0;0
76.15;MPIB2;0;0;0.0001446759;0
76.15;MPIB1;0;0;0;0
76.2;MPIB4;0.005111883;0.002700617;0;0
76.2;MPIB3;0;0;0;0
76.2;MPIB2;0;0;0.0001446759;0
76.2;MPIB1;0;0;0;0
76.25;MPIB4;0.004967207;0.002989969;0;0
76.25;MPIB3;0;0;0;0
76.25;MPIB2;0;0;9.645062E-05;0
76.25;MPIB1;0;0;0;0
76.3;MPIB4;0.00626929;0;0;0
76.3;MPIB3;0;0;0;0
76.3;MPIB2;0;0;9.645062E-05;0
76.3;MPIB1;0;0;0;0
76.35;MPIB4;0;0;0;0
76.35;MPIB3;0;0;0;0
76.35;MPIB2;0;0;9.645062E-05;0
76.35;MPIB1;0;0;0;0
76.4;MPIB4;0;0;0;0
76.4;MPIB3;0;0;0;0
76.4;MPIB2;0;0;9.645062E-05;0
76.4;MPIB1;0;0;0;0
76.45;MPIB4;0;0;0;0
76.45;MPIB3;0;0;0;0
76.45;MPIB2;0;0;9.645062E-05;0
76.45;MPIB1;0;0;0;0
76.5;MPIB4;0;0;0;0
76.5;MPIB3;0;0;0;0
76.5;MPIB2;0;0;9.645062E-05;0
76.5;MPIB1;0;0;0;0
76.55;MPIB4;0;0;0;0
76.55;MPIB3;0;0;0;0
76.55;MPIB2;0;0;0.0001929012;0
76.55;MPIB1;0;0;0;0
76.6;MPIB4;0;0;0;0
76.6;MPIB3;0;0;0;0
76.6;MPIB2;0;0;0.0001929012;0
76.6;MPIB1;0;0;0;0
76.65;MPIB4;0;0;0;0
76.65;MPIB3;0;0;0;0
76.65;MPIB2;0;0;0.0001929012;0
76.65;MPIB1;0;0;0;0
76.7;MPIB4;0;0;0;0
76.7;MPIB3;0;0;0;0
76.7;MPIB2;0;0;0.0002893519;0
76.7;MPIB1;0;0;0;0
76.75;MPIB4;0;0;0;0
76.75;MPIB3;0;0;0;0
76.75;MPIB2;0;0;0.0002893519;0
76.75;MPIB1;0;0;0;0
76.8;MPIB4;0;0;0;0
76.8;MPIB3;0;0;0;0
76.8;MPIB2;0;0;0.0002893519;0
76.8;MPIB1;0;0;0;0
76.85;MPIB4;0.00390625;0.002025463;0;0
76.85;MPIB3;0;0;0;0
76.85;MPIB2;0;0;0.0002893519;0
76.85;MPIB1;0;0;0;0
76.9;MPIB4;0.002025463;0.0007716049;0;0
76.9;MPIB3;0;0;0;0
76.9;MPIB2;0;0;0.0002893519;0
76.9;MPIB1;0;0;0;0
76.95;MPIB4;0.003423997;0.00154321;0.0004340278;0
76.95;MPIB3;0;0;0;0
76.95;MPIB2;0;0;0.0002893519;0
76.95;MPIB1;0;0;0;0
77;MPIB4;0;0;0.0002411265;0
77;MPIB3;0;0;0;0
77;MPIB2;0;0;0.0002893519;0
77;MPIB1;0;0;0;0
77.05;MPIB4;0;0;0.0002411265;0
77.05;MPIB3;0;0;0;0
77.05;MPIB2;0;0;0.0003375772;0
77.05;MPIB1;0;0;0;0
77.1;MPIB4;0;0;0.0002411265;0
77.1;MPIB3;0;0;0;0
77.1;MPIB2;0;0;0.0003375772;0
77.1;MPIB1;0;0;0;0
77.15;MPIB4;0;0;0.0002411265;0
77.15;MPIB3;0;0;0;0
77.15;MPIB2;0;0;0.0003375772;0
77.15;MPIB1;0;0;0;0
77.2;MPIB4;0;0;0.0002411265;0
77.2;MPIB3;0;0;0;0
77.2;MPIB2;0;0;0.0003375772;0
77.2;MPIB1;0;0;0;0
77.25;MPIB4;0;0;0.0002411265;0
77.25;MPIB3;0;0;0;0
77.25;MPIB2;0;0;0.0003375772;0
77.25;MPIB1;0;0;0;0
77.3;MPIB4;0;0;0.0001929012;0
77.3;MPIB3;0;0;0;0
77.3;MPIB2;0;0;0.0003375772;0
77.3;MPIB1;0;0;0;0
77.35;MPIB4;0;0;0.0001446759;0
77.35;MPIB3;0;0;0;0
77.35;MPIB2;0;0;0.0003375772;0
77.35;MPIB1;0;0;0;0
77.4;MPIB4;0;0.002652392;0.0002411265;0
77.4;MPIB3;0;0;0;0
77.4;MPIB2;0;0;0.0003375772;0
77.4;MPIB1;0;0;0;0
77.45;MPIB4;0.005208333;0.0009645062;0.0001929012;0
77.45;MPIB3;0;0;0;0
77.45;MPIB2;0;0;0.0001929012;0
77.45;MPIB1;0;0;0;0
77.5;MPIB4;0.002893518;0.0003858025;0.0005787037;0
77.5;MPIB3;0;0;0;0
77.5;MPIB2;0;0;0.0001929012;0
77.5;MPIB1;0;0;0;0
77.55;MPIB4;0.002893518;0.000626929;0.000626929;0
77.55;MPIB3;0;0;0;0
77.55;MPIB2;0;0;0;0
77.55;MPIB1;0;0;0;0
77.6;MPIB4;0.003279321;0.0004822531;0.0007233796;0
77.6;MPIB3;0;0;0;0
77.6;MPIB2;0;0;0.0001929012;0
77.6;MPIB1;0;0;0;0
77.65;MPIB4;0.00390625;0.0004822531;0.0008198302;0
77.65;MPIB3;0;0;0;0
77.65;MPIB2;0;0;0.0003375772;0
77.65;MPIB1;0;0;0;0
77.7;MPIB4;0.004243827;0.0005304784;0.0008198302;0
77.7;MPIB3;0;0;0;0
77.7;MPIB2;0;0;0.0003375772;0
77.7;MPIB1;0;0;0;0
77.75;MPIB4;0.003568673;0.0006751543;0;0
77.75;MPIB3;0;0;0;0
77.75;MPIB2;0;0;0.0001929012;0
77.75;MPIB1;0;0;0;0
77.8;MPIB4;0.004436729;0.001784336;0;0
77.8;MPIB3;0;0;0;0
77.8;MPIB2;0;0;4.822531E-05;0
77.8;MPIB1;0;0;0;0
77.85;MPIB4;0.005304784;0.002604167;0;0
77.85;MPIB3;0;0;0;0
77.85;MPIB2;0;0;0;0
77.85;MPIB1;0;0;0;0
77.9;MPIB4;0.005304784;0.00236304;0;0
77.9;MPIB3;0;0;0;0
77.9;MPIB2;0;0;0;0
77.9;MPIB1;0;0;0;0
77.95;MPIB4;0.005353009;0.002748843;0;0
77.95;MPIB3;0;0;0;0
77.95;MPIB2;0;0;0;0
77.95;MPIB1;0;0;0;0
78;MPIB4;0.005256559;0.00308642;0;0
78;MPIB3;0;0;0;0
78;MPIB2;0;0;0;0
78;MPIB1;0;0;0;0
78.05;MPIB4;0.005304784;0.003231096;0;0
78.05;MPIB3;0;0;0;0
78.05;MPIB2;0;0;0;0
78.05;MPIB1;0;0;0;0
78.1;MPIB4;0.005304784;0.003375772;0;0
78.1;MPIB3;0;0;0;0
78.1;MPIB2;0;0;0;0
78.1;MPIB1;0;0;0;0
78.15;MPIB4;0.009789738;0;0;0
78.15;MPIB3;0;0;0;0
78.15;MPIB2;0;0;0;0
78.15;MPIB1;0;0;0;0
78.2;MPIB4;0;0;0;0
78.2;MPIB3;0;0;0;0
78.2;MPIB2;0;0;0;0
78.2;MPIB1;0;0;0;0
78.25;MPIB4;0;0;0;0
78.25;MPIB3;0;0;0;0
78.25;MPIB2;0;0;0;0
78.25;MPIB1;0;0;0;0
78.3;MPIB4;0;0;0;0
78.3;MPIB3;0;0;0;0
78.3;MPIB2;0;0;0;0
78.3;MPIB1;0;0;0;0
78.35;MPIB4;0;0;0;0
78.35;MPIB3;0;0;0;0
78.35;MPIB2;0;0;0;0
78.35;MPIB1;0;0;0;0
78.4;MPIB4;0;0;0;0
78.4;MPIB3;0;0;0;0
78.4;MPIB2;0;0;0;0
78.4;MPIB1;0;0;0;0
78.45;MPIB4;0;0;0;0
78.45;MPIB3;0;0;0;0
78.45;MPIB2;0;0;0;0
78.45;MPIB1;0;0;0;0
78.5;MPIB4;0;0;0;0
78.5;MPIB3;0;0;0;0
78.5;MPIB2;0;0;0;0
78.5;MPIB1;0;0;0;0
78.55;MPIB4;0;0;0;0
78.55;MPIB3;0;0;0;0
78.55;MPIB2;0;0;0;0
78.55;MPIB1;0;0;0;0
78.6;MPIB4;0;0;0;0
78.6;MPIB3;0;0;0;0
78.6;MPIB2;0;0;0;0
78.6;MPIB1;0;0;0;0
78.65;MPIB4;0;0;0;0
78.65;MPIB3;0;0;0;0
78.65;MPIB2;0;0;0;0
78.65;MPIB1;0;0;0;0
78.7;MPIB4;0.006703318;0.003809799;0;0
78.7;MPIB3;0;0;0;0
78.7;MPIB2;0;0;0;0
78.7;MPIB1;0;0;0;0
78.75;MPIB4;0.005401235;0.002748843;0;0
78.75;MPIB3;0;0;0;0
78.75;MPIB2;0;0;0;0
78.75;MPIB1;0;0;0;0
78.8;MPIB4;0.005401235;0.002700617;0;0
78.8;MPIB3;0;0;0;0
78.8;MPIB2;0;0;0;0
78.8;MPIB1;0;0;0;0
78.85;MPIB4;0.005401235;0.002652392;0;0
78.85;MPIB3;0;0;0;0
78.85;MPIB2;0;0;0;0
78.85;MPIB1;0;0;0;0
78.9;MPIB4;0.00544946;0.002555941;0;0
78.9;MPIB3;0;0;0;0
78.9;MPIB2;0;0;0;0
78.9;MPIB1;0;0;0;0
78.95;MPIB4;0.00544946;0.002652392;0;0
78.95;MPIB3;0;0;0;0
78.95;MPIB2;0;0;0;0
78.95;MPIB1;0;0;0;0
79;MPIB4;0.005497685;0.002604167;0;0
79;MPIB3;0;0;0;0
79;MPIB2;0;0;0;0
79;MPIB1;0;0;0;0
79.05;MPIB4;0.005497685;0.00308642;0;0
79.05;MPIB3;0;0;0;0
79.05;MPIB2;0;0;0;0
79.05;MPIB1;0;0;0;0
79.1;MPIB4;0.005690586;0.003231096;0;0
79.1;MPIB3;0;0;0;0
79.1;MPIB2;0;0;0;0
79.1;MPIB1;0;0;0;0
79.15;MPIB4;0.005787037;0.003279321;0;0
79.15;MPIB3;0;0;0;0
79.15;MPIB2;0;0;0;0
79.15;MPIB1;0;0;0;0
79.2;MPIB4;0.005401235;0.003616898;0;0
79.2;MPIB3;0;0;0;0
79.2;MPIB2;0;0;0;0
79.2;MPIB1;0;0;0;0
79.25;MPIB4;0.005979938;0.004099151;0;0
79.25;MPIB3;0;0;0;0
79.25;MPIB2;0;0;0;0
79.25;MPIB1;0;0;0;0
79.3;MPIB4;0.005979938;0.004099151;0;0
79.3;MPIB3;0;0;0;0
79.3;MPIB2;0;0;0;0
79.3;MPIB1;0;0;0;0
79.35;MPIB4;0.006028164;0.004099151;0;0
79.35;MPIB3;0;0;0;0
79.35;MPIB2;0;0;0;0
79.35;MPIB1;0;0;0;0
79.4;MPIB4;0.006028164;0.004099151;0;0
79.4;MPIB3;0;0;0;0
79.4;MPIB2;0;0;0;0
79.4;MPIB1;0;0;0;0
79.45;MPIB4;0.006076389;0.004099151;0;0
79.45;MPIB3;0;0;0;0
79.45;MPIB2;0;0;0;0
79.45;MPIB1;0;0;0;0
79.5;MPIB4;0.00626929;0.004581404;0;0
79.5;MPIB3;0;0;0;0
79.5;MPIB2;0;0;0;0
79.5;MPIB1;0;0;0;0
79.55;MPIB4;0.006558642;0.003472222;0;0
79.55;MPIB3;0;0;0;0
79.55;MPIB2;0;0;0;0
79.55;MPIB1;0;0;0;0
79.6;MPIB4;0.006799769;0.002941744;0;0
79.6;MPIB3;0;0;0;0
79.6;MPIB2;0;0;0;0
79.6;MPIB1;0;0;0;0
79.65;MPIB4;0.00708912;0.001977238;0;0
79.65;MPIB3;0;0;0;0
79.65;MPIB2;0;0;0;0
79.65;MPIB1;0;0;0;0
79.7;MPIB4;0.007474923;9.645062E-05;0;0
79.7;MPIB3;0;0;0;0
79.7;MPIB2;0;0;0;0
79.7;MPIB1;0;0;0;0
79.75;MPIB4;0.007523148;4.822531E-05;0;0
79.75;MPIB3;0;0;0;0
79.75;MPIB2;0;0;0;0
79.75;MPIB1;0;0;0;0
79.8;MPIB4;0.007426698;0;0;0
79.8;MPIB3;0;0;0;0
79.8;MPIB2;0;0;0;0
79.8;MPIB1;0;0;0;0
79.85;MPIB4;0.007426698;0;0;0
79.85;MPIB3;0;0;0;0
79.85;MPIB2;0;0;0;0
79.85;MPIB1;0;0;0;0
79.9;MPIB4;0.007378472;0;0;0
79.9;MPIB3;0;0;0;0
79.9;MPIB2;0;0;0;0
79.9;MPIB1;0;0;0;0
79.95;MPIB4;0.007378472;0;0;0
79.95;MPIB3;0;0;0;0
79.95;MPIB2;0;0;0;0
79.95;MPIB1;0;0;0;0
80;MPIB4;0.007282021;4.822531E-05;0;0
80;MPIB3;0;0;0;0
80;MPIB2;0;0;0;0
80;MPIB1;0;0;0;0
80.05;MPIB4;0.006847994;0.001880787;0;0
80.05;MPIB3;0;0;0;0
80.05;MPIB2;0;0;0;0
80.05;MPIB1;0;0;0;0
80.1;MPIB4;0.006462191;0.003520448;0;0
80.1;MPIB3;0;0;0;0
80.1;MPIB2;0;0;0;0
80.1;MPIB1;0;0;0;0
80.15;MPIB4;0.006413966;0.004533179;0;0
80.15;MPIB3;0;0;0;0
80.15;MPIB2;0;0;0;0
80.15;MPIB1;0;0;0;0
80.2;MPIB4;0.00626929;0.004677855;0;0
80.2;MPIB3;0;0;0;0
80.2;MPIB2;0;0;0;0
80.2;MPIB1;0;0;0;0
80.25;MPIB4;0.006124614;0.004677855;0;0
80.25;MPIB3;0;0;0;0
80.25;MPIB2;0;0;0;0
80.25;MPIB1;0;0;0;0
80.3;MPIB4;0.005738812;0.004677855;0;0
80.3;MPIB3;0;0;0;0
80.3;MPIB2;0;0;0;0
80.3;MPIB1;0;0;0;0
80.35;MPIB4;0.005304784;0.004677855;0;0
80.35;MPIB3;0;0;0;0
80.35;MPIB2;0;0;0;0
80.35;MPIB1;0;0.008294753;0;0
80.4;MPIB4;0.00472608;0.004677855;0;0
80.4;MPIB3;0;0;0;0
80.4;MPIB2;0;0;0;0
80.4;MPIB1;0;0.01494985;0;0
80.45;MPIB4;0.004388503;0.003761574;0;0
80.45;MPIB3;0;0;0;0
80.45;MPIB2;0;0;0;0
80.45;MPIB1;0;0.01292438;0;0
80.5;MPIB4;0.004195602;0.003858025;0;0
80.5;MPIB3;0;0;0;0
80.5;MPIB2;0;0;0;0
80.5;MPIB1;0;0.01118827;0;0
80.55;MPIB4;0.004147376;0.003858025;0;0
80.55;MPIB3;0;0;0;0
80.55;MPIB2;0;0;0;0
80.55;MPIB1;0;0.01036844;0;0
80.6;MPIB4;0.004147376;0.003858025;0;0
80.6;MPIB3;0;0;0;0
80.6;MPIB2;0;0;0;0
80.6;MPIB1;0;0.01007909;0;0
80.65;MPIB4;0.004243827;0.004147376;0;0
80.65;MPIB3;0;0;0;0
80.65;MPIB2;0;0;0;0
80.65;MPIB1;0;0.008825231;0;0
80.7;MPIB4;0.004292052;0.00390625;0;0
80.7;MPIB3;0;0;0;0
80.7;MPIB2;0;0;0;0
80.7;MPIB1;0;0.00708912;0;0
80.75;MPIB4;0.004243827;0.004002701;0;0
80.75;MPIB3;0;0;0;0
80.75;MPIB2;0;0;0;0
80.75;MPIB1;0;0.006847994;0;0
80.8;MPIB4;0.004340278;0.004147376;0;0
80.8;MPIB3;0;0;0;0
80.8;MPIB2;0;0;0;0
80.8;MPIB1;0;0.006703318;0;0
80.85;MPIB4;0.004340278;0.004002701;0;0
80.85;MPIB3;0;0;0;0
80.85;MPIB2;0;0;0;0
80.85;MPIB1;0;0.006413966;0;0
80.9;MPIB4;0.004484954;0.003858025;0;0
80.9;MPIB3;0;0;0;0
80.9;MPIB2;0;0;0;0
80.9;MPIB1;0;0.006751543;0;0
80.95;MPIB4;0.004581404;0.004002701;0;0
80.95;MPIB3;0;0;0;0
80.95;MPIB2;0;0;0;0
80.95;MPIB1;0;0.006558642;0;0
81;MPIB4;0.004581404;0.004099151;0;0
81;MPIB3;0;0;0;0
81;MPIB2;0;0;0.0001446759;0
81;MPIB1;0;0.006944444;0;0
81.05;MPIB4;0.004581404;0.004243827;0;0
81.05;MPIB3;0;0;0;0
81.05;MPIB2;0;0;0.0002411265;0
81.05;MPIB1;0;0.00708912;0;0
81.1;MPIB4;0.004484954;0.004195602;0;0
81.1;MPIB3;0;0;0;0
81.1;MPIB2;0;0;0.0002411265;0
81.1;MPIB1;0;0.007185571;0;0
81.15;MPIB4;0.004388503;0.004292052;0;0
81.15;MPIB3;0;0;0;0
81.15;MPIB2;0;0;0.0006751543;0
81.15;MPIB1;0;0.0078125;0;0
81.2;MPIB4;0.004050926;0.004292052;0;0
81.2;MPIB3;0;0;0;0
81.2;MPIB2;0;0;0.0003858025;0
81.2;MPIB1;0;0.007908951;0.0005304784;0
81.25;MPIB4;0.003809799;0.004292052;0;0
81.25;MPIB3;0;0;0;0
81.25;MPIB2;0;0;0.0004340278;0
81.25;MPIB1;0;0.008053627;0.0007233796;0
81.3;MPIB4;0.003520448;0.004243827;0;0
81.3;MPIB3;0;0;0;0
81.3;MPIB2;0;0;0.0002411265;0
81.3;MPIB1;0;0.008873457;0.000626929;0
81.35;MPIB4;0.003375772;0.004388503;0;0
81.35;MPIB3;0;0;0;0
81.35;MPIB2;0;0;0.0004822531;0
81.35;MPIB1;0;0.009066358;0.0006751543;0
81.4;MPIB4;0.002748843;0.002797068;0;0
81.4;MPIB3;0;0;0;0
81.4;MPIB2;0;0;0.0007233796;0
81.4;MPIB1;0;0.009500386;0.0004340278;0
81.45;MPIB4;0.00308642;0.004002701;0;0
81.45;MPIB3;0;0;0;0
81.45;MPIB2;0;0;0.0005304784;0
81.45;MPIB1;0;0.00945216;0.0002893519;0
81.5;MPIB4;0.002893518;0.003038194;0;0
81.5;MPIB3;0;0;0;0
81.5;MPIB2;0;0;0.0005787037;0
81.5;MPIB1;0;0.009645062;0.0001446759;0
81.55;MPIB4;0.002845293;0.002555941;0;0
81.55;MPIB3;0;0;0;0
81.55;MPIB2;0;0;0.0005787037;0
81.55;MPIB1;0;0.009645062;0.0002411265;0
81.6;MPIB4;0.002797068;0.001832562;0;0
81.6;MPIB3;0;0;0;0
81.6;MPIB2;0;0;0.0006751543;0
81.6;MPIB1;0;0.01003086;0.0002411265;0
81.65;MPIB4;0.002941744;0.001109182;0;0
81.65;MPIB3;0;0;0;0
81.65;MPIB2;0;0;0.0005787037;0
81.65;MPIB1;0;0.009886188;0.0004822531;0
81.7;MPIB4;0.002893518;0.0005787037;0;0
81.7;MPIB3;0;0;0;0
81.7;MPIB2;0;0;0.0005787037;0
81.7;MPIB1;0;0.01075424;0.0003375772;0
81.75;MPIB4;0.002748843;0;0;0
81.75;MPIB3;0;0;0;0
81.75;MPIB2;0;0;0.0005787037;0
81.75;MPIB1;0;0.01075424;0.0003858025;0
81.8;MPIB4;0.00318287;0;0;0
81.8;MPIB3;0.0001446759;0.0002411265;0;0
81.8;MPIB2;0;0;0.000626929;0
81.8;MPIB1;0;0.01070602;0.0004822531;0
81.85;MPIB4;0.003809799;0;0;0
81.85;MPIB3;0.0005304784;0.0007716049;0;4.822531E-05
81.85;MPIB2;0;0;0.000626929;0
81.85;MPIB1;0;0.01070602;0.0004822531;0
81.9;MPIB4;0.003858025;0;0;0
81.9;MPIB3;0.000626929;0.0008680556;0;9.645062E-05
81.9;MPIB2;0;0;0.000626929;0
81.9;MPIB1;0;0.01089892;0.0004822531;0
81.95;MPIB4;0.004147376;0;0;0
81.95;MPIB3;0.000626929;0.0008680556;0;9.645062E-05
81.95;MPIB2;0;0;0.0005787037;0
81.95;MPIB1;0;0.01089892;0.0004822531;0
82;MPIB4;0.004484954;0;0;0
82;MPIB3;0.000626929;0.0008680556;0;0.0002411265
82;MPIB2;0;0;0.0005787037;0
82;MPIB1;0;0.01089892;0.0004822531;0
82.05;MPIB4;0.004870756;0;0;0
82.05;MPIB3;0.000626929;0.0008680556;0;0.0003375772
82.05;MPIB2;0;0;0.0005787037;0
82.05;MPIB1;0;0.01089892;0.0004822531;0
82.1;MPIB4;0.004581404;0;0;0
82.1;MPIB3;0.000626929;0.0008680556;0;0.0002893519
82.1;MPIB2;0;0;0.0005787037;0
82.1;MPIB1;0;0.01089892;0.0004822531;0
82.15;MPIB4;0.004484954;0;0;0
82.15;MPIB3;0.000626929;0.0008680556;0;0.0002893519
82.15;MPIB2;0;0;0.0005787037;0
82.15;MPIB1;0;0.01089892;0.0004822531;0
82.2;MPIB4;0.004099151;0;0;0
82.2;MPIB3;0.000626929;0.0008680556;0;0.0002893519
82.2;MPIB2;0;0;0.0005787037;0
82.2;MPIB1;0;0.01089892;0.0004822531;0
82.25;MPIB4;0.003858025;0;0;0
82.25;MPIB3;0.000626929;0.0008680556;0;0.0002893519
82.25;MPIB2;0;0;0.0005787037;0
82.25;MPIB1;0;0.01089892;0.0004822531;0
82.3;MPIB4;0.004002701;0;0;0
82.3;MPIB3;0.000626929;0.0008680556;0;0.0002893519
82.3;MPIB2;0;0;0.0005787037;0
82.3;MPIB1;0;0.01089892;0.0004822531;0
82.35;MPIB4;0.004002701;0;0;0
82.35;MPIB3;0.000626929;0.0008680556;0;0.0002893519
82.35;MPIB2;0;0;0.0005787037;0
82.35;MPIB1;0;0.01089892;0.0004822531;0
82.4;MPIB4;0.004002701;0;0;0
82.4;MPIB3;0.000626929;0.0008680556;0;0.0002893519
82.4;MPIB2;0;0;0.0005787037;0
82.4;MPIB1;0;0.01089892;0.0004822531;0
82.45;MPIB4;0.004002701;0;0;0
82.45;MPIB3;0.000626929;0.0008680556;0;0.0002893519
82.45;MPIB2;0;0;0.0005787037;0
82.45;MPIB1;0;0.01089892;0.0004822531;0
82.5;MPIB4;0.00390625;0;0;0
82.5;MPIB3;0.0005787037;0.0008680556;0;0.0003375772
82.5;MPIB2;0;0;0.0005787037;0
82.5;MPIB1;0;0.01089892;0.0004822531;0
82.55;MPIB4;0.00390625;0;0;0
82.55;MPIB3;0.0005787037;0.0009645062;0;0.0002893519
82.55;MPIB2;0;0;0.0005787037;0
82.55;MPIB1;0;0.01089892;0.0004822531;0
82.6;MPIB4;0.00390625;0;0;0
82.6;MPIB3;0.0005787037;0.0009645062;0;0.0002893519
82.6;MPIB2;0;0;0.0005787037;0
82.6;MPIB1;0;0.01089892;0.0004822531;0
82.65;MPIB4;0.00390625;0;0;0
82.65;MPIB3;0.0005304784;0.0008198302;0;0.0002411265
82.65;MPIB2;0;0;0.0005787037;0
82.65;MPIB1;0;0.01089892;0.0004340278;0
82.7;MPIB4;0.004050926;0;0;0
82.7;MPIB3;0.0004822531;0.0008198302;0;0.0002411265
82.7;MPIB2;0;0;0.0005787037;0
82.7;MPIB1;0;0.01089892;0.0004340278;0
82.75;MPIB4;0.004050926;0;0;0
82.75;MPIB3;0.0004340278;0.0006751543;0;0.0002893519
82.75;MPIB2;0;0;0.0005787037;0
82.75;MPIB1;0;0.01089892;0.0004340278;0
82.8;MPIB4;0.004050926;0;0;0
82.8;MPIB3;0.0004340278;0.0006751543;0;0.0002893519
82.8;MPIB2;0;0;0.0005787037;0
82.8;MPIB1;0;0.01089892;0.0004340278;0
82.85;MPIB4;0.004050926;0;0;0
82.85;MPIB3;0.0004340278;0.0006751543;0;0.0002893519
82.85;MPIB2;0;0;0.0005787037;0
82.85;MPIB1;0;0.01089892;0.0004340278;0
82.9;MPIB4;0.003954475;0;0;0
82.9;MPIB3;0.0004340278;0.0006751543;0;0.0002893519
82.9;MPIB2;0;0;0.0005787037;0
82.9;MPIB1;0;0.01089892;0.0004340278;0
82.95;MPIB4;0.003954475;0;0;0
82.95;MPIB3;0.0004340278;0.0006751543;0;0.0002893519
82.95;MPIB2;0;0;0.0005787037;0
82.95;MPIB1;0;0.01089892;0.0004340278;0
83;MPIB4;0.003954475;0;0;0
83;MPIB3;0.0004822531;0.0007716049;0;0.0001446759
83;MPIB2;0;0;0.0005787037;0
83;MPIB1;0;0.01089892;0.0004340278;0
83.05;MPIB4;0.003954475;0;0;0
83.05;MPIB3;0.0004822531;0.0007716049;0;0.0001446759
83.05;MPIB2;0;0;0.0005787037;0
83.05;MPIB1;0;0.01089892;0.0004340278;0
83.1;MPIB4;0.004050926;0;0;0
83.1;MPIB3;0.0004822531;0.0007716049;0;0.0001446759
83.1;MPIB2;0;0;0.0005304784;0
83.1;MPIB1;0;0.01089892;0.0004340278;0
83.15;MPIB4;0.004050926;0;0;0
83.15;MPIB3;0.0004822531;0.0007716049;0;0.0001446759
83.15;MPIB2;0;0;0.0007716049;0
83.15;MPIB1;0;0.01089892;0.0004340278;0
83.2;MPIB4;0.004050926;0;0;0
83.2;MPIB3;0.0004822531;0.0007716049;0;0.0001446759
83.2;MPIB2;0;0;0.0008198302;0
83.2;MPIB1;0;0.01085069;0.0004340278;0
83.25;MPIB4;0.004050926;0;0;0
83.25;MPIB3;0.0004822531;0.0007716049;0;0.0001446759
83.25;MPIB2;0;0;0.0008198302;0
83.25;MPIB1;0;0.01085069;0.0004340278;0
83.3;MPIB4;0.004002701;0;0;0
83.3;MPIB3;0.0004822531;0.0007716049;0;0.0001446759
83.3;MPIB2;0;0;0.0008198302;0
83.3;MPIB1;0;0.01085069;0.0004340278;0
83.35;MPIB4;0.004002701;0;0;0
83.35;MPIB3;0.0004822531;0.0007716049;0;0.0001446759
83.35;MPIB2;0;0;0.0009645062;0
83.35;MPIB1;0;0.01085069;0.0005787037;0
83.4;MPIB4;0.003954475;0;0;0
83.4;MPIB3;0.0005787037;0.0002411265;0;0.0001446759
83.4;MPIB2;0;0;0.0008198302;0
83.4;MPIB1;0;0.008777007;0.0005304784;0
83.45;MPIB4;0.004050926;0;0;0
83.45;MPIB3;0.0005304784;0.0003375772;0;9.645062E-05
83.45;MPIB2;0;0;0.0003375772;0
83.45;MPIB1;0;0.008439429;0.0004822531;0
83.5;MPIB4;0.004533179;0;0;0
83.5;MPIB3;0.0005787037;0.0003858025;0;0.0001446759
83.5;MPIB2;0;0;0.0002411265;0
83.5;MPIB1;0;0.00863233;0.0003858025;0
83.55;MPIB4;0.004533179;0;0;0
83.55;MPIB3;0.0005787037;0.0003858025;0;0.0001929012
83.55;MPIB2;0;0;0.0005787037;0
83.55;MPIB1;0;0.008680556;0.0002893519;0
83.6;MPIB4;0.004533179;0;0;0
83.6;MPIB3;0.0005787037;0.0003858025;0;0.0001929012
83.6;MPIB2;0;0;0.0009645062;0
83.6;MPIB1;0;0.008777007;0.0001929012;0
83.65;MPIB4;0.004533179;0;0;0
83.65;MPIB3;0.0005787037;0.0004822531;0;0.0002411265
83.65;MPIB2;0;0;0.001060957;0
83.65;MPIB1;0;0.009307484;9.645062E-05;0
83.7;MPIB4;0.004533179;0;0;0
83.7;MPIB3;0.0005787037;0.0005787037;0;0.0002893519
83.7;MPIB2;0;0;0.001109182;0
83.7;MPIB1;0;0.009596837;4.822531E-05;0
83.75;MPIB4;0.004388503;0;0;0
83.75;MPIB3;0.0005787037;0.0005787037;0;0.0002893519
83.75;MPIB2;0;0;0.001832562;0
83.75;MPIB1;0;0.01089892;4.822531E-05;0
83.8;MPIB4;0.004340278;0;0;0
83.8;MPIB3;0.000626929;0.0005304784;0;0.0002893519
83.8;MPIB2;0;0;0;0
83.8;MPIB1;0;0.01099537;4.822531E-05;0
83.85;MPIB4;0.004436729;0;0;0
83.85;MPIB3;0.000626929;0.0003858025;0;0.0002411265
83.85;MPIB2;0;0;0;0
83.85;MPIB1;0;0.01017554;4.822531E-05;0
83.9;MPIB4;0.004581404;0;0;0
83.9;MPIB3;0.000626929;0.0005304784;0;0.0001929012
83.9;MPIB2;0;0;0;0
83.9;MPIB1;0;0.01070602;4.822531E-05;0
83.95;MPIB4;0.003809799;0;0;0
83.95;MPIB3;0.0005787037;0.000626929;0;0
83.95;MPIB2;0;0;0;0
83.95;MPIB1;0;0.01085069;0;0
84;MPIB4;0.002170139;0;0;0
84;MPIB3;0.0006751543;0.0008198302;0;4.822531E-05
84;MPIB2;0;0;0.0008680556;0
84;MPIB1;0;0.009548611;0;0
84.05;MPIB4;0.005015432;0;0;0
84.05;MPIB3;0.000626929;0.0009162808;0;0
84.05;MPIB2;0;0;0.0008680556;0
84.05;MPIB1;0;0.009259259;0;0
84.1;MPIB4;0.007474923;0;0;0
84.1;MPIB3;0.0006751543;0.0009645062;0;4.822531E-05
84.1;MPIB2;0;0;0.0008680556;0
84.1;MPIB1;0;0.01017554;0;0
84.15;MPIB4;0.007330247;0;0;0
84.15;MPIB3;0.0006751543;0.0009645062;0;4.822531E-05
84.15;MPIB2;0;0;0.0008198302;0
84.15;MPIB1;0;0.01128472;0;0
84.2;MPIB4;0.00554591;0;0;0
84.2;MPIB3;0.0006751543;0.0009645062;0;4.822531E-05
84.2;MPIB2;0;0;0.0008198302;0
84.2;MPIB1;0;0.01186343;0;0
84.25;MPIB4;0.003038194;0;0;0
84.25;MPIB3;0.0006751543;0.0008198302;0;0
84.25;MPIB2;0;0;0.0008198302;0
84.25;MPIB1;0;0.01335841;0;0
84.3;MPIB4;0.0008680556;0;0;0
84.3;MPIB3;0.0004822531;0.0007233796;0;9.645062E-05
84.3;MPIB2;0;0;0.0007233796;0
84.3;MPIB1;0;0.0150463;0;0
84.35;MPIB4;0;0;0;0
84.35;MPIB3;0.0004822531;0.0005787037;0;4.822531E-05
84.35;MPIB2;0;0;0.0005304784;0
84.35;MPIB1;0;0.01596258;0;0
84.4;MPIB4;0;0;0;0
84.4;MPIB3;0.0004822531;0.0005787037;0;0
84.4;MPIB2;0;0;0.0005304784;0
84.4;MPIB1;0;0.0162037;4.822531E-05;0
84.45;MPIB4;0;0;0;0
84.45;MPIB3;0.0005304784;0.0005787037;0;9.645062E-05
84.45;MPIB2;0;0;0.0005304784;0
84.45;MPIB1;0;0.01658951;0.0008198302;0
84.5;MPIB4;0;0;0;0
84.5;MPIB3;0.0005304784;0.0005787037;0;4.822531E-05
84.5;MPIB2;0;0;0.0005304784;0
84.5;MPIB1;0;0.01673418;0.0009645062;0
84.55;MPIB4;0;0;0;0
84.55;MPIB3;0.0005304784;0.0005787037;0;9.645062E-05
84.55;MPIB2;0;0;0.0005304784;0
84.55;MPIB1;0;0.01625193;0.0005787037;0
84.6;MPIB4;0;0;0;0
84.6;MPIB3;0.0005304784;0.0005787037;0;9.645062E-05
84.6;MPIB2;0;0;0.0005304784;0
84.6;MPIB1;0;0.01654128;0.0006751543;0
84.65;MPIB4;0;0;0;0
84.65;MPIB3;0.0005304784;0.0005787037;0;4.822531E-05
84.65;MPIB2;0;0;0.0005304784;0
84.65;MPIB1;0;0.01789159;0.0003858025;0
84.7;MPIB4;0;0;0;0
84.7;MPIB3;0.0005304784;0.0005787037;0;4.822531E-05
84.7;MPIB2;0;0;0.0005304784;0
84.7;MPIB1;0;0.01861497;0.0003858025;0
84.75;MPIB4;0;0;0;0
84.75;MPIB3;0.0005304784;0.0005787037;0;4.822531E-05
84.75;MPIB2;0;0;0.0005304784;0
84.75;MPIB1;0;0.0202064;0.0002411265;0
84.8;MPIB4;0;0;0;0
84.8;MPIB3;0.0005787037;0.0005787037;0;4.822531E-05
84.8;MPIB2;0;0;0.0005304784;0
84.8;MPIB1;0;0.02329282;0.0002411265;0
84.85;MPIB4;0;0;0;0
84.85;MPIB3;0.0005304784;0.0005787037;0;4.822531E-05
84.85;MPIB2;0;0;0.0005304784;0
84.85;MPIB1;0;0.02797068;0.0001929012;0
84.9;MPIB4;0;0;0;0
84.9;MPIB3;0.0004822531;0.0005787037;0;4.822531E-05
84.9;MPIB2;0;0;0.0005304784;0
84.9;MPIB1;0;0.03245563;0.0003858025;0
84.95;MPIB4;0;0;0;0
84.95;MPIB3;0.0003858025;0.0004822531;0;4.822531E-05
84.95;MPIB2;0;0;0.0005304784;0
84.95;MPIB1;0;0.03636188;0.0001929012;0
85;MPIB4;0;0;0;0
85;MPIB3;0.0003858025;0.0004822531;0;4.822531E-05
85;MPIB2;0;0;0.0005304784;0
85;MPIB1;0;0.04079861;0.0002893519;0
85.05;MPIB4;0;0;0;0
85.05;MPIB3;0.0004340278;0.0004822531;0;4.822531E-05
85.05;MPIB2;0;0;0.0005304784;0
85.05;MPIB1;0;0.04523534;0.0001929012;0
85.1;MPIB4;0;0;0;0
85.1;MPIB3;0.0003375772;0.0004822531;0;4.822531E-05
85.1;MPIB2;0;0;0.0005304784;0
85.1;MPIB1;0;0.05058835;0.0001929012;0
85.15;MPIB4;0;0;0;0
85.15;MPIB3;0.0003858025;0.0004822531;0;4.822531E-05
85.15;MPIB2;0;0;0.0005304784;0
85.15;MPIB1;0;0.05753279;0.0001929012;0
85.2;MPIB4;0;0;0;0
85.2;MPIB3;0.0003858025;0.0004822531;0;4.822531E-05
85.2;MPIB2;0;0;0.0005304784;0
85.2;MPIB1;0;0.06577932;0.0001929012;0
85.25;MPIB4;0;0;0;0
85.25;MPIB3;0.0003858025;0.0004822531;0;4.822531E-05
85.25;MPIB2;0;0;0.0005304784;0
85.25;MPIB1;0;0.06925154;0.0002893519;0
85.3;MPIB4;0;0;0;0
85.3;MPIB3;0.0004340278;0.0004822531;0;4.822531E-05
85.3;MPIB2;0;0;0.0005304784;0
85.3;MPIB1;0;0.06838349;0.0003375772;0
85.35;MPIB4;0;0;0;0
85.35;MPIB3;0.0003858025;0.0004822531;0;4.822531E-05
85.35;MPIB2;0;0;0.0005304784;0
85.35;MPIB1;0;0.06423611;0.0002893519;0
85.4;MPIB4;0;0;0;0
85.4;MPIB3;0.0004340278;0.0004822531;0;4.822531E-05
85.4;MPIB2;0;0;0.0005304784;0
85.4;MPIB1;0;0.065924;0.0003858025;0
85.45;MPIB4;0;0;0;0
85.45;MPIB3;0.0004340278;0.0004822531;0;4.822531E-05
85.45;MPIB2;0;0;0.0005304784;0
85.45;MPIB1;0;0.06380209;0.0004340278;0
85.5;MPIB4;0;0;0;0
85.5;MPIB3;0.0004340278;0.0004822531;0;4.822531E-05
85.5;MPIB2;0;0;0.0005304784;0
85.5;MPIB1;0;0.05700231;0.0003858025;0
85.55;MPIB4;0;0;0;0
85.55;MPIB3;0.0004340278;0.0004822531;0;4.822531E-05
85.55;MPIB2;0;0;0.0005304784;0
85.55;MPIB1;0;0.04972029;0.0003858025;0
85.6;MPIB4;0;0;0;0
85.6;MPIB3;0.0004340278;0.0004822531;0;4.822531E-05
85.6;MPIB2;0;0;0.0005304784;0
85.6;MPIB1;0;0.04152199;0.0004340278;0
85.65;MPIB4;0;0;0;0
85.65;MPIB3;0.0004340278;0.0004822531;0;4.822531E-05
85.65;MPIB2;0;0;0.0005304784;0
85.65;MPIB1;0;0.02261767;0.0003858025;0
85.7;MPIB4;0;0;0;0
85.7;MPIB3;0.0004822531;0.0004822531;0;4.822531E-05
85.7;MPIB2;0;0;0.0005304784;0
85.7;MPIB1;0;0.005979938;0.0004340278;0
85.75;MPIB4;0;0;0;0
85.75;MPIB3;0.0004340278;0.0004822531;0;4.822531E-05
85.75;MPIB2;0;0;0.0005304784;0
85.75;MPIB1;0;0;0.0004340278;0
85.8;MPIB4;0;0;0;0
85.8;MPIB3;0.0004340278;0.0004822531;0;4.822531E-05
85.8;MPIB2;0;0;0.0005304784;0
85.8;MPIB1;0;0;0.0003858025;0
85.85;MPIB4;0;0;0;0
85.85;MPIB3;0.0004340278;0.0004822531;0;4.822531E-05
85.85;MPIB2;0;0;0.0005304784;0
85.85;MPIB1;0;0;0.0002893519;0
85.9;MPIB4;0;0;0;0
85.9;MPIB3;0.0004340278;0.0004822531;0;4.822531E-05
85.9;MPIB2;0;0;0.0005304784;0
85.9;MPIB1;0;0;0.0005787037;0
85.95;MPIB4;0;0;0;0
85.95;MPIB3;0.0004340278;0.0004822531;0;4.822531E-05
85.95;MPIB2;0;0;0.0009645062;0
85.95;MPIB1;0;0;0.0005304784;0
86;MPIB4;0;0;0;0
86;MPIB3;0.0004340278;0.0004822531;0;4.822531E-05
86;MPIB2;0;0;0.0009645062;0
86;MPIB1;0;0;0.0005304784;0
86.05;MPIB4;0;0;0;0
86.05;MPIB3;0.0004340278;0.0004822531;0;4.822531E-05
86.05;MPIB2;0;0;0.0009645062;0
86.05;MPIB1;0;0;0.0006751543;0
86.1;MPIB4;0;0;0;0
86.1;MPIB3;0.0004340278;0.0004822531;0;4.822531E-05
86.1;MPIB2;0;0;0.0009645062;0
86.1;MPIB1;0;0;0.0005787037;0
86.15;MPIB4;0;0;0;0
86.15;MPIB3;0.0004340278;0.0004822531;0;4.822531E-05
86.15;MPIB2;0;0;0.0009645062;0
86.15;MPIB1;0;0;0.0007233796;0
86.2;MPIB4;0;0;0;0
86.2;MPIB3;0.0004340278;0.0004822531;0;4.822531E-05
86.2;MPIB2;0;0;0.0009645062;0
86.2;MPIB1;0;0;0.0008198302;0
86.25;MPIB4;0;0;0;0
86.25;MPIB3;0.0004822531;0.0004822531;0;4.822531E-05
86.25;MPIB2;0;0;0.0009645062;0
86.25;MPIB1;0;0;0.0007716049;0
86.3;MPIB4;0;0;0;0
86.3;MPIB3;0.0004822531;0.0004822531;0;4.822531E-05
86.3;MPIB2;0;0;0.0009645062;0
86.3;MPIB1;0;0;0.0007233796;0
86.35;MPIB4;0;0;0;0
86.35;MPIB3;0.001109182;0;0;0.0001929012
86.35;MPIB2;0;0;0.0009645062;0
86.35;MPIB1;0;0;0.0008198302;0
86.4;MPIB4;0;0;0;0
86.4;MPIB3;0;0;0;0
86.4;MPIB2;0;0;0.000626929;0
86.4;MPIB1;0;0;0.0004340278;0
86.45;MPIB4;0;0;0;0
86.45;MPIB3;0;0;0;0
86.45;MPIB2;0;0;0.0007716049;0
86.45;MPIB1;0;0;0.0005787037;0
86.5;MPIB4;0;0;0;0
86.5;MPIB3;0;0;0;0
86.5;MPIB2;0;0;0.0009162808;0
86.5;MPIB1;0;0;0.000626929;0
86.55;MPIB4;0;0;0;0
86.55;MPIB3;0;0;0;0
86.55;MPIB2;0;0;0.0003858025;0
86.55;MPIB1;0;0;0.000626929;0
86.6;MPIB4;0;0;0;0
86.6;MPIB3;0;0;0;0
86.6;MPIB2;0;0;4.822531E-05;0
86.6;MPIB1;0;0;0.0007233796;0
86.65;MPIB4;0;0;0;0
86.65;MPIB3;0;0;0;0
86.65;MPIB2;0;0;0.0002411265;0
86.65;MPIB1;0;0;0.0005787037;0
86.7;MPIB4;0;0;0;0
86.7;MPIB3;0;0;0;0
86.7;MPIB2;0;0;0.0003858025;0
86.7;MPIB1;0;0;0.0006751543;0
86.75;MPIB4;0;0;0;0
86.75;MPIB3;0;0;0;0
86.75;MPIB2;0;0;0.0003858025;0
86.75;MPIB1;0;0;0.0005304784;0
86.8;MPIB4;0;0;0;0
86.8;MPIB3;0;0;0;0
86.8;MPIB2;0;0;0.0003858025;0
86.8;MPIB1;0;0;0.0005787037;0
86.85;MPIB4;0;0;0;0
86.85;MPIB3;0;0;0;0
86.85;MPIB2;0;0;0;0
86.85;MPIB1;0;0;0.0005787037;0
86.9;MPIB4;0;0;0;0
86.9;MPIB3;0;0;0;0
86.9;MPIB2;0;0;0;0
86.9;MPIB1;0;0;0.0005787037;0
86.95;MPIB4;0;0;0;0
86.95;MPIB3;0;0;0;0
86.95;MPIB2;0;0;0;0
86.95;MPIB1;0;0;0.0005787037;0
87;MPIB4;0;0;0;0
87;MPIB3;0;0;0;0
87;MPIB2;0;0;0;0
87;MPIB1;0;0;0.0005304784;0
87.05;MPIB4;0;0;0;0
87.05;MPIB3;0;0;0;0
87.05;MPIB2;0;0;0;0
87.05;MPIB1;0;0;0.0005304784;0
87.1;MPIB4;0;0;0;0
87.1;MPIB3;0;0;0;0
87.1;MPIB2;0;0;0;0
87.1;MPIB1;0;0;0.0005304784;0
87.15;MPIB4;0;0;0;0
87.15;MPIB3;0;0;0;0
87.15;MPIB2;0;0;0;0
87.15;MPIB1;0;0;0.0005304784;0
87.2;MPIB4;0;0;0;0
87.2;MPIB3;0;0;0;0
87.2;MPIB2;0;0;0;0
87.2;MPIB1;0;0;0.0005304784;0
87.25;MPIB4;0;0;0;0
87.25;MPIB3;0;0;0;0
87.25;MPIB2;0;0;0;0
87.25;MPIB1;0;0;0.0005304784;0
87.3;MPIB4;0;0;0;0
87.3;MPIB3;0;0;0;0
87.3;MPIB2;0;0;0;0
87.3;MPIB1;0;0;0.0005304784;0
87.35;MPIB4;0;0;0;0
87.35;MPIB3;0;0;0;0
87.35;MPIB2;0;0;0;0
87.35;MPIB1;0;0;0.0005304784;0
87.4;MPIB4;0;0;0;0
87.4;MPIB3;0;0;0;0
87.4;MPIB2;0;0;0;0
87.4;MPIB1;0;0;0.0005787037;0
87.45;MPIB4;0;0;0;0
87.45;MPIB3;0;0;0;0
87.45;MPIB2;0;0;0;0
87.45;MPIB1;0;0;0.0005304784;0
87.5;MPIB4;0;0;0;0
87.5;MPIB3;0;0;0;0
87.5;MPIB2;0;0;0;0
87.5;MPIB1;0;0;0.0005304784;0
87.55;MPIB4;0;0;0;0
87.55;MPIB3;0;0;0;0
87.55;MPIB2;0;0;0;0
87.55;MPIB1;0;0;0.0005787037;0
87.6;MPIB4;0;0;0;0
87.6;MPIB3;0;0;0;0
87.6;MPIB2;0;0;0;0
87.6;MPIB1;0;0;0.0005787037;0
87.65;MPIB4;0;0;0;0
87.65;MPIB3;0;0;0;0
87.65;MPIB2;0;0;0;0
87.65;MPIB1;0;0;0.0005787037;0
87.7;MPIB4;0;0;0;0
87.7;MPIB3;0;0;0;0
87.7;MPIB2;0;0;0;0
87.7;MPIB1;0;0;0.0005787037;0
87.75;MPIB4;0;0;0;0
87.75;MPIB3;0;0;0;0
87.75;MPIB2;0;0;0;0
87.75;MPIB1;0;0;0.0005787037;0
87.8;MPIB4;0;0;0;0
87.8;MPIB3;0;0;0;0
87.8;MPIB2;0;0;0;0
87.8;MPIB1;0;0;0.0005787037;0
87.85;MPIB4;0;0;0;0
87.85;MPIB3;0;0;0;0
87.85;MPIB2;0;0;0;0
87.85;MPIB1;0;0;0.0004340278;0
87.9;MPIB4;0;0;0;0
87.9;MPIB3;0;0;0;0
87.9;MPIB2;0;0;0;0
87.9;MPIB1;0;0;0.0001929012;0
87.95;MPIB4;0;0;0;0
87.95;MPIB3;0;0;0;0
87.95;MPIB2;0;0;0;0
87.95;MPIB1;0;0;0.0001929012;0
88;MPIB4;0;0;0;0
88;MPIB3;0;0;0;0
88;MPIB2;0;0;0;0
88;MPIB1;0;0;0.0001446759;0
88.05;MPIB4;0;0;0;0
88.05;MPIB3;0;0;0;0
88.05;MPIB2;0;0;0;0
88.05;MPIB1;0;0;0.0002893519;0
88.1;MPIB4;0;0;0;0
88.1;MPIB3;0;0;0;0
88.1;MPIB2;0;0;0;0
88.1;MPIB1;0;0;0;0
88.15;MPIB4;0;0;0;0
88.15;MPIB3;0;0;0;0
88.15;MPIB2;0;0;0;0
88.15;MPIB1;0;0;9.645062E-05;0
88.2;MPIB4;0;0;0;0
88.2;MPIB3;0;0;0;0
88.2;MPIB2;0;0;0;0
88.2;MPIB1;0;0;4.822531E-05;0
88.25;MPIB4;0;0;0;0
88.25;MPIB3;0;0;0;0
88.25;MPIB2;0;0;0;0
88.25;MPIB1;0;0;0.0003375772;0
88.3;MPIB4;0;0;0;0
88.3;MPIB3;0;0;0;0
88.3;MPIB2;0;0;0;0
88.3;MPIB1;0;0;0.0002411265;0
88.35;MPIB4;0;0;0;0
88.35;MPIB3;0;0;0;0
88.35;MPIB2;0;0;0;0
88.35;MPIB1;0;0;0.0005787037;0
88.4;MPIB4;0;0;0;0
88.4;MPIB3;0;0;0;0
88.4;MPIB2;0;0;0;0
88.4;MPIB1;0;0;0.000626929;0
88.45;MPIB4;0;0;0;0
88.45;MPIB3;0;0;0;0
88.45;MPIB2;0;0;0;0
88.45;MPIB1;0;0;0.0005304784;0
88.5;MPIB4;0;0;0;0
88.5;MPIB3;0;0;0;0
88.5;MPIB2;0;0;0;0
88.5;MPIB1;0;0;0.0006751543;0
88.55;MPIB4;0;0;0;0
88.55;MPIB3;0;0;0;0
88.55;MPIB2;0;0;0;0
88.55;MPIB1;0;0;0.0006751543;0
88.6;MPIB4;0;0;0;0
88.6;MPIB3;0;0;0;0
88.6;MPIB2;0;0;0;0
88.6;MPIB1;0;0;0.0007233796;0
88.65;MPIB4;0;0;0;0
88.65;MPIB3;0;0;0;0
88.65;MPIB2;0;0;0;0
88.65;MPIB1;0;0;0.0008198302;0
88.7;MPIB4;0;0;0;0
88.7;MPIB3;0;0;0;0
88.7;MPIB2;0;0;0;0
88.7;MPIB1;0;0;0.0007716049;0
88.75;MPIB4;0;0;0;0
88.75;MPIB3;0;0;0;0
88.75;MPIB2;0;0;0;0
88.75;MPIB1;0;0;0.0007233796;0
88.8;MPIB4;0;0;0;0
88.8;MPIB3;0;0;0;0
88.8;MPIB2;0;0;0;0
88.8;MPIB1;0;0;0.0008198302;0
88.85;MPIB4;0;0;0;0
88.85;MPIB3;0;0;0;0
88.85;MPIB2;0;0;0;0
88.85;MPIB1;0;0;0.0008198302;0
88.9;MPIB4;0;0;0;0
88.9;MPIB3;0;0;0;0
88.9;MPIB2;0;0;0;0
88.9;MPIB1;0;0;0.0008680556;0
88.95;MPIB4;0;0;0;0
88.95;MPIB3;0;0;0;0
88.95;MPIB2;0;0;0;0
88.95;MPIB1;0;0;0.0008680556;0
89;MPIB4;0;0;0;0
89;MPIB3;0;0;0;0
89;MPIB2;0;0;0;0
89;MPIB1;0;0;0.0008680556;0
89.05;MPIB4;0;0;0;0
89.05;MPIB3;0;0;0;0
89.05;MPIB2;0;0;0;0
89.05;MPIB1;0;0;0.0008680556;0
89.1;MPIB4;0;0;0;0
89.1;MPIB3;0;0;0;0
89.1;MPIB2;0;0;0;0
89.1;MPIB1;0;0;0.0008680556;0
89.15;MPIB4;0;0;0;0
89.15;MPIB3;0;0;0;0
89.15;MPIB2;0;0;0;0
89.15;MPIB1;0;0;0.0009162808;0
89.2;MPIB4;0;0;0;0
89.2;MPIB3;0;0;0;0
89.2;MPIB2;0;0;0;0
89.2;MPIB1;0;0;0.0009162808;0
89.25;MPIB4;0;0;0;0
89.25;MPIB3;0;0;0;0
89.25;MPIB2;0;0;0;0
89.25;MPIB1;0;0;0.0009162808;0
89.3;MPIB4;0;0;0;0
89.3;MPIB3;0;0;0;0
89.3;MPIB2;0;0;0;0
89.3;MPIB1;0;0;0.001350309;0
89.35;MPIB4;0;0;0;0
89.35;MPIB3;0;0;0;0
89.35;MPIB2;0;0;0;0
89.35;MPIB1;0;0;0.001350309;0
89.4;MPIB4;0;0;0;0
89.4;MPIB3;0;0;0;0
89.4;MPIB2;0;0;0;0
89.4;MPIB1;0;0;0.001350309;0
89.45;MPIB4;0;0;0;0
89.45;MPIB3;0;0;0;0
89.45;MPIB2;0;0;0;0
89.45;MPIB1;0;0;0.001446759;0
89.5;MPIB4;0;0;0;0
89.5;MPIB3;0;0;0;0
89.5;MPIB2;0;0;0;0
89.5;MPIB1;0;0;0.001398534;0
89.55;MPIB4;0;0;0;0
89.55;MPIB3;0;0;0;0
89.55;MPIB2;0;0;0;0
89.55;MPIB1;0;0;0.001350309;0
89.6;MPIB4;0;0;0;0
89.6;MPIB3;0;0;0;0
89.6;MPIB2;0;0;0;0
89.6;MPIB1;0;0;0.001302083;0
89.65;MPIB4;0;0;0;0
89.65;MPIB3;0;0;0;0
89.65;MPIB2;0;0;0;0
89.65;MPIB1;0;0;0.001302083;0
89.7;MPIB4;0;0;0;0
89.7;MPIB3;0;0;0;0
89.7;MPIB2;0;0;0;0
89.7;MPIB1;0;0;0.001302083;0
89.75;MPIB4;0;0;0;0
89.75;MPIB3;0;0;0;0
89.75;MPIB2;0;0;0;0
89.75;MPIB1;0;0;0.001302083;0
89.8;MPIB4;0;0;0;0
89.8;MPIB3;0;0;0;0
89.8;MPIB2;0;0;0;0
89.8;MPIB1;0;0;0.001302083;0
89.85;MPIB4;0;0;0;0
89.85;MPIB3;0;0;0;0
89.85;MPIB2;0;0;0;0
89.85;MPIB1;0;0;0.001350309;0
89.9;MPIB4;0;0;0;0
89.9;MPIB3;0;0;0;0
89.9;MPIB2;0;0;0;0
89.9;MPIB1;0;0;0.001398534;0
89.95;MPIB4;0;0;0;0
89.95;MPIB3;0;0;0;0
89.95;MPIB2;0;0;0;0
89.95;MPIB1;0;0;0.001398534;0
90;MPIB4;0;0;0;0
90;MPIB3;0;0;0;0
90;MPIB2;0;0;0;0
90;MPIB1;0;0;0.001350309;0
90.05;MPIB4;0;0;0;0
90.05;MPIB3;0;0;0;0
90.05;MPIB2;0;0;0;0
90.05;MPIB1;0;0;0.001446759;0
90.1;MPIB4;0;0;0;0
90.1;MPIB3;0;0;0;0
90.1;MPIB2;0;0;0;0
90.1;MPIB1;0;0;0.001398534;0
90.15;MPIB4;0;0;0;0
90.15;MPIB3;0;0;0;0
90.15;MPIB2;0;0;0;0
90.15;MPIB1;0;0;0.00154321;0
90.2;MPIB4;0;0;0;0
90.2;MPIB3;0;0;0;0
90.2;MPIB2;0;0;0;0
90.2;MPIB1;0;0;0.00154321;0
90.25;MPIB4;0;0;0;0
90.25;MPIB3;0;0;0;0
90.25;MPIB2;0;0;0;0
90.25;MPIB1;0;0;0.001494985;0
90.3;MPIB4;0;0;0;0
90.3;MPIB3;0;0;0;0
90.3;MPIB2;0;0;0;0
90.3;MPIB1;0;0;0.001494985;0
90.35;MPIB4;0;0;0;0
90.35;MPIB3;0;0;0;0
90.35;MPIB2;0;0;0;0
90.35;MPIB1;0;0;0.001494985;0
90.4;MPIB4;0;0;0;0
90.4;MPIB3;0;0;0;0
90.4;MPIB2;0;0;0;0
90.4;MPIB1;0;0;0.001494985;0
90.45;MPIB4;0;0;0;0
90.45;MPIB3;0;0;0;0
90.45;MPIB2;0;0;0;0
90.45;MPIB1;0;0;0.001494985;0
90.5;MPIB4;0;0;0;0
90.5;MPIB3;0;0;0;0
90.5;MPIB2;0;0;0;0
90.5;MPIB1;0;0;0.001494985;0
90.55;MPIB4;0;0;0;0
90.55;MPIB3;0;0;0;0
90.55;MPIB2;0;0;0;0
90.55;MPIB1;0;0;0.001494985;0
90.6;MPIB4;0;0;0;0
90.6;MPIB3;0;0;0;0
90.6;MPIB2;0;0;0;0
90.6;MPIB1;0;0;0.001494985;0
90.65;MPIB4;0;0;0;0
90.65;MPIB3;0;0;0;0
90.65;MPIB2;0;0;0;0
90.65;MPIB1;0;0;0.001494985;0
90.7;MPIB4;0;0;0;0
90.7;MPIB3;0;0;0;0
90.7;MPIB2;0;0;0;0
90.7;MPIB1;0;0;0.001494985;0
90.75;MPIB4;0;0;0;0
90.75;MPIB3;0;0;0;0
90.75;MPIB2;0;0;0;0
90.75;MPIB1;0;0;0.001494985;0
90.8;MPIB4;0;0;0;0
90.8;MPIB3;0;0;0;0
90.8;MPIB2;0;0;0;0
90.8;MPIB1;0;0;0.001253858;0
90.85;MPIB4;0;0;0;0
90.85;MPIB3;0;0;0;0
90.85;MPIB2;0;0;0;0
90.85;MPIB1;0;0;0.0006751543;0
90.9;MPIB4;0;0;0;0
90.9;MPIB3;0;0;0;0
90.9;MPIB2;0;0;0;0
90.9;MPIB1;0;0;0.0004822531;0
90.95;MPIB4;0;0;0;0
90.95;MPIB3;0;0;0;0
90.95;MPIB2;0;0;0;0
90.95;MPIB1;0;0;0.0004340278;0
91;MPIB4;0;0;0;0
91;MPIB3;0;0;0;0
91;MPIB2;0;0;0;0
91;MPIB1;0;0;0.0003375772;0
91.05;MPIB4;0;0;0;0
91.05;MPIB3;0;0;0;0
91.05;MPIB2;0;0;0;0
91.05;MPIB1;0;0;0.0004340278;0
91.1;MPIB4;0;0;0;0
91.1;MPIB3;0;0;0;0
91.1;MPIB2;0;0;0;0
91.1;MPIB1;0;0;0.0004340278;0
91.15;MPIB4;0;0;0;0
91.15;MPIB3;0;0;0;0
91.15;MPIB2;0;0;0;0
91.15;MPIB1;0;0;0.0001929012;0
91.2;MPIB4;0;0;0;0
91.2;MPIB3;0;0;0;0
91.2;MPIB2;0;0;0;0
91.2;MPIB1;0;0;0.0001446759;0
91.25;MPIB4;0;0;0;0
91.25;MPIB3;0;0;0;0
91.25;MPIB2;0;0;0;0
91.25;MPIB1;0;0;0;0
91.3;MPIB4;0;0;0;0
91.3;MPIB3;0;0;0;0
91.3;MPIB2;0;0;0;0
91.3;MPIB1;0;0;9.645062E-05;0
91.35;MPIB4;0;0;0;0
91.35;MPIB3;0;0;0;0
91.35;MPIB2;0;0;0;0
91.35;MPIB1;0;0;0.0002411265;0
91.4;MPIB4;0;0;0;0
91.4;MPIB3;0;0;0;0
91.4;MPIB2;0;0;0;0
91.4;MPIB1;0;0;0.0003375772;0
91.45;MPIB4;0;0;0;0
91.45;MPIB3;0;0;0;0
91.45;MPIB2;0;0;0;0
91.45;MPIB1;0;0;0.0002411265;0
91.5;MPIB4;0;0;0;0
91.5;MPIB3;0;0;0;0
91.5;MPIB2;0;0;0;0
91.5;MPIB1;0;0;0.0005787037;0
91.55;MPIB4;0;0;0;0
91.55;MPIB3;0;0;0;0
91.55;MPIB2;0;0;0;0
91.55;MPIB1;0;0;0.0008680556;0
91.6;MPIB4;0;0;0;0
91.6;MPIB3;0;0;0;0
91.6;MPIB2;0;0;0;0
91.6;MPIB1;0;0;0.001109182;0
91.65;MPIB4;0;0;0;0
91.65;MPIB3;0;0;0;0
91.65;MPIB2;0;0;0;0
91.65;MPIB1;0;0;0.001205633;0
91.7;MPIB4;0;0;0;0
91.7;MPIB3;0;0;0;0
91.7;MPIB2;0;0;0;0
91.7;MPIB1;0;0;0.001253858;0
91.75;MPIB4;0;0;0;0
91.75;MPIB3;0;0;0;0
91.75;MPIB2;0;0;0;0
91.75;MPIB1;0;0;0.001302083;0
91.8;MPIB4;0;0;0;0
91.8;MPIB3;0;0;0;0
91.8;MPIB2;0;0;0;0
91.8;MPIB1;0;0;0.001446759;0
91.85;MPIB4;0;0;0;0
91.85;MPIB3;0;0;0;0
91.85;MPIB2;0;0;0;0
91.85;MPIB1;0;0;0.001494985;0
91.9;MPIB4;0;0;0;0
91.9;MPIB3;0;0;0;0
91.9;MPIB2;0;0;0;0
91.9;MPIB1;0;0;0.001494985;0
91.95;MPIB4;0;0;0;0
91.95;MPIB3;0;0;0;0
91.95;MPIB2;0;0;0;0
91.95;MPIB1;0;0;0.00163966;0
92;MPIB4;0;0;0;0
92;MPIB3;0;0;0;0
92;MPIB2;0;0;0;0
92;MPIB1;0;0;0.001880787;0
92.05;MPIB4;0;0;0;0
92.05;MPIB3;0;0;0;0
92.05;MPIB2;0;0;0;0
92.05;MPIB1;0;0;0.001784336;0
92.1;MPIB4;0;0;0;0
92.1;MPIB3;0;0;0;0
92.1;MPIB2;0;0;0;0
92.1;MPIB1;0;0;0.001880787;0
92.15;MPIB4;0;0;0;0
92.15;MPIB3;0;0;0;0
92.15;MPIB2;0;0;0;0
92.15;MPIB1;0;0;0.001832562;0
92.2;MPIB4;0;0;0;0
92.2;MPIB3;0;0;0;0
92.2;MPIB2;0;0;0;0
92.2;MPIB1;0;0;0.001591435;0
92.25;MPIB4;0;0;0;0
92.25;MPIB3;0;0;0;0
92.25;MPIB2;0;0;0;0
92.25;MPIB1;0;0;0.001591435;0
92.3;MPIB4;0;0;0;0
92.3;MPIB3;0;0;0;0
92.3;MPIB2;0;0;0;0
92.3;MPIB1;0;0;0.001591435;0
92.35;MPIB4;0;0;0;0
92.35;MPIB3;0;0;0;0
92.35;MPIB2;0;0;0;0
92.35;MPIB1;0;0;0.001591435;0
92.4;MPIB4;0;0;0;0
92.4;MPIB3;0;0;0;0
92.4;MPIB2;0;0;0;0
92.4;MPIB1;0;0;0.001591435;0
92.45;MPIB4;0;0;0;0
92.45;MPIB3;0;0;0;0
92.45;MPIB2;0;0;0;0
92.45;MPIB1;0;0;0.001591435;0
92.5;MPIB4;0;0;0;0
92.5;MPIB3;0;0;0;0
92.5;MPIB2;0;0;0;0
92.5;MPIB1;0;0;0.00154321;0
92.55;MPIB4;0;0;0;0
92.55;MPIB3;0;0;0;0
92.55;MPIB2;0;0;0;0
92.55;MPIB1;0;0;0.00154321;0
92.6;MPIB4;0;0;0;0
92.6;MPIB3;0;0;0;0
92.6;MPIB2;0;0;0;0
92.6;MPIB1;0;0;0.00154321;0
92.65;MPIB4;0;0;0;0
92.65;MPIB3;0;0;0;0
92.65;MPIB2;0;0;0;0
92.65;MPIB1;0;0;0.001591435;0
92.7;MPIB4;0;0;0;0
92.7;MPIB3;0;0;0;0
92.7;MPIB2;0;0;0;0
92.7;MPIB1;0;0;0.001591435;0
92.75;MPIB4;0;0;0;0
92.75;MPIB3;0;0;0;0
92.75;MPIB2;0;0;0;0
92.75;MPIB1;0;0;0.001591435;0
92.8;MPIB4;0;0;0;0
92.8;MPIB3;0;0;0;0
92.8;MPIB2;0;0;0;0
92.8;MPIB1;0;0;0.001494985;0
92.85;MPIB4;0;0;0;0
92.85;MPIB3;0;0;0;0
92.85;MPIB2;0;0;0;0
92.85;MPIB1;0;0;0.00154321;0
92.9;MPIB4;0;0;0;0
92.9;MPIB3;0;0;0;0
92.9;MPIB2;0;0;0;0
92.9;MPIB1;0;0;0.00154321;0
92.95;MPIB4;0;0;0;0
92.95;MPIB3;0;0;0;0
92.95;MPIB2;0;0;0;0
92.95;MPIB1;0;0;0.00154321;0
93;MPIB4;0;0;0;0
93;MPIB3;0;0;0;0
93;MPIB2;0;0;0;0
93;MPIB1;0;0;0.00154321;0
93.05;MPIB4;0;0;0;0
93.05;MPIB3;0;0;0;0
93.05;MPIB2;0;0;0;0
93.05;MPIB1;0;0;0.00154321;0
93.1;MPIB4;0;0;0;0
93.1;MPIB3;0;0;0;0
93.1;MPIB2;0;0;0;0
93.1;MPIB1;0;0;0.00154321;0
93.15;MPIB4;0;0;0;0
93.15;MPIB3;0;0;0;0
93.15;MPIB2;0;0;0;0
93.15;MPIB1;0;0;0.00154321;0
93.2;MPIB4;0;0;0;0
93.2;MPIB3;0;0;0;0
93.2;MPIB2;0;0;0;0
93.2;MPIB1;0;0;0.00154321;0
93.25;MPIB4;0;0;0;0
93.25;MPIB3;0;0;0;0
93.25;MPIB2;0;0;0;0
93.25;MPIB1;0;0;0.00154321;0
93.3;MPIB4;0;0;0;0
93.3;MPIB3;0;0;0;0
93.3;MPIB2;0;0;0;0
93.3;MPIB1;0;0;0.00154321;0
93.35;MPIB4;0;0;0;0
93.35;MPIB3;0;0;0;0
93.35;MPIB2;0;0;0;0
93.35;MPIB1;0;0;0.00154321;0
93.4;MPIB4;0;0;0;0
93.4;MPIB3;0;0;0;0
93.4;MPIB2;0;0;0;0
93.4;MPIB1;0;0;0.001494985;0
93.45;MPIB4;0;0;0;0
93.45;MPIB3;0;0;0;0
93.45;MPIB2;0;0;0;0
93.45;MPIB1;0;0;0.001494985;0
93.5;MPIB4;0;0;0;0
93.5;MPIB3;0;0;0;0
93.5;MPIB2;0;0;0;0
93.5;MPIB1;0;0;0.001494985;0
93.55;MPIB4;0;0;0;0
93.55;MPIB3;0;0;0;0
93.55;MPIB2;0;0;0;0
93.55;MPIB1;0;0;0.001494985;0
93.6;MPIB4;0;0;0;0
93.6;MPIB3;0;0;0;0
93.6;MPIB2;0;0;0;0
93.6;MPIB1;0;0;0.001494985;0
93.65;MPIB4;0;0;0;0
93.65;MPIB3;0;0;0;0
93.65;MPIB2;0;0;0;0
93.65;MPIB1;0;0;0.001494985;0
93.7;MPIB4;0;0;0;0
93.7;MPIB3;0;0;0;0
93.7;MPIB2;0;0;0;0
93.7;MPIB1;0;0;0.001494985;0
93.75;MPIB4;0;0;0;0
93.75;MPIB3;0;0;0;0
93.75;MPIB2;0;0;0;0
93.75;MPIB1;0;0;0.001494985;0
93.8;MPIB4;0;0;0;0
93.8;MPIB3;0;0;0;0
93.8;MPIB2;0;0;0;0
93.8;MPIB1;0;0;0.0008198302;0
93.85;MPIB4;0;0;0;0
93.85;MPIB3;0;0;0;0
93.85;MPIB2;0;0;0;0
93.85;MPIB1;0;0;0.0002411265;0
93.9;MPIB4;0;0;0;0
93.9;MPIB3;0;0;0;0
93.9;MPIB2;0;0;0;0
93.9;MPIB1;0;0;0.0001929012;0
93.95;MPIB4;0;0;0;0
93.95;MPIB3;0;0;0;0
93.95;MPIB2;0;0;0;0
93.95;MPIB1;0;0;0.0007716049;0
94;MPIB4;0;0;0;0
94;MPIB3;0;0;0;0
94;MPIB2;0;0;0;0
94;MPIB1;0;0;0.0003375772;0
94.05;MPIB4;0;0;0;0
94.05;MPIB3;0;0;0;0
94.05;MPIB2;0;0;0;0
94.05;MPIB1;0;0;0.0004822531;0
94.1;MPIB4;0;0;0;0
94.1;MPIB3;0;0;0;0
94.1;MPIB2;0;0;0;0
94.1;MPIB1;0;0;0.0002411265;0
94.15;MPIB4;0;0;0;0
94.15;MPIB3;0;0;0;0
94.15;MPIB2;0;0;0;0
94.15;MPIB1;0;0;4.822531E-05;0
94.2;MPIB4;0;0;0;0
94.2;MPIB3;0;0;0;0
94.2;MPIB2;0;0;0;0
94.2;MPIB1;0;0;9.645062E-05;0
94.25;MPIB4;0;0;0;0
94.25;MPIB3;0;0;0;0
94.25;MPIB2;0;0;0;0
94.25;MPIB1;0;0;4.822531E-05;0
94.3;MPIB4;0;0;0;0
94.3;MPIB3;0;0;0;0
94.3;MPIB2;0;0;0;0
94.3;MPIB1;0;0;0.0002893519;0
94.35;MPIB4;0;0;0;0
94.35;MPIB3;0;0;0;0
94.35;MPIB2;0;0;0;0
94.35;MPIB1;0;0;0.0002893519;0
94.4;MPIB4;0;0;0;0
94.4;MPIB3;0;0;0;0
94.4;MPIB2;0;0;0;0
94.4;MPIB1;0;0;0.0001929012;0
94.45;MPIB4;0;0;0;0
94.45;MPIB3;0;0;0;0
94.45;MPIB2;0;0;0;0
94.45;MPIB1;0;0;0.0001929012;0
94.5;MPIB4;0;0;0;0
94.5;MPIB3;0;0;0;0
94.5;MPIB2;0;0;0;0
94.5;MPIB1;0;0;0.0002893519;0
94.55;MPIB4;0;0;0;0
94.55;MPIB3;0;0;0;0
94.55;MPIB2;0;0;0;0
94.55;MPIB1;0;0;0.0002893519;0
94.6;MPIB4;0;0;0;0
94.6;MPIB3;0;0;0;0
94.6;MPIB2;0;0;0;0
94.6;MPIB1;0;0;0.0008680556;0
94.65;MPIB4;0;0;0;0
94.65;MPIB3;0;0;0;0
94.65;MPIB2;0;0;0;0
94.65;MPIB1;0;0;0.0008198302;0
94.7;MPIB4;0;0;0;0
94.7;MPIB3;0;0;0;0
94.7;MPIB2;0;0;0;0
94.7;MPIB1;0;0;0.001012731;0
94.75;MPIB4;0;0;0;0
94.75;MPIB3;0;0;0;0
94.75;MPIB2;0;0;0;0
94.75;MPIB1;0;0;0.0007233796;0
94.8;MPIB4;0;0;0;0
94.8;MPIB3;0;0;0;0
94.8;MPIB2;0;0;0;0
94.8;MPIB1;0;0;0.0009645062;0
94.85;MPIB4;0;0;0;0
94.85;MPIB3;0;0;0;0
94.85;MPIB2;0;0;0;0
94.85;MPIB1;0;0;0.0009645062;0
94.9;MPIB4;0;0;0;0
94.9;MPIB3;0;0;0;0
94.9;MPIB2;0;0;0;0
94.9;MPIB1;0;0;0.0009645062;0
94.95;MPIB4;0;0;0;0
94.95;MPIB3;0;0;0;0
94.95;MPIB2;0;0;0;0
94.95;MPIB1;0;0;0.0009645062;0
95;MPIB4;0;0;0;0
95;MPIB3;0;0;0;0
95;MPIB2;0;0;0;0
95;MPIB1;0;0;0.0009645062;0
95.05;MPIB4;0;0;0;0
95.05;MPIB3;0;0;0;0
95.05;MPIB2;0;0;0;0
95.05;MPIB1;0;0;0.0009645062;0
95.1;MPIB4;0;0;0;0
95.1;MPIB3;0;0;0;0
95.1;MPIB2;0;0;0;0
95.1;MPIB1;0;0;0.0007716049;0
95.15;MPIB4;0;0;0;0
95.15;MPIB3;0;0;0;0
95.15;MPIB2;0;0;0;0
95.15;MPIB1;0;0;0.0009162808;0
95.2;MPIB4;0;0;0;0
95.2;MPIB3;0;0;0;0
95.2;MPIB2;0;0;0;0
95.2;MPIB1;0;0;0.001012731;0
95.25;MPIB4;0;0;0;0
95.25;MPIB3;0;0;0;0
95.25;MPIB2;0;0;0;0
95.25;MPIB1;0;0;0.0007233796;0
95.3;MPIB4;0;0;0;0
95.3;MPIB3;0;0;0;0
95.3;MPIB2;0;0;0;0
95.3;MPIB1;0;0;0.0009645062;0
95.35;MPIB4;0;0;0;0
95.35;MPIB3;0;0;0;0
95.35;MPIB2;0;0;0;0
95.35;MPIB1;0;0;0.0009645062;0
95.4;MPIB4;0;0;0;0
95.4;MPIB3;0;0;0;0
95.4;MPIB2;0;0;0;0
95.4;MPIB1;0;0;0.0006751543;0
95.45;MPIB4;0;0;0;0
95.45;MPIB3;0;0;0;0
95.45;MPIB2;0;0;0;0
95.45;MPIB1;0;0;0.0009645062;0
95.5;MPIB4;0;0;0;0
95.5;MPIB3;0;0;0;0
95.5;MPIB2;0;0;0;0
95.5;MPIB1;0;0;0.0007233796;0
95.55;MPIB4;0;0;0;0
95.55;MPIB3;0;0;0;0
95.55;MPIB2;0;0;0;0
95.55;MPIB1;0;0;0.0009645062;0
95.6;MPIB4;0;0;0;0
95.6;MPIB3;0;0;0;0
95.6;MPIB2;0;0;0;0
95.6;MPIB1;0;0;0.001012731;0
95.65;MPIB4;0;0;0;0
95.65;MPIB3;0;0;0;0
95.65;MPIB2;0;0;0;0
95.65;MPIB1;0;0;0.0006751543;0
95.7;MPIB4;0;0;0;0
95.7;MPIB3;0;0;0;0
95.7;MPIB2;0;0;0;0
95.7;MPIB1;0;0;0.0008680556;0
95.75;MPIB4;0;0;0;0
95.75;MPIB3;0;0;0;0
95.75;MPIB2;0;0;0;0
95.75;MPIB1;0;0;0.0008680556;0
95.8;MPIB4;0;0;0;0
95.8;MPIB3;0;0;0;0
95.8;MPIB2;0;0;0;0
95.8;MPIB1;0;0;0.0008198302;0
95.85;MPIB4;0;0;0;0
95.85;MPIB3;0;0;0;0
95.85;MPIB2;0;0;0;0
95.85;MPIB1;0;0;0.0005787037;0
95.9;MPIB4;0;0;0;0
95.9;MPIB3;0;0;0;0
95.9;MPIB2;0;0;0;0
95.9;MPIB1;0;0;0.0008198302;0
95.95;MPIB4;0;0;0;0
95.95;MPIB3;0;0;0;0
95.95;MPIB2;0;0;0;0
95.95;MPIB1;0;0;0.0008198302;0
96;MPIB4;0;0;0;0
96;MPIB3;0;0;0;0
96;MPIB2;0;0;0;0
96;MPIB1;0;0;0.0008198302;0
96.05;MPIB4;0;0;0;0
96.05;MPIB3;0;0;0;0
96.05;MPIB2;0;0;0;0
96.05;MPIB1;0;0;0.0007233796;0
96.1;MPIB4;0;0;0;0
96.1;MPIB3;0;0;0;0
96.1;MPIB2;0;0;0;0
96.1;MPIB1;0;0;0.0007233796;0
96.15;MPIB4;0;0;0;0
96.15;MPIB3;0;0;0;0
96.15;MPIB2;0;0;0;0
96.15;MPIB1;0;0;0.0007233796;0
96.2;MPIB4;0;0;0;0
96.2;MPIB3;0;0;0;0
96.2;MPIB2;0;0;0;0
96.2;MPIB1;0;0;0.0007233796;0
96.25;MPIB4;0;0;0;0
96.25;MPIB3;0;0;0;0
96.25;MPIB2;0;0;0;0
96.25;MPIB1;0;0;0.0007233796;0
96.3;MPIB4;0;0;0;0
96.3;MPIB3;0;0;0;0
96.3;MPIB2;0;0;0;0
96.3;MPIB1;0;0;0.0007233796;0
96.35;MPIB4;0;0;0;0
96.35;MPIB3;0;0;0;0
96.35;MPIB2;0;0;0;0
96.35;MPIB1;0;0;0.0007233796;0
96.4;MPIB4;0;0;0;0
96.4;MPIB3;0;0;0;0
96.4;MPIB2;0;0;0;0
96.4;MPIB1;0;0;0.0007233796;0
96.45;MPIB4;0;0;0;0
96.45;MPIB3;0;0;0;0
96.45;MPIB2;0;0;0;0
96.45;MPIB1;0;0;0.0007233796;0
96.5;MPIB4;0;0;0;0
96.5;MPIB3;0;0;0;0
96.5;MPIB2;0;0;0;0
96.5;MPIB1;0;0;0.0007233796;0
96.55;MPIB4;0;0;0;0
96.55;MPIB3;0;0;0;0
96.55;MPIB2;0;0;0;0
96.55;MPIB1;0;0;0.0002411265;0
96.6;MPIB4;0;0;0;0
96.6;MPIB3;0;0;0;0
96.6;MPIB2;0;0;0;0
96.6;MPIB1;0;0;0.0002411265;0
96.65;MPIB4;0;0;0;0
96.65;MPIB3;0;0;0;0
96.65;MPIB2;0;0;0;0
96.65;MPIB1;0;0;4.822531E-05;0
96.7;MPIB4;0;0;0;0
96.7;MPIB3;0;0;0;0
96.7;MPIB2;0;0;0;0
96.7;MPIB1;0;0;0.0002893519;0
96.75;MPIB4;0;0;0;0
96.75;MPIB3;0;0;0;0
96.75;MPIB2;0;0;0;0
96.75;MPIB1;0;0;0.0003858025;0
96.8;MPIB4;0;0;0;0
96.8;MPIB3;0;0;0;0
96.8;MPIB2;0;0;0;0
96.8;MPIB1;0;0;0.0003858025;0
96.85;MPIB4;0;0;0;0
96.85;MPIB3;0;0;0;0
96.85;MPIB2;0;0;0;0
96.85;MPIB1;0;0;0.0003858025;0
96.9;MPIB4;0;0;0;0
96.9;MPIB3;0;0;0;0
96.9;MPIB2;0;0;0;0
96.9;MPIB1;0;0;0.0002893519;0
96.95;MPIB4;0;0;0;0
96.95;MPIB3;0;0;0;0
96.95;MPIB2;0;0;0;0
96.95;MPIB1;0;0;9.645062E-05;0
97;MPIB4;0;0;0;0
97;MPIB3;0;0;0;0
97;MPIB2;0;0;0;0
97;MPIB1;0;0;0.0004822531;0
97.05;MPIB4;0;0;0;0
97.05;MPIB3;0;0;0;0
97.05;MPIB2;0;0;0;0
97.05;MPIB1;0;0;0.0002893519;0
97.1;MPIB4;0;0;0;0
97.1;MPIB3;0;0;0;0
97.1;MPIB2;0;0;0;0
97.1;MPIB1;0;0;0.0001446759;0
97.15;MPIB4;0;0;0;0
97.15;MPIB3;0;0;0;0
97.15;MPIB2;0;0;0;0
97.15;MPIB1;0;0;0.0003375772;0
97.2;MPIB4;0;0;0;0
97.2;MPIB3;0;0;0;0
97.2;MPIB2;0;0;0;0
97.2;MPIB1;0;0;0.0008680556;0
97.25;MPIB4;0;0;0;0
97.25;MPIB3;0;0;0;0
97.25;MPIB2;0;0;0;0
97.25;MPIB1;0;0;0.001109182;0
97.3;MPIB4;0;0;0;0
97.3;MPIB3;0;0;0;0
97.3;MPIB2;0;0;0;0
97.3;MPIB1;0;0;0.001060957;0
97.35;MPIB4;0;0;0;0
97.35;MPIB3;0;0;0;0
97.35;MPIB2;0;0;0;0
97.35;MPIB1;0;0;0.001109182;0
97.4;MPIB4;0;0;0;0
97.4;MPIB3;0;0;0;0
97.4;MPIB2;0;0;0;0
97.4;MPIB1;0;0;0.001060957;0
97.45;MPIB4;0;0;0;0
97.45;MPIB3;0;0;0;0
97.45;MPIB2;0;0;0;0
97.45;MPIB1;0;0;0.001109182;0
97.5;MPIB4;0;0;0;0
97.5;MPIB3;0;0;0;0
97.5;MPIB2;0;0;0;0
97.5;MPIB1;0;0;0.001157407;0
97.55;MPIB4;0;0;0;0
97.55;MPIB3;0;0;0;0
97.55;MPIB2;0;0;0;0
97.55;MPIB1;0;0;0.001109182;0
97.6;MPIB4;0;0;0;0
97.6;MPIB3;0;0;0;0
97.6;MPIB2;0;0;0;0
97.6;MPIB1;0;0;0.001253858;0
97.65;MPIB4;0;0;0;0
97.65;MPIB3;0;0;0;0
97.65;MPIB2;0;0;0;0
97.65;MPIB1;0;0;0.001253858;0
97.7;MPIB4;0;0;0;0
97.7;MPIB3;0;0;0;0
97.7;MPIB2;0;0;0;0
97.7;MPIB1;0;0;0.001205633;0
97.75;MPIB4;0;0;0;0
97.75;MPIB3;0;0;0;0
97.75;MPIB2;0;0;0;0
97.75;MPIB1;0;0;0.001205633;0
97.8;MPIB4;0;0;0;0
97.8;MPIB3;0;0;0;0
97.8;MPIB2;0;0;0;0
97.8;MPIB1;0;0;0.0007716049;0
97.85;MPIB4;0;0;0;0
97.85;MPIB3;0;0;0;0
97.85;MPIB2;0;0;0;0
97.85;MPIB1;0;0;0.000626929;0
97.9;MPIB4;0;0;0;0
97.9;MPIB3;0;0;0;0
97.9;MPIB2;0;0;0;0
97.9;MPIB1;0;0;0.0006751543;0
97.95;MPIB4;0;0;0;0
97.95;MPIB3;0;0;0;0
97.95;MPIB2;0;0;0;0
97.95;MPIB1;0;0;0.0005787037;0
98;MPIB4;0;0;0;0
98;MPIB3;0;0;0;0
98;MPIB2;0;0;0;0
98;MPIB1;0;0;0.000626929;0
98.05;MPIB4;0;0;0;0
98.05;MPIB3;0;0;0;0
98.05;MPIB2;0;0;0;0
98.05;MPIB1;0;0;0.0007233796;0
98.1;MPIB4;0;0;0;0
98.1;MPIB3;0;0;0;0
98.1;MPIB2;0;0;0;0
98.1;MPIB1;0;0;0.0007716049;0
98.15;MPIB4;0;0;0;0
98.15;MPIB3;0;0;0;0
98.15;MPIB2;0;0;0;0
98.15;MPIB1;0;0;0.0005787037;0
98.2;MPIB4;0;0;0;0
98.2;MPIB3;0;0;0;0
98.2;MPIB2;0;0;0;0
98.2;MPIB1;0;0;0.000626929;0
98.25;MPIB4;0;0;0;0
98.25;MPIB3;0;0;0;0
98.25;MPIB2;0;0;0;0
98.25;MPIB1;0;0;0.000626929;0
98.3;MPIB4;0;0;0;0
98.3;MPIB3;0;0;0;0
98.3;MPIB2;0;0;0;0
98.3;MPIB1;0;0;0.0007716049;0
98.35;MPIB4;0;0;0;0
98.35;MPIB3;0;0;0;0
98.35;MPIB2;0;0;0;0
98.35;MPIB1;0;0;0.0007233796;0
98.4;MPIB4;0;0;0;0
98.4;MPIB3;0;0;0;0
98.4;MPIB2;0;0;0;0
98.4;MPIB1;0;0;0.0006751543;0
98.45;MPIB4;0;0;0;0
98.45;MPIB3;0;0;0;0
98.45;MPIB2;0;0;0.0005304784;0
98.45;MPIB1;0;0;0.0008680556;0
98.5;MPIB4;0;0;0;0
98.5;MPIB3;0;0;0;0
98.5;MPIB2;0.005208333;0;0.0001446759;0
98.5;MPIB1;0;0;0.0006751543;0
98.55;MPIB4;0;0;0;0
98.55;MPIB3;0;0;0;0
98.55;MPIB2;0.004243827;0;0.0003375772;0
98.55;MPIB1;0;0;0.001060957;0
98.6;MPIB4;0;0;0;0
98.6;MPIB3;0;0;0;0
98.6;MPIB2;0.003375772;0;4.822531E-05;0
98.6;MPIB1;0;0;0.0009645062;0
98.65;MPIB4;0;0;0;0
98.65;MPIB3;0;0;0;0
98.65;MPIB2;0.003279321;0;0.0002893519;0
98.65;MPIB1;0;0;0.0009645062;0
98.7;MPIB4;0;0;0;0
98.7;MPIB3;0;0;0;0
98.7;MPIB2;0.003279321;0;0.0003858025;0
98.7;MPIB1;0;0;0.001012731;0
98.75;MPIB4;0;0;0;0
98.75;MPIB3;0;0;0;0
98.75;MPIB2;0.003327546;0;0.0001446759;0
98.75;MPIB1;0;0;0.001012731;0
98.8;MPIB4;0;0;0;0
98.8;MPIB3;0;0;0;0
98.8;MPIB2;0.003327546;0;0.0002893519;0
98.8;MPIB1;0;0;0.001012731;0
98.85;MPIB4;0;0;0;0
98.85;MPIB3;0;0;0;0
98.85;MPIB2;0.003327546;0;0.0003858025;0
98.85;MPIB1;0;0;0.0009645062;0
98.9;MPIB4;0;0;0;0
98.9;MPIB3;0;0;0;0
98.9;MPIB2;0.003327546;0;0.0003375772;0
98.9;MPIB1;0;0;0.0009162808;0
98.95;MPIB4;0;0;0;0
98.95;MPIB3;0;0;0;0
98.95;MPIB2;0.003327546;0;0.0003375772;0
98.95;MPIB1;0;0;0.0009162808;0
99;MPIB4;0;0;0;0
99;MPIB3;0;0;0;0
99;MPIB2;0.00318287;0;0.0003375772;0
99;MPIB1;0;0;0.0009162808;0
99.05;MPIB4;0;0;0;0
99.05;MPIB3;0;0;0;0
99.05;MPIB2;0.003231096;0;0.0002893519;0
99.05;MPIB1;0;0;0.0009162808;0
99.1;MPIB4;0;0;0;0
99.1;MPIB3;0;0;0;0
99.1;MPIB2;0.003327546;0;0.0002411265;0
99.1;MPIB1;0;0;0.0009162808;0
99.15;MPIB4;0;0;0;0
99.15;MPIB3;0;0;0;0
99.15;MPIB2;0.003520448;0;0.0002893519;0
99.15;MPIB1;0;0;0.0009162808;0
99.2;MPIB4;0;0;0;0
99.2;MPIB3;0;0;0;0
99.2;MPIB2;0.003665123;0;0.0002893519;0
99.2;MPIB1;0;0;0.001012731;0
99.25;MPIB4;0;0;0;0
99.25;MPIB3;0;0;0;0
99.25;MPIB2;0.003665123;0;0.0003375772;0
99.25;MPIB1;0;0;0.0009645062;0
99.3;MPIB4;0;0;0;0
99.3;MPIB3;0;0;0;0
99.3;MPIB2;0.003472222;0;0.0003858025;0
99.3;MPIB1;0;0;0.0009645062;0
99.35;MPIB4;0;0;0;0
99.35;MPIB3;0;0;0;0
99.35;MPIB2;0.003761574;0;0.0002893519;0
99.35;MPIB1;0;0;0.0009645062;0
99.4;MPIB4;0;0;0;0
99.4;MPIB3;0;0;0;0
99.4;MPIB2;0.003472222;0;0.0003375772;0
99.4;MPIB1;0;0;0.0009645062;0
99.45;MPIB4;0;0;0;0
99.45;MPIB3;0;0;0;0
99.45;MPIB2;0.004050926;0;0.0003858025;0
99.45;MPIB1;0;0;0.0009645062;0
99.5;MPIB4;0;0;0;0
99.5;MPIB3;0;0;0;0
99.5;MPIB2;0.004050926;0;0.0003858025;0
99.5;MPIB1;0;0;0.001012731;0
99.55;MPIB4;0;0;0;0
99.55;MPIB3;0;0;0;0
99.55;MPIB2;0.004050926;0;0.0003858025;0
99.55;MPIB1;0;0;0.0008198302;0
99.6;MPIB4;0;0;0;0
99.6;MPIB3;0;0;0;0
99.6;MPIB2;0.004099151;0;0.0003858025;0
99.6;MPIB1;0;0;0.0008198302;0
99.65;MPIB4;0;0;0;0
99.65;MPIB3;0;0;0;0
99.65;MPIB2;0.004243827;0;0.0004340278;0
99.65;MPIB1;0;0;0.0005787037;0
99.7;MPIB4;0;0;0;0
99.7;MPIB3;0;0;0;0
99.7;MPIB2;0.003375772;0;0.0004340278;0
99.7;MPIB1;0;0;0.001591435;0
99.75;MPIB4;0;0;0;0
99.75;MPIB3;0;0;0;0
99.75;MPIB2;0.003231096;0;0.0004340278;0
99.75;MPIB1;0;0;0.001591435;0
99.8;MPIB4;0;0;0;0
99.8;MPIB3;0;0;0;0
99.8;MPIB2;0.003279321;0;0.0004340278;0
99.8;MPIB1;0;0;0.001494985;0
99.85;MPIB4;0;0;0;0
99.85;MPIB3;0;0;0;0
99.85;MPIB2;0.003231096;0;0.0004340278;0
99.85;MPIB1;0;0;0.001398534;0
99.9;MPIB4;0;0;0;0
99.9;MPIB3;0;0;0;0
99.9;MPIB2;0.003231096;0;0.0004340278;0
99.9;MPIB1;0;0;0.001350309;0
99.95;MPIB4;0;0;0;0
99.95;MPIB3;0;0;0;0
99.95;MPIB2;0.00318287;0;0.0004340278;0
99.95;MPIB1;0;0;0.001350309;0
100;MPIB4;0;0;0;0
100;MPIB3;0;0;0;0
100;MPIB2;0.003520448;0;0.0004340278;0
100;MPIB1;0;0;0.001157407;0
100.05;MPIB4;0;0;0;0
100.05;MPIB3;0;0;0;0
100.05;MPIB2;0.003665123;0;0.0004340278;0
100.05;MPIB1;0;0;0.001060957;0
100.1;MPIB4;0;0;0;0
100.1;MPIB3;0;0;0;0
100.1;MPIB2;0.004050926;0;0.0004340278;0
100.1;MPIB1;0;0;0.001060957;0
100.15;MPIB4;0;0;0;0
100.15;MPIB3;0;0;0;0
100.15;MPIB2;0.004002701;0;0.0004340278;0
100.15;MPIB1;0;0;0.001060957;0
100.2;MPIB4;0;0;0;0
100.2;MPIB3;0;0;0;0
100.2;MPIB2;0.004147376;0;0.0004340278;0
100.2;MPIB1;0;0;0.001109182;0
100.25;MPIB4;0;0;0;0
100.25;MPIB3;0;0;0;0
100.25;MPIB2;0.004099151;0;0.0004340278;0
100.25;MPIB1;0;0;0.001109182;0
100.3;MPIB4;0;0;0;0
100.3;MPIB3;0;0;0;0
100.3;MPIB2;0.004050926;0;0.0004340278;0
100.3;MPIB1;0;0;0.001157407;0
100.35;MPIB4;0;0;0;0
100.35;MPIB3;0;0;0;0
100.35;MPIB2;0.004099151;0;0.0004340278;0
100.35;MPIB1;0;0;0.001157407;0
100.4;MPIB4;0;0;0;0
100.4;MPIB3;0;0;0;0
100.4;MPIB2;0.003954475;0;0.0004340278;0
100.4;MPIB1;0;0;0.001109182;0
100.45;MPIB4;0;0;0;0
100.45;MPIB3;0;0;0;0
100.45;MPIB2;0.003954475;0;0.0004340278;0
100.45;MPIB1;0;0;0.001109182;0
100.5;MPIB4;0;0;0;0
100.5;MPIB3;0;0;0;0
100.5;MPIB2;0.003954475;0;0.0004340278;0
100.5;MPIB1;0;0;0.001109182;0
100.55;MPIB4;0.0006751543;0.003520448;0;0
100.55;MPIB3;0;0;0;0
100.55;MPIB2;0.003954475;0;0;0
100.55;MPIB1;0;0;0.0003858025;0
100.6;MPIB4;0.002121913;0;0;0
100.6;MPIB3;0;0;0;0
100.6;MPIB2;0.003954475;0;4.822531E-05;0
100.6;MPIB1;0;0;0.0003858025;0
100.65;MPIB4;0;0;0;0
100.65;MPIB3;0;0;0;0
100.65;MPIB2;0.003954475;0;0;0
100.65;MPIB1;0;0;0.0003375772;0
100.7;MPIB4;0;0;0;0
100.7;MPIB3;0;0;0;0
100.7;MPIB2;0.003954475;0;0;0
100.7;MPIB1;0;0;0.0004822531;0
100.75;MPIB4;0;0;0;0
100.75;MPIB3;0;0;0;0
100.75;MPIB2;0.003954475;0;0;0
100.75;MPIB1;0;0;0.0004822531;0
100.8;MPIB4;0;0;0;0
100.8;MPIB3;0;0;0;0
100.8;MPIB2;0.003954475;0;4.822531E-05;0
100.8;MPIB1;0;0;0.000626929;0
100.85;MPIB4;0;0;0;0
100.85;MPIB3;0;0;0;0
100.85;MPIB2;0.003954475;0;4.822531E-05;0
100.85;MPIB1;0;0;0.0005304784;0
100.9;MPIB4;0;0;0;0
100.9;MPIB3;0;0;0;0
100.9;MPIB2;0.003954475;0;4.822531E-05;0
100.9;MPIB1;0;0;0.0006751543;0
100.95;MPIB4;0;0;0;0
100.95;MPIB3;0;0;0;0
100.95;MPIB2;0.003954475;0;4.822531E-05;0
100.95;MPIB1;0;0;0.000626929;0
101;MPIB4;0;0;0;0
101;MPIB3;0;0;0;0
101;MPIB2;0.003954475;0;9.645062E-05;0
101;MPIB1;0;0;0.0006751543;0
101.05;MPIB4;0;0;0;0
101.05;MPIB3;0;0;0;0
101.05;MPIB2;0.003954475;0;9.645062E-05;0
101.05;MPIB1;0;0;0.0009162808;0
101.1;MPIB4;0;0;0;0
101.1;MPIB3;0;0;0;0
101.1;MPIB2;0.002941744;0;4.822531E-05;0
101.1;MPIB1;0;0;0.0008680556;0
101.15;MPIB4;0;0;0;0
101.15;MPIB3;0;0;0;0
101.15;MPIB2;0.002941744;0;0.0001929012;0
101.15;MPIB1;0;0;0.0008198302;0
101.2;MPIB4;0;0;0;0
101.2;MPIB3;0;0;0;0
101.2;MPIB2;0.002941744;0;0.0003375772;0
101.2;MPIB1;0;0;0.0009162808;0
101.25;MPIB4;0;0;0;0
101.25;MPIB3;0;0;0;0
101.25;MPIB2;0.002989969;0;9.645062E-05;0
101.25;MPIB1;0;0;0.0009645062;0
101.3;MPIB4;0;0;0;0
101.3;MPIB3;0;0;0;0
101.3;MPIB2;0.002797068;0;0.0002893519;0
101.3;MPIB1;0;0;0.001060957;0
101.35;MPIB4;0;0;0;0
101.35;MPIB3;0;0;0;0
101.35;MPIB2;0.002555941;0;0.0001446759;0
101.35;MPIB1;0;0;0.001012731;0
101.4;MPIB4;0;0;0;0
101.4;MPIB3;0;0;0;0
101.4;MPIB2;0.002893518;0;0.0002893519;0
101.4;MPIB1;0;0;0.001109182;0
101.45;MPIB4;0;0;0;0
101.45;MPIB3;0;0;0;0
101.45;MPIB2;0.003279321;0;0.0002411265;0
101.45;MPIB1;0;0;0.001060957;0
101.5;MPIB4;0;0;0;0
101.5;MPIB3;0;0;0;0
101.5;MPIB2;0.002989969;0;0.0002411265;0
101.5;MPIB1;0;0;0.001060957;0
101.55;MPIB4;0;0;0;0
101.55;MPIB3;0;0;0;0
101.55;MPIB2;0.003231096;0;0.0002411265;0
101.55;MPIB1;0;0;0.001060957;0
101.6;MPIB4;0;0;0;0
101.6;MPIB3;0;0;0;0
101.6;MPIB2;0.003231096;0;0.0002411265;0
101.6;MPIB1;0;0;0.001157407;0
101.65;MPIB4;0;0;0;0
101.65;MPIB3;0;0;0;0
101.65;MPIB2;0.003134645;0;0.0002893519;0
101.65;MPIB1;0;0;0.001109182;0
101.7;MPIB4;0;0;0;0
101.7;MPIB3;0;0;0;0
101.7;MPIB2;0.003279321;0;0.0002893519;0
101.7;MPIB1;0;0;0.001060957;0
101.75;MPIB4;0;0;0;0
101.75;MPIB3;0;0;0;0
101.75;MPIB2;0.003279321;0;0.0002893519;0
101.75;MPIB1;0;0;0.001060957;0
101.8;MPIB4;0;0;0;0
101.8;MPIB3;0;0;0;0
101.8;MPIB2;0.003279321;0;0.0002893519;0
101.8;MPIB1;0;0;0.001060957;0
101.85;MPIB4;0;0;0;0
101.85;MPIB3;0;0;0;0
101.85;MPIB2;0.003279321;0;0.0002893519;0
101.85;MPIB1;0;0;0.001060957;0
101.9;MPIB4;0;0;0;0
101.9;MPIB3;0;0;0;0
101.9;MPIB2;0.003279321;0;0.0002893519;0
101.9;MPIB1;0;0;0.001060957;0
101.95;MPIB4;0;0;0;0
101.95;MPIB3;0;0;0;0
101.95;MPIB2;0.003279321;0;0.0002893519;0
101.95;MPIB1;0;0;0.001060957;0
102;MPIB4;0;0;0;0
102;MPIB3;0;0;0;0
102;MPIB2;0.003279321;0;0.0002893519;0
102;MPIB1;0;0;0.001060957;0
102.05;MPIB4;0;0;0;0
102.05;MPIB3;0;0;0;0
102.05;MPIB2;0.003279321;0;0.0002893519;0
102.05;MPIB1;0;0;0.001060957;0
102.1;MPIB4;0;0;0;0
102.1;MPIB3;0;0;0;0
102.1;MPIB2;0.003858025;0;0.0003858025;0
102.1;MPIB1;0;0;0.001060957;0
102.15;MPIB4;0;0;0;0
102.15;MPIB3;0;0;0;0
102.15;MPIB2;0.003809799;0;0.0003375772;0
102.15;MPIB1;0;0;0.001060957;0
102.2;MPIB4;0;0;0;0
102.2;MPIB3;0;0;0;0
102.2;MPIB2;0.003809799;0;0.0003375772;0
102.2;MPIB1;0;0;0.001060957;0
102.25;MPIB4;0;0;0;0
102.25;MPIB3;0;0;0;0
102.25;MPIB2;0.003279321;0;0.0003375772;0
102.25;MPIB1;0;0;0.001060957;0
102.3;MPIB4;0;0;0;0
102.3;MPIB3;0;0;0;0
102.3;MPIB2;0.002941744;0;0.0003375772;0
102.3;MPIB1;0;0;0.0007233796;0
102.35;MPIB4;0;0;0;0
102.35;MPIB3;0;0;0;0
102.35;MPIB2;0.002941744;0;0.0003375772;0
102.35;MPIB1;0;0;0.0003375772;0
102.4;MPIB4;0;0;0;0
102.4;MPIB3;0;0;0;0
102.4;MPIB2;0.00308642;0;0.0003375772;0
102.4;MPIB1;0;0;0.0003375772;0
102.45;MPIB4;0;0;0;0
102.45;MPIB3;0;0;0;0
102.45;MPIB2;0.003134645;0;0.0003375772;0
102.45;MPIB1;0;0;0.0004822531;0
102.5;MPIB4;0;0;0;0
102.5;MPIB3;0;0;0;0
102.5;MPIB2;0.00308642;0;0.0003375772;0
102.5;MPIB1;0;0;0.0009162808;0
102.55;MPIB4;0;0;0;0
102.55;MPIB3;0;0;0;0
102.55;MPIB2;0.003038194;0;0.0003375772;0
102.55;MPIB1;0;0;0.0004340278;0
102.6;MPIB4;0;0;0;0
102.6;MPIB3;0;0;0;0
102.6;MPIB2;0.003231096;0;0.0003375772;0
102.6;MPIB1;0;0;0.0003375772;0
102.65;MPIB4;0;0;0;0
102.65;MPIB3;0;0;0;0
102.65;MPIB2;0.00318287;0;0.0003375772;0
102.65;MPIB1;0;0;0.0002893519;0
102.7;MPIB4;0;0;0;0
102.7;MPIB3;0;0;0;0
102.7;MPIB2;0.002845293;0;0.0003375772;0
102.7;MPIB1;0;0;0.0003375772;0
102.75;MPIB4;0;0;0;0
102.75;MPIB3;0;0;0;0
102.75;MPIB2;0.002218364;0;0.0003375772;0
102.75;MPIB1;0;0;0;0
102.8;MPIB4;0;0;0;0
102.8;MPIB3;0;0;0;0
102.8;MPIB2;0.002170139;0;0.0003375772;0
102.8;MPIB1;0;0;0;0
102.85;MPIB4;0;0;0;0
102.85;MPIB3;0;0;0;0
102.85;MPIB2;0.001832562;0;0.0003375772;0
102.85;MPIB1;0;0;0;0
102.9;MPIB4;0;0;0;0
102.9;MPIB3;0;0;0;0
102.9;MPIB2;0.001784336;0;0.0003375772;0
102.9;MPIB1;0;0;0;0
102.95;MPIB4;0;0;0;0
102.95;MPIB3;0;0;0;0
102.95;MPIB2;0.002025463;0;0.0003375772;0
102.95;MPIB1;0;0;0;0
103;MPIB4;0;0;0;0
103;MPIB3;0;0;0;0
103;MPIB2;0.001784336;0;0.0003858025;0
103;MPIB1;0;0;0;0
103.05;MPIB4;0;0;0;0
103.05;MPIB3;0;0;0;0
103.05;MPIB2;0.001929012;0;0.0003858025;0
103.05;MPIB1;0;0;0;0
103.1;MPIB4;0;0;0;0
103.1;MPIB3;0;0;0;0
103.1;MPIB2;0.002411265;0;0.0003858025;0
103.1;MPIB1;0;0;0;0
103.15;MPIB4;0;0;0;0
103.15;MPIB3;0;0;0;0
103.15;MPIB2;0.002893518;0;0.0002893519;0
103.15;MPIB1;0;0;0;0
103.2;MPIB4;0;0;0;0
103.2;MPIB3;0;0;0;0
103.2;MPIB2;0.002700617;0;0.0004340278;0
103.2;MPIB1;0;0;0;0
103.25;MPIB4;0;0;0;0
103.25;MPIB3;0;0;0;0
103.25;MPIB2;0.002652392;0;0.0004340278;0
103.25;MPIB1;0;0;0;0
103.3;MPIB4;0;0;0;0
103.3;MPIB3;0;0;0;0
103.3;MPIB2;0.002507716;0;0.0004340278;0
103.3;MPIB1;0;0;0;0
103.35;MPIB4;0;0;0;0
103.35;MPIB3;0;0;0;0
103.35;MPIB2;0.002700617;0;0.0004340278;0
103.35;MPIB1;0;0;0;0
103.4;MPIB4;0;0;0;0
103.4;MPIB3;0;0;0;0
103.4;MPIB2;0.002845293;0;0.0004340278;0
103.4;MPIB1;0;0;0;0
103.45;MPIB4;0;0;0;0
103.45;MPIB3;0;0;0;0
103.45;MPIB2;0.002797068;0;0.0004340278;0
103.45;MPIB1;0;0;0;0
103.5;MPIB4;0;0;0;0
103.5;MPIB3;0;0;0;0
103.5;MPIB2;0.002748843;0;0.0004340278;0
103.5;MPIB1;0;0;0;0
103.55;MPIB4;0;0;0;0
103.55;MPIB3;0;0;0;0
103.55;MPIB2;0.002748843;0;0.0003858025;0
103.55;MPIB1;0;0;0;0
103.6;MPIB4;0;0;0;0
103.6;MPIB3;0;0;0;0
103.6;MPIB2;0.002700617;0;0.0003858025;0
103.6;MPIB1;0;0;0;0
103.65;MPIB4;0;0;0;0
103.65;MPIB3;0;0;0;0
103.65;MPIB2;0.002748843;0;0.0003858025;0
103.65;MPIB1;0;0;0;0
103.7;MPIB4;0;0;0;0
103.7;MPIB3;0;0;0;0
103.7;MPIB2;0.002748843;0;0.0005304784;0
103.7;MPIB1;0;0;0;0
103.75;MPIB4;0;0;0;0
103.75;MPIB3;0;0;0;0
103.75;MPIB2;0.002700617;0;0.0005304784;0
103.75;MPIB1;0;0;0;0
103.8;MPIB4;0;0;0;0
103.8;MPIB3;0;0;0;0
103.8;MPIB2;0.002748843;0;0.0005304784;0
103.8;MPIB1;0;0;0;0
103.85;MPIB4;0;0;0;0
103.85;MPIB3;0;0;0;0
103.85;MPIB2;0.002748843;0;0.0005304784;0
103.85;MPIB1;0;0;0;0
103.9;MPIB4;0;0;0;0
103.9;MPIB3;0;0;0;0
103.9;MPIB2;0.002652392;0;0.0004340278;0
103.9;MPIB1;0;0;0;0
103.95;MPIB4;0;0;0;0
103.95;MPIB3;0;0;0;0
103.95;MPIB2;0.002941744;0;0.0004340278;0
103.95;MPIB1;0;0;0;0
104;MPIB4;0;0;0;0
104;MPIB3;0;0;0;0
104;MPIB2;0.002797068;0;0.0004340278;0
104;MPIB1;0;0;0;0
104.05;MPIB4;0;0;0;0
104.05;MPIB3;0;0;0;0
104.05;MPIB2;0.002893518;0;0.0004822531;0
104.05;MPIB1;0;0;0;0
104.1;MPIB4;0;0;0;0
104.1;MPIB3;0;0;0;0
104.1;MPIB2;0.002748843;0;0.0005787037;0
104.1;MPIB1;0;0;0;0
104.15;MPIB4;0;0;0;0
104.15;MPIB3;0;0;0;0
104.15;MPIB2;0.002941744;0;0.0004340278;0
104.15;MPIB1;0;0;0;0
104.2;MPIB4;0;0;0;0
104.2;MPIB3;0;0;0;0
104.2;MPIB2;0.002845293;0;0.0003375772;0
104.2;MPIB1;0;0;0;0
104.25;MPIB4;0;0;0;0
104.25;MPIB3;0;0;0;0
104.25;MPIB2;0.002797068;0;0.0003858025;0
104.25;MPIB1;0;0;0;0
104.3;MPIB4;0;0;0;0
104.3;MPIB3;0;0;0;0
104.3;MPIB2;0.003279321;0;0.0004340278;0
104.3;MPIB1;0;0;0;0
104.35;MPIB4;0;0;0;0
104.35;MPIB3;0;0;0;0
104.35;MPIB2;0.00308642;0;0.0002411265;0
104.35;MPIB1;0;0;0;0
104.4;MPIB4;0;0;0;0
104.4;MPIB3;0;0;0;0
104.4;MPIB2;0.003231096;0;0.0001446759;0
104.4;MPIB1;0;0;0;0
104.45;MPIB4;0;0;0;0
104.45;MPIB3;0;0;0;0
104.45;MPIB2;0.002652392;0;0.0001929012;0
104.45;MPIB1;0;0;0;0
104.5;MPIB4;0;0;0;0
104.5;MPIB3;0;0;0;0
104.5;MPIB2;0.003616898;0;0.0001929012;0
104.5;MPIB1;0;0;0;0
104.55;MPIB4;0;0;0;0
104.55;MPIB3;0;0;0;0
104.55;MPIB2;0.003954475;0;0.0002893519;0
104.55;MPIB1;0;0;0;0
104.6;MPIB4;0;0;0;0
104.6;MPIB3;0;0;0;0
104.6;MPIB2;0.005160108;0;0.0003858025;0
104.6;MPIB1;0;0;0;0
104.65;MPIB4;0;0;0;0
104.65;MPIB3;0;0;0;0
104.65;MPIB2;0.005642361;0;0.0004340278;0
104.65;MPIB1;0;0;0;0
104.7;MPIB4;0;0;0;0
104.7;MPIB3;0;0;0;0
104.7;MPIB2;0.008728781;0;0.0004822531;0
104.7;MPIB1;0;0;0;0
104.75;MPIB4;0;0;0;0
104.75;MPIB3;0;0;0;0
104.75;MPIB2;0.01277971;0;0.0005304784;0
104.75;MPIB1;0;0;0;0
104.8;MPIB4;0;0;0;0
104.8;MPIB3;0;0;0;0
104.8;MPIB2;0.01480517;0;0.0005304784;0
104.8;MPIB1;0;0;0;0
104.85;MPIB4;0;0;0;0
104.85;MPIB3;0;0;0;0
104.85;MPIB2;0.01273148;0;0.0004340278;0
104.85;MPIB1;0;0;0;0
104.9;MPIB4;0;0;0;0
104.9;MPIB3;0;0;0;0
104.9;MPIB2;0.007619599;0;0.0007716049;0
104.9;MPIB1;0;0;0;0
104.95;MPIB4;0;0;0;0
104.95;MPIB3;0;0;0;0
104.95;MPIB2;0.007571374;0;0.0007233796;0
104.95;MPIB1;0;0;0;0
105;MPIB4;0;0;0;0
105;MPIB3;0;0;0;0
105;MPIB2;0.007474923;0;0.0007233796;0
105;MPIB1;0;0;0;0
105.05;MPIB4;0;0;0;0
105.05;MPIB3;0;0;0;0
105.05;MPIB2;0.007330247;0;0.0008680556;0
105.05;MPIB1;0;0;0;0
105.1;MPIB4;0;0;0;0
105.1;MPIB3;0;0;0;0
105.1;MPIB2;0.007330247;0;0.0008680556;0
105.1;MPIB1;0;0;0;0
105.15;MPIB4;0;0;0;0
105.15;MPIB3;0;0;0;0
105.15;MPIB2;0.007233796;0;0.0008198302;0
105.15;MPIB1;0;0;0;0
105.2;MPIB4;0;0;0;0
105.2;MPIB3;0;0;0;0
105.2;MPIB2;0.007233796;0;0.0008198302;0
105.2;MPIB1;0;0;0;0
105.25;MPIB4;0;0;0;0
105.25;MPIB3;0;0;0;0
105.25;MPIB2;0.007764275;0;0.0008198302;0
105.25;MPIB1;0;0;0;0
105.3;MPIB4;0;0;0;0
105.3;MPIB3;0;0;0;0
105.3;MPIB2;0.008005401;0;0.0007716049;0
105.3;MPIB1;0;0;0;0
105.35;MPIB4;0;0;0;0
105.35;MPIB3;0;0;0;0
105.35;MPIB2;0.005690586;0;0.0009162808;0
105.35;MPIB1;0;0;0;0
105.4;MPIB4;0;0;0;0
105.4;MPIB3;0;0;0;0
105.4;MPIB2;0.00554591;0;0.0008680556;0
105.4;MPIB1;0;0;0;0
105.45;MPIB4;0;0;0;0
105.45;MPIB3;0;0;0;0
105.45;MPIB2;0.005353009;0;0.0009162808;0
105.45;MPIB1;0;0;0;0
105.5;MPIB4;0;0;0;0
105.5;MPIB3;0;0;0;0
105.5;MPIB2;0.004774306;0;0.0008198302;0
105.5;MPIB1;0;0;0;0
105.55;MPIB4;0;0;0;0
105.55;MPIB3;0;0;0;0
105.55;MPIB2;0.004967207;0;0.0008198302;0
105.55;MPIB1;0;0;0;0
105.6;MPIB4;0;0;0;0
105.6;MPIB3;0;0;0;0
105.6;MPIB2;0.004918981;0;0.0008198302;0
105.6;MPIB1;0;0;0;0
105.65;MPIB4;0;0;0;0
105.65;MPIB3;0;0;0;0
105.65;MPIB2;0.005015432;0;0.0008198302;0
105.65;MPIB1;0;0;0;0
105.7;MPIB4;0;0;0;0
105.7;MPIB3;0;0;0;0
105.7;MPIB2;0.00544946;0;0.0008198302;0
105.7;MPIB1;0;0;0;0
105.75;MPIB4;0;0;0;0
105.75;MPIB3;0;0;0;0
105.75;MPIB2;0.004774306;0;0.0008198302;0
105.75;MPIB1;0;0;0;0
105.8;MPIB4;0;0;0;0
105.8;MPIB3;0;0;0;0
105.8;MPIB2;0.005931713;0;0.0009162808;0
105.8;MPIB1;0;0;0.001736111;0
105.85;MPIB4;0;0;0;0
105.85;MPIB3;0;0;0;0
105.85;MPIB2;0.008053627;0;0.0009645062;0
105.85;MPIB1;0;0;0.0003858025;0
105.9;MPIB4;0;0;0;0
105.9;MPIB3;0;0;0;0
105.9;MPIB2;0.008246528;0;0.0008680556;0
105.9;MPIB1;0;0;0.0002411265;0
105.95;MPIB4;0;0;0;0
105.95;MPIB3;0;0;0;0
105.95;MPIB2;0.008342979;0;0.0008680556;0
105.95;MPIB1;0;0;4.822531E-05;0
106;MPIB4;0;0;0;0
106;MPIB3;0;0;0;0
106;MPIB2;0.009066358;0;0.0008680556;0
106;MPIB1;0;0;0.0005304784;0
106.05;MPIB4;0;0;0;0
106.05;MPIB3;0;0;0;0
106.05;MPIB2;0.009259259;0;0.0009645062;0
106.05;MPIB1;0;0;0.0003858025;0
106.1;MPIB4;0;0;0;0
106.1;MPIB3;0;0;0;0
106.1;MPIB2;0.009500386;0;0.0009645062;0
106.1;MPIB1;0;0;0.0007716049;0
106.15;MPIB4;0;0;0;0
106.15;MPIB3;0;0;0;0
106.15;MPIB2;0.009741512;0;0.0009645062;0
106.15;MPIB1;0;0;0.0009162808;0
106.2;MPIB4;0;0;0;0
106.2;MPIB3;0;0;0;0
106.2;MPIB2;0.009886188;0;0.0009645062;0
106.2;MPIB1;0;0;0.001205633;0
106.25;MPIB4;0;0;0;0
106.25;MPIB3;0;0;0;0
106.25;MPIB2;0.009789738;0;0.0009645062;0
106.25;MPIB1;0;0;0.001302083;0
106.3;MPIB4;0;0;0;0
106.3;MPIB3;0;0;0;0
106.3;MPIB2;0.009886188;0;0.0009645062;0
106.3;MPIB1;0;0;0.001591435;0
106.35;MPIB4;0;0;0;0
106.35;MPIB3;0;0;0;0
106.35;MPIB2;0.009886188;0;0.0009645062;0
106.35;MPIB1;0;0;0.001929012;0
106.4;MPIB4;0;0;0;0
106.4;MPIB3;0;0;0;0
106.4;MPIB2;0.009886188;0;0.0009645062;0
106.4;MPIB1;0;0;0.001929012;0
106.45;MPIB4;0;0;0;0
106.45;MPIB3;0;0;0;0
106.45;MPIB2;0.008150077;0;0.0009645062;0
106.45;MPIB1;0;0;0.001929012;0
106.5;MPIB4;0;0;0;0
106.5;MPIB3;0;0;0;0
106.5;MPIB2;0.005594136;0;0.001012731;0
106.5;MPIB1;0;0;0.001832562;0
106.55;MPIB4;0;0;0;0
106.55;MPIB3;0;0;0;0
106.55;MPIB2;0.005160108;0;0.0009645062;0
106.55;MPIB1;0;0;0.001832562;0
106.6;MPIB4;0;0;0;0
106.6;MPIB3;0;0;0;0
106.6;MPIB2;0.005160108;0;0.0009645062;0
106.6;MPIB1;0;0;0.001832562;0
106.65;MPIB4;0;0;0;0
106.65;MPIB3;0;0;0;0
106.65;MPIB2;0.005160108;0;0.0009645062;0
106.65;MPIB1;0;0;0.001832562;0
106.7;MPIB4;0;0;0;0
106.7;MPIB3;0;0;0;0
106.7;MPIB2;0.005160108;0;0.0009645062;0
106.7;MPIB1;0;0;0.001832562;0
106.75;MPIB4;0;0;0;0
106.75;MPIB3;0;0;0;0
106.75;MPIB2;0.005160108;0;0.0009645062;0
106.75;MPIB1;0;0;0.001832562;0
106.8;MPIB4;0;0;0;0
106.8;MPIB3;0;0;0;0
106.8;MPIB2;0.005160108;0;0.0009645062;0
106.8;MPIB1;0;0;0.001832562;0
106.85;MPIB4;0;0;0;0
106.85;MPIB3;0;0;0;0
106.85;MPIB2;0.004195602;0;0.001012731;0
106.85;MPIB1;0;0;0.001832562;0
106.9;MPIB4;0;0;0;0
106.9;MPIB3;0;0;0;0
106.9;MPIB2;0.003279321;0;0.001060957;0
106.9;MPIB1;0;0;0.001832562;0
106.95;MPIB4;0;0;0;0
106.95;MPIB3;0;0;0;0
106.95;MPIB2;0.002893518;0;0.001012731;0
106.95;MPIB1;0;0;0.001832562;0
107;MPIB4;0;0;0;0
107;MPIB3;0;0;0;0
107;MPIB2;0.002893518;0;0.001012731;0
107;MPIB1;0;0;0.001832562;0
107.05;MPIB4;0;0;0;0
107.05;MPIB3;0;0;0;0
107.05;MPIB2;0.002507716;0;0.001012731;0
107.05;MPIB1;0;0;0.001832562;0
107.1;MPIB4;0;0;0;0
107.1;MPIB3;0;0;0;0
107.1;MPIB2;0.002507716;0;0.001012731;0
107.1;MPIB1;0;0;0.001832562;0
107.15;MPIB4;0;0;0;0
107.15;MPIB3;0;0;0;0
107.15;MPIB2;0.002507716;0;0.001012731;0
107.15;MPIB1;0;0;0.001832562;0
107.2;MPIB4;0;0;0;0
107.2;MPIB3;0;0;0;0
107.2;MPIB2;0.002507716;0;0.001012731;0
107.2;MPIB1;0;0;0.002025463;0
107.25;MPIB4;0;0;0;0
107.25;MPIB3;0;0;0;0
107.25;MPIB2;0;0;0.001350309;0
107.25;MPIB1;0;0;0.002073688;0
107.3;MPIB4;0;0;0;0
107.3;MPIB3;0;0;0;0
107.3;MPIB2;0;0;0;0
107.3;MPIB1;0;0;0.002025463;0
107.35;MPIB4;0;0;0;0
107.35;MPIB3;0;0;0;0
107.35;MPIB2;0;0;0;0
107.35;MPIB1;0;0;0.002073688;0
107.4;MPIB4;0;0;0;0
107.4;MPIB3;0;0;0;0
107.4;MPIB2;0;0;0;0
107.4;MPIB1;0;0;0.001977238;0
107.45;MPIB4;0;0;0;0
107.45;MPIB3;0;0;0;0
107.45;MPIB2;0;0;0;0
107.45;MPIB1;0;0;0.001977238;0
107.5;MPIB4;0;0;0;0
107.5;MPIB3;0;0;0;0
107.5;MPIB2;0;0;0;0
107.5;MPIB1;0;0;0.001929012;0
107.55;MPIB4;0;0;0;0
107.55;MPIB3;0;0;0;0
107.55;MPIB2;0;0;0;0
107.55;MPIB1;0;0;0.001832562;0
107.6;MPIB4;0;0;0;0
107.6;MPIB3;0;0;0;0
107.6;MPIB2;0;0;0;0
107.6;MPIB1;0;0;0.001929012;0
107.65;MPIB4;0;0;0;0
107.65;MPIB3;0;0;0;0
107.65;MPIB2;0;0;0;0
107.65;MPIB1;0;0;0.001977238;0
107.7;MPIB4;0;0;0;0
107.7;MPIB3;0;0;0;0
107.7;MPIB2;0;0;0;0
107.7;MPIB1;0;0;0.001929012;0
107.75;MPIB4;0;0;0;0
107.75;MPIB3;0;0;0;0
107.75;MPIB2;0;0;0;0
107.75;MPIB1;0;0;0.001736111;0
107.8;MPIB4;0;0;0;0
107.8;MPIB3;0;0;0;0
107.8;MPIB2;0;0;0;0
107.8;MPIB1;0;0;0.001494985;0
107.85;MPIB4;0;0;0;0
107.85;MPIB3;0;0;0;0
107.85;MPIB2;0;0;0;0
107.85;MPIB1;0;0;0.001302083;0
107.9;MPIB4;0;0;0;0
107.9;MPIB3;0;0;0;0
107.9;MPIB2;0;0;0;0
107.9;MPIB1;0;0;0.001012731;0
107.95;MPIB4;0;0;0;0
107.95;MPIB3;0;0;0;0
107.95;MPIB2;0;0;0;0
107.95;MPIB1;0;0;0.0008680556;0
108;MPIB4;0;0;0;0
108;MPIB3;0;0;0;0
108;MPIB2;0;0;0;0
108;MPIB1;0;0;0.0009162808;0
108.05;MPIB4;0;0;0;0
108.05;MPIB3;0;0;0;0
108.05;MPIB2;0;0;0;0
108.05;MPIB1;0;0;0.0009162808;0
108.1;MPIB4;0;0;0;0
108.1;MPIB3;0;0;0;0
108.1;MPIB2;0;0;0;0
108.1;MPIB1;0;0;0.0008680556;0
108.15;MPIB4;0;0;0;0
108.15;MPIB3;0;0;0;0
108.15;MPIB2;0;0;0;0
108.15;MPIB1;0;0;0.0009645062;0
108.2;MPIB4;0;0;0;0
108.2;MPIB3;0;0;0;0
108.2;MPIB2;0;0;0;0
108.2;MPIB1;0;0;0.0009645062;0
108.25;MPIB4;0;0;0;0
108.25;MPIB3;0;0;0;0
108.25;MPIB2;0;0;0;0
108.25;MPIB1;0;0;0.001012731;0
108.3;MPIB4;0;0;0;0
108.3;MPIB3;0;0;0;0
108.3;MPIB2;0;0;0;0
108.3;MPIB1;0;0;0.001109182;0
108.35;MPIB4;0;0;0;0
108.35;MPIB3;0;0;0;0
108.35;MPIB2;0;0;0;0
108.35;MPIB1;0;0;0.001109182;0
108.4;MPIB4;0;0;0;0
108.4;MPIB3;0;0;0;0
108.4;MPIB2;0;0;0;0
108.4;MPIB1;0;0;0.001109182;0
108.45;MPIB4;0;0;0;0
108.45;MPIB3;0;0;0;0
108.45;MPIB2;0;0;0;0
108.45;MPIB1;0;0;0.001060957;0
108.5;MPIB4;0;0;0;0
108.5;MPIB3;0;0;0;0
108.5;MPIB2;0;0;0;0
108.5;MPIB1;0;0;0.001205633;0
108.55;MPIB4;0;0;0;0
108.55;MPIB3;0;0;0;0
108.55;MPIB2;0;0;0;0
108.55;MPIB1;0;0;0.001205633;0
108.6;MPIB4;0;0;0;0
108.6;MPIB3;0;0;0;0
108.6;MPIB2;0;0;0;0
108.6;MPIB1;0;0;0.001302083;0
108.65;MPIB4;0;0;0;0
108.65;MPIB3;0.0001929012;0;0;0
108.65;MPIB2;0;0;0;0
108.65;MPIB1;0;0;0.001398534;0
108.7;MPIB4;0;0;0;0
108.7;MPIB3;0.0004340278;0;0;0
108.7;MPIB2;0;0;0;0
108.7;MPIB1;0;0;0.001494985;0
108.75;MPIB4;0;0;0;0
108.75;MPIB3;0.0004340278;0;0;0
108.75;MPIB2;0;0;0;0
108.75;MPIB1;0;0;0.001350309;0
108.8;MPIB4;0;0;0;0
108.8;MPIB3;0.0003858025;0;0;0
108.8;MPIB2;0;0;0;0
108.8;MPIB1;0;0;0.001157407;0
108.85;MPIB4;0;0;0;0
108.85;MPIB3;0.0003858025;0;0;0
108.85;MPIB2;0;0;0;0
108.85;MPIB1;0;0;0.0002893519;0
108.9;MPIB4;0;0;0;0
108.9;MPIB3;0.0004340278;0;0;0
108.9;MPIB2;0;0;0;0
108.9;MPIB1;0;0;0;0
108.95;MPIB4;0;0;0;0
108.95;MPIB3;0.0003858025;0;0;0
108.95;MPIB2;0;0;0;0
108.95;MPIB1;0;0;0.0004822531;0
109;MPIB4;0;0;0;0
109;MPIB3;0.0003858025;0;0;0
109;MPIB2;0;0;0;0
109;MPIB1;0;0;0.001157407;0
109.05;MPIB4;0;0;0;0
109.05;MPIB3;0.0003858025;0;0;0
109.05;MPIB2;0;0;0;0
109.05;MPIB1;0;0;0.00154321;0
109.1;MPIB4;0;0;0;0
109.1;MPIB3;0.0003375772;0;0;0
109.1;MPIB2;0;0;0;0
109.1;MPIB1;0;0;0;0
109.15;MPIB4;0;0;0;0
109.15;MPIB3;0.0003375772;0;0;0
109.15;MPIB2;0;0;0;0
109.15;MPIB1;0;0;0;0
109.2;MPIB4;0;0;0;0
109.2;MPIB3;0.0002411265;0;0;0
109.2;MPIB2;0;0;0;0
109.2;MPIB1;0;0;0;0
109.25;MPIB4;0;0;0;0
109.25;MPIB3;0.0002411265;0;0;0
109.25;MPIB2;0;0;0;0
109.25;MPIB1;0;0;0;0
109.3;MPIB4;0;0;0;0
109.3;MPIB3;0.0001446759;0;0;0
109.3;MPIB2;0;0;0;0
109.3;MPIB1;0;0;0;0
109.35;MPIB4;0;0;0;0
109.35;MPIB3;4.822531E-05;0;0;0
109.35;MPIB2;0;0;0;0
109.35;MPIB1;0;0;0;0
109.4;MPIB4;0;0;0;0
109.4;MPIB3;0;0;0;0
109.4;MPIB2;0;0;0;0
109.4;MPIB1;0;0;0;0
109.45;MPIB4;0;0;0;0
109.45;MPIB3;0;0;0;0
109.45;MPIB2;0;0;0;0
109.45;MPIB1;0;0;0;0
109.5;MPIB4;0;0;0;0
109.5;MPIB3;0;0;0;0
109.5;MPIB2;0;0;0;0
109.5;MPIB1;0;0;0;0
109.55;MPIB4;0;0;0;0
109.55;MPIB3;0;0;0;0
109.55;MPIB2;0;0;0;0
109.55;MPIB1;0;0;0;0
109.6;MPIB4;0;0;0;0
109.6;MPIB3;0;0;0;0
109.6;MPIB2;0;0;0;0
109.6;MPIB1;0;0;0;0
109.65;MPIB4;0;0;0;0
109.65;MPIB3;0;0;0;0
109.65;MPIB2;0;0;0;0
109.65;MPIB1;0;0;0;0
109.7;MPIB4;0;0;0;0
109.7;MPIB3;0;0;0;0
109.7;MPIB2;0;0;0;0
109.7;MPIB1;0;0;0;0
109.75;MPIB4;0;0;0;0
109.75;MPIB3;0;0;0;0
109.75;MPIB2;0;0;0;0
109.75;MPIB1;0;0;0;0
109.8;MPIB4;0;0;0;0
109.8;MPIB3;0;0;0;0
109.8;MPIB2;0;0;0;0
109.8;MPIB1;0;0;0;0
109.85;MPIB4;0;0;0;0
109.85;MPIB3;0;0;0;0
109.85;MPIB2;0;0;0;0
109.85;MPIB1;0;0;0;0
109.9;MPIB4;0;0;0;0
109.9;MPIB3;0;0;0;0
109.9;MPIB2;0;0;0;0
109.9;MPIB1;0;0;0;0
109.95;MPIB4;0;0;0;0
109.95;MPIB3;0;0;0;0
109.95;MPIB2;0;0;0;0
109.95;MPIB1;0;0;0;0
110;MPIB4;0;0;0;0
110;MPIB3;0;0;0;0
110;MPIB2;0;0;0;0
110;MPIB1;0;0;0;0
110.05;MPIB4;0;0;0;0
110.05;MPIB3;0;0;0;0
110.05;MPIB2;0;0;0;0
110.05;MPIB1;0;0;0;0
110.1;MPIB4;0;0;0;0
110.1;MPIB3;0;0;0;0
110.1;MPIB2;0;0;0;0
110.1;MPIB1;0;0;0;0
110.15;MPIB4;0;0;0;0
110.15;MPIB3;0;0;0;0
110.15;MPIB2;0;0;0;0
110.15;MPIB1;0;0;0;0
110.2;MPIB4;0;0;0;0
110.2;MPIB3;0;0;0;0
110.2;MPIB2;0;0;0;0
110.2;MPIB1;0;0;0;0
110.25;MPIB4;0;0;0;0
110.25;MPIB3;0;0;0;0
110.25;MPIB2;0;0;0;0
110.25;MPIB1;0;0;0;0
110.3;MPIB4;0;0;0;0
110.3;MPIB3;0;0;0;0
110.3;MPIB2;0;0;0;0
110.3;MPIB1;0;0;0;0
110.35;MPIB4;0;0;0;0
110.35;MPIB3;0;0;0;0
110.35;MPIB2;0;0;0;0
110.35;MPIB1;0;0;0;0
110.4;MPIB4;0;0;0;0
110.4;MPIB3;0;0;0;0
110.4;MPIB2;0;0;0;0
110.4;MPIB1;0;0;0;0
110.45;MPIB4;0;0;0;0
110.45;MPIB3;0;0;0;0
110.45;MPIB2;0;0;0;0
110.45;MPIB1;0;0;0;0
110.5;MPIB4;0;0;0;0
110.5;MPIB3;0;0;0;0
110.5;MPIB2;0;0;0;0
110.5;MPIB1;0;0;0;0
110.55;MPIB4;0;0;0;0
110.55;MPIB3;0;0;0;0
110.55;MPIB2;0;0;0;0
110.55;MPIB1;0;0;0;0
110.6;MPIB4;0;0;0;0
110.6;MPIB3;0;0;0;0
110.6;MPIB2;0;0;0;0
110.6;MPIB1;0;0;0;0
110.65;MPIB4;0;0;0;0
110.65;MPIB3;0;0;0;0
110.65;MPIB2;0;0;0;0
110.65;MPIB1;0;0;0;0
110.7;MPIB4;0;0;0;0
110.7;MPIB3;0;0;0;0
110.7;MPIB2;0;0;0;0
110.7;MPIB1;0;0;0;0
110.75;MPIB4;0;0;0;0
110.75;MPIB3;0;0;0;0
110.75;MPIB2;0;0;0;0
110.75;MPIB1;0;0;0;0
110.8;MPIB4;0;0;0;0
110.8;MPIB3;0;0;0;0
110.8;MPIB2;0;0;0;0
110.8;MPIB1;0;0;0;0
110.85;MPIB4;0;0;0;0
110.85;MPIB3;0;0;0;0
110.85;MPIB2;0;0;0;0
110.85;MPIB1;0;0;0;0
110.9;MPIB4;0;0;0;0
110.9;MPIB3;0;0;0;0
110.9;MPIB2;0;0;0;0
110.9;MPIB1;0;0;0;0
110.95;MPIB4;0;0;0;0
110.95;MPIB3;0;0;0;0
110.95;MPIB2;0;0;0;0
110.95;MPIB1;0;0;0;0
111;MPIB4;0;0;0;0
111;MPIB3;0;0;0;0
111;MPIB2;0;0;0;0
111;MPIB1;0;0;0;0
111.05;MPIB4;0;0;0;0
111.05;MPIB3;0;0;0;0
111.05;MPIB2;0;0;0;0
111.05;MPIB1;0;0;0;0
111.1;MPIB4;0;0;0;0
111.1;MPIB3;0;0;0;0
111.1;MPIB2;0;0;0;0
111.1;MPIB1;0;0;0;0
111.15;MPIB4;0;0;0;0
111.15;MPIB3;0;0;0;0
111.15;MPIB2;0;0;0;0
111.15;MPIB1;0;0;0;0
111.2;MPIB4;0;0;0;0
111.2;MPIB3;0;0;0;0
111.2;MPIB2;0;0;0;0
111.2;MPIB1;0;0;0;0
111.25;MPIB4;0;0;0;0
111.25;MPIB3;0;0;0;0
111.25;MPIB2;0;0;0;0
111.25;MPIB1;0;0;0;0
111.3;MPIB4;0;0;0;0
111.3;MPIB3;0;0;0;0
111.3;MPIB2;0;0;0;0
111.3;MPIB1;0;0;0;0
111.35;MPIB4;0;0;0;0
111.35;MPIB3;0;0;0;0
111.35;MPIB2;0;0;0;0
111.35;MPIB1;0;0;0;0
111.4;MPIB4;0;0;0;0
111.4;MPIB3;0;0;0;0
111.4;MPIB2;0;0;0;0
111.4;MPIB1;0;0;0;0
111.45;MPIB4;0;0;0;0
111.45;MPIB3;0;0;0;0
111.45;MPIB2;0;0;0;0
111.45;MPIB1;0;0;0;0
111.5;MPIB4;0;0;0;0
111.5;MPIB3;0;0;0;0
111.5;MPIB2;0;0;0;0
111.5;MPIB1;0;0;0;0
111.55;MPIB4;0;0;0;0
111.55;MPIB3;0;0;0;0
111.55;MPIB2;0;0;0;0
111.55;MPIB1;0;0;0;0
111.6;MPIB4;0;0;0;0
111.6;MPIB3;0;0;0;0
111.6;MPIB2;0;0;0;0
111.6;MPIB1;0;0;0;0
111.65;MPIB4;0;0;0;0
111.65;MPIB3;0;0;0;0
111.65;MPIB2;0;0;0;0
111.65;MPIB1;0;0;0;0
111.7;MPIB4;0;0;0;0
111.7;MPIB3;0;0;0;0
111.7;MPIB2;0;0;0;0
111.7;MPIB1;0;0;0;0
111.75;MPIB4;0;0;0;0
111.75;MPIB3;0;0;0;0
111.75;MPIB2;0;0;0;0
111.75;MPIB1;0;0;0;0
111.8;MPIB4;0;0;0;0
111.8;MPIB3;0;0;0;0
111.8;MPIB2;0;0;0;0
111.8;MPIB1;0;0;0;0
111.85;MPIB4;0;0;0;0
111.85;MPIB3;0;0;0;0
111.85;MPIB2;0;0;0;0
111.85;MPIB1;0;0;0;0
111.9;MPIB4;0;0;0;0
111.9;MPIB3;0;0;0;4.822531E-05
111.9;MPIB2;0;0;0;0
111.9;MPIB1;0;0;0;0
111.95;MPIB4;0;0;0;0
111.95;MPIB3;0;0;0;0.0002411265
111.95;MPIB2;0;0;0;0
111.95;MPIB1;0;0;0;0
112;MPIB4;0;0;0;0
112;MPIB3;0;0;0;0.0002411265
112;MPIB2;0;0;0;0
112;MPIB1;0;0;0;0
112.05;MPIB4;0;0;0;0
112.05;MPIB3;0;0;0;0.0001929012
112.05;MPIB2;0;0;0;0
112.05;MPIB1;0;0;0;0
112.1;MPIB4;0;0;0;0
112.1;MPIB3;0;0;0;0.0001929012
112.1;MPIB2;0;0;0;0
112.1;MPIB1;0;0;0;0
112.15;MPIB4;0;0;0;0
112.15;MPIB3;0;0;0;0.0003375772
112.15;MPIB2;0;0;0;0
112.15;MPIB1;0;0.0008198302;0;0
112.2;MPIB4;0;0;0;0
112.2;MPIB3;0;0;0;0.0003375772
112.2;MPIB2;0;0;0;0
112.2;MPIB1;0;0.009259259;0;0
112.25;MPIB4;0;0;0;0
112.25;MPIB3;0;0;0;0.0003375772
112.25;MPIB2;0;0;0;0
112.25;MPIB1;0;0.008150077;0;0
112.3;MPIB4;0;0;0;0
112.3;MPIB3;0;0;0;0.0003375772
112.3;MPIB2;0;0;0;0
112.3;MPIB1;0;0.007426698;0;0
112.35;MPIB4;0;0;0;0
112.35;MPIB3;0;0;0;0.0003375772
112.35;MPIB2;0;0;0;0
112.35;MPIB1;0;0.006751543;0;0
112.4;MPIB4;0;0;0;0
112.4;MPIB3;0;0;0;0.0003375772
112.4;MPIB2;0;0;0;0
112.4;MPIB1;0;0.005497685;0;0
112.45;MPIB4;0;0;0;0
112.45;MPIB3;0;0;0;0.0003375772
112.45;MPIB2;0;0;0;0
112.45;MPIB1;0;0.004918981;0;0
112.5;MPIB4;0;0;0;0
112.5;MPIB3;0;0;0;0.0002411265
112.5;MPIB2;0;0;0;0
112.5;MPIB1;0;0.004822531;0;0
112.55;MPIB4;0;0;0;0
112.55;MPIB3;0;0;0;0.0002893519
112.55;MPIB2;0;0;0;0
112.55;MPIB1;0;0.004533179;0;0
112.6;MPIB4;0;0;0;0
112.6;MPIB3;0;0;0;0.0001929012
112.6;MPIB2;0;0;0;0
112.6;MPIB1;0;0.004533179;0;0
112.65;MPIB4;0;0;0;0
112.65;MPIB3;0;0;0;0.0003375772
112.65;MPIB2;0;0;0;0
112.65;MPIB1;0;0.004677855;0;0
112.7;MPIB4;0;0;0;0
112.7;MPIB3;0;0;0;0.0003375772
112.7;MPIB2;0;0;0;0
112.7;MPIB1;0;0.004677855;0;0
112.75;MPIB4;0;0;0;0
112.75;MPIB3;0;0;0;0.0003375772
112.75;MPIB2;0;0;0;0
112.75;MPIB1;0;0.00472608;0;0
112.8;MPIB4;0;0;0;0
112.8;MPIB3;0;0;0;0.0003375772
112.8;MPIB2;0;0;0;0
112.8;MPIB1;0;0.004774306;0;0
112.85;MPIB4;0;0;0;0
112.85;MPIB3;0;0;0;0.0003375772
112.85;MPIB2;0;0;0;0
112.85;MPIB1;0;0.004484954;0;0
112.9;MPIB4;0;0;0;0
112.9;MPIB3;0;0;0;0.0003375772
112.9;MPIB2;0;0;0;0
112.9;MPIB1;0;0.00462963;0;0
112.95;MPIB4;0;0;0;0
112.95;MPIB3;0;0;0;0.0003375772
112.95;MPIB2;0;0;0;0
112.95;MPIB1;0;0.004147376;0;0
113;MPIB4;0;0;0;0
113;MPIB3;0;0;0;0.0003375772
113;MPIB2;0;0;0;0
113;MPIB1;0;0.00472608;0;0
113.05;MPIB4;0;0;0;0
113.05;MPIB3;0;0;0;0.0003375772
113.05;MPIB2;0.01408179;0;0.0007233796;0
113.05;MPIB1;0;0.00462963;0;0
113.1;MPIB4;0;0;0;0
113.1;MPIB3;0;0;0;0.0003375772
113.1;MPIB2;0.01094715;0;0.0004340278;0
113.1;MPIB1;0;0.004918981;0;0
113.15;MPIB4;0;0;0;0
113.15;MPIB3;0;0;0;0.0003375772
113.15;MPIB2;0.009018132;0;0.0002893519;0
113.15;MPIB1;0;0.004774306;0;0
113.2;MPIB4;0;0;0;0
113.2;MPIB3;0;0;0;0.0002893519
113.2;MPIB2;0.008777007;0;0.0001446759;0
113.2;MPIB1;0;0.004967207;0;0
113.25;MPIB4;0;0;0;0
113.25;MPIB3;0;0;0;0.0003375772
113.25;MPIB2;0.007908951;0;0.0003858025;0
113.25;MPIB1;0;0.005594136;0;0
113.3;MPIB4;0;0;0;0
113.3;MPIB3;0;0;0;0.0003375772
113.3;MPIB2;0.008246528;0;0.0003375772;0
113.3;MPIB1;0;0.005353009;0;0
113.35;MPIB4;0;0;0;0
113.35;MPIB3;0;0;0;0.0003375772
113.35;MPIB2;0.01128472;0;0.0004340278;0
113.35;MPIB1;0;0.005160108;0;0
113.4;MPIB4;0;0;0;0
113.4;MPIB3;0;0;0;0.0003858025
113.4;MPIB2;0;0;0.0006751543;0
113.4;MPIB1;0;0.005304784;0;0
113.45;MPIB4;0;0;0;0
113.45;MPIB3;0;0;0;0.0004340278
113.45;MPIB2;0;0;0;0
113.45;MPIB1;0;0.005111883;0;0
113.5;MPIB4;0;0;0;0
113.5;MPIB3;0;0;0;0.0003858025
113.5;MPIB2;0;0;0;0
113.5;MPIB1;0;0.005063657;0;0
113.55;MPIB4;0;0;0;0
113.55;MPIB3;0;0;0;0.0004340278
113.55;MPIB2;0;0;0;0
113.55;MPIB1;0;0.005256559;0;0
113.6;MPIB4;0;0;0;0
113.6;MPIB3;0;0;0;0.0003375772
113.6;MPIB2;0;0;0;0
113.6;MPIB1;0;0.005160108;0;0
113.65;MPIB4;0;0;0;0
113.65;MPIB3;0;0;0;0.0003858025
113.65;MPIB2;0;0;0;0
113.65;MPIB1;0;0.005111883;0;0
113.7;MPIB4;0;0;0;0
113.7;MPIB3;0;0;0;0.0004340278
113.7;MPIB2;0;0;0;0
113.7;MPIB1;0;0.005015432;0;0
113.75;MPIB4;0;0;0;0
113.75;MPIB3;0;0;0;0.0003858025
113.75;MPIB2;0;0;0;0
113.75;MPIB1;0;0.005111883;0;0
113.8;MPIB4;0;0;0;0
113.8;MPIB3;0;0;0;0.0003375772
113.8;MPIB2;0;0;0;0
113.8;MPIB1;0;0.005015432;0;0
113.85;MPIB4;0;0;0;0
113.85;MPIB3;0;0;0;0.0003375772
113.85;MPIB2;0;0;0;0
113.85;MPIB1;0;0.004967207;0;0
113.9;MPIB4;0;0;0;0
113.9;MPIB3;0;0;0;0.0003375772
113.9;MPIB2;0;0;0;0
113.9;MPIB1;0;0.005063657;0;0
113.95;MPIB4;0;0;0;0
113.95;MPIB3;0;0;0;0.0003858025
113.95;MPIB2;0;0;0;0
113.95;MPIB1;0;0.005063657;0;0
114;MPIB4;0;0;0;0
114;MPIB3;0;0;0;0.0004340278
114;MPIB2;0;0;0;0
114;MPIB1;0;0.005111883;0;0
114.05;MPIB4;0;0;0;0
114.05;MPIB3;0;0;0;0.0004340278
114.05;MPIB2;0;0;0;0
114.05;MPIB1;0;0.005063657;0;0
114.1;MPIB4;0;0;0;0
114.1;MPIB3;0;0;0;0.0004340278
114.1;MPIB2;0;0;0;0
114.1;MPIB1;0;0.005015432;0;0
114.15;MPIB4;0;0;0;0
114.15;MPIB3;0;0;0;0.0004340278
114.15;MPIB2;0;0;0;0
114.15;MPIB1;0;0.005015432;0;0
114.2;MPIB4;0;0;0;0
114.2;MPIB3;0;0;0;0
114.2;MPIB2;0;0;0;0
114.2;MPIB1;0;0.004967207;0;0
114.25;MPIB4;0;0;0;0
114.25;MPIB3;0;0;0;0
114.25;MPIB2;0;0;0;0
114.25;MPIB1;0;0.004918981;0;0
114.3;MPIB4;0;0;0;0
114.3;MPIB3;0;0;0;0
114.3;MPIB2;0;0;0;0
114.3;MPIB1;0;0.004967207;0;0
114.35;MPIB4;0;0;0;0
114.35;MPIB3;0;0;0;0
114.35;MPIB2;0;0;0;0
114.35;MPIB1;0;0.004967207;0;0
114.4;MPIB4;0;0;0;0
114.4;MPIB3;0;0;0;0
114.4;MPIB2;0;0;0;0
114.4;MPIB1;0;0.004918981;0;0
114.45;MPIB4;0;0;0;0
114.45;MPIB3;0;0;0;0
114.45;MPIB2;0;0;0;0
114.45;MPIB1;0;0.004918981;0;0
114.5;MPIB4;0;0;0;0
114.5;MPIB3;0;0;0;0
114.5;MPIB2;0;0;0;0
114.5;MPIB1;0;0.004918981;0;0
114.55;MPIB4;0;0;0;0
114.55;MPIB3;0;0;0;0
114.55;MPIB2;0;0;0;0
114.55;MPIB1;0;0.004918981;0;0
114.6;MPIB4;0;0;0;0
114.6;MPIB3;0;0;0;0
114.6;MPIB2;0;0;0;0
114.6;MPIB1;0;0.004918981;0;0
114.65;MPIB4;0;0;0;0
114.65;MPIB3;0;0;0;0
114.65;MPIB2;0;0;0;0
114.65;MPIB1;0;0.004918981;0;0
114.7;MPIB4;0;0;0;0
114.7;MPIB3;0;0;0;0
114.7;MPIB2;0;0;0;0
114.7;MPIB1;0;0.004822531;0;0
114.75;MPIB4;0;0;0;0
114.75;MPIB3;0;0;0;0
114.75;MPIB2;0;0;0;0
114.75;MPIB1;0;0.004774306;0;0
114.8;MPIB4;0;0;0;0
114.8;MPIB3;0;0;0;0
114.8;MPIB2;0;0;0;0
114.8;MPIB1;0;0.005208333;0;0
114.85;MPIB4;0;0;0;0
114.85;MPIB3;0;0;0;0
114.85;MPIB2;0;0;0;0
114.85;MPIB1;0;0.005160108;0;0
114.9;MPIB4;0;0;0;0
114.9;MPIB3;0;0;0;0
114.9;MPIB2;0;0;0;0
114.9;MPIB1;0;0.004918981;0;0
114.95;MPIB4;0;0;0;0
114.95;MPIB3;0;0;0;0
114.95;MPIB2;0;0;0;0
114.95;MPIB1;0;0.004967207;0;0
115;MPIB4;0;0;0;0
115;MPIB3;0;0;0;0
115;MPIB2;0;0;0;0
115;MPIB1;0;0.005738812;0;0
115.05;MPIB4;0;0;0;0
115.05;MPIB3;0;0;0;0
115.05;MPIB2;0;0;0;0
115.05;MPIB1;0;0.005642361;0;0
115.1;MPIB4;0;0;0;0
115.1;MPIB3;0;0;0;0
115.1;MPIB2;0;0;0;0
115.1;MPIB1;0;0.005931713;0;0
115.15;MPIB4;0;0;0;0
115.15;MPIB3;0;0;0;0
115.15;MPIB2;0;0;0;0
115.15;MPIB1;0;0.006413966;0;0
115.2;MPIB4;0;0;0;0
115.2;MPIB3;0;0;0;0
115.2;MPIB2;0;0;0;0
115.2;MPIB1;0;0.006221065;0;0
115.25;MPIB4;0;0;0;0
115.25;MPIB3;0;0;0;0
115.25;MPIB2;0;0;0;0
115.25;MPIB1;0;0.006221065;0;0
115.3;MPIB4;0;0;0;0
115.3;MPIB3;0;0;0;0
115.3;MPIB2;0;0;0;0
115.3;MPIB1;0;0.006365741;0;0
115.35;MPIB4;0;0;0;0
115.35;MPIB3;0;0;0;0
115.35;MPIB2;0;0;0;0
115.35;MPIB1;0;0.006799769;0;0
115.4;MPIB4;0;0;0;0
115.4;MPIB3;0;0;0;0
115.4;MPIB2;0;0;0;0
115.4;MPIB1;0;0.006944444;0;0
115.45;MPIB4;0;0;0;0
115.45;MPIB3;0;0;0;0
115.45;MPIB2;0;0;0;0
115.45;MPIB1;0;0.007282021;0;0
115.5;MPIB4;0;0;0;0
115.5;MPIB3;0;0;0;0
115.5;MPIB2;0;0;0;0
115.5;MPIB1;0;0.008391203;0;0
115.55;MPIB4;0;0;0;0
115.55;MPIB3;0;0;0;0
115.55;MPIB2;0;0;0;0
115.55;MPIB1;0;0.008777007;0;0
115.6;MPIB4;0;0;0;0
115.6;MPIB3;0;0;0;0
115.6;MPIB2;0;0;0;0
115.6;MPIB1;0;0.009307484;0;0
115.65;MPIB4;0;0;0;0
115.65;MPIB3;0;0;0;0
115.65;MPIB2;0;0;0;0
115.65;MPIB1;0;0.009693287;0;0
115.7;MPIB4;0;0;0;0
115.7;MPIB3;0;0;0;0
115.7;MPIB2;0;0;0;0
115.7;MPIB1;0;0.01089892;0;0
115.75;MPIB4;0;0;0;0
115.75;MPIB3;0;0;0;0
115.75;MPIB2;0;0;0;0
115.75;MPIB1;0;0.01046489;0;0
115.8;MPIB4;0;0;0;0
115.8;MPIB3;0;0;0;0
115.8;MPIB2;0;0;0;0
115.8;MPIB1;0;0.01133295;0;0
115.85;MPIB4;0;0;0;0
115.85;MPIB3;0;0;0;0
115.85;MPIB2;0;0;0;0
115.85;MPIB1;0;0.01118827;0;0
115.9;MPIB4;0;0;0;0
115.9;MPIB3;0;0;0;0
115.9;MPIB2;0;0;0;0
115.9;MPIB1;0;0.01157407;0;0
115.95;MPIB4;0;0;0;0
115.95;MPIB3;0;0;0;0
115.95;MPIB2;0;0;0;0
115.95;MPIB1;0;0.01133295;0;0
116;MPIB4;0;0;0;0
116;MPIB3;0;0;0;0
116;MPIB2;0;0;0;0
116;MPIB1;0;0.01147762;0;0
116.05;MPIB4;0;0;0;0
116.05;MPIB3;0;0;0;0
116.05;MPIB2;0;0;0;0
116.05;MPIB1;0;0.01089892;0;0
116.1;MPIB4;0;0;0;0
116.1;MPIB3;0;0;0;0
116.1;MPIB2;0;0;0;0
116.1;MPIB1;0;0.008391203;0;0
116.15;MPIB4;0;0;0;0
116.15;MPIB3;0;0;0;0
116.15;MPIB2;0;0;0;0
116.15;MPIB1;0;0.009066358;0;0
116.2;MPIB4;0;0;0;0
116.2;MPIB3;0;0;0;0
116.2;MPIB2;0;0;0;0
116.2;MPIB1;0;0.008487654;0;0
116.25;MPIB4;0;0;0;0
116.25;MPIB3;0;0;0;0
116.25;MPIB2;0;0;0;0
116.25;MPIB1;0;0.007764275;0;0
116.3;MPIB4;0;0;0;0
116.3;MPIB3;0;0;0;0
116.3;MPIB2;0;0;0;0
116.3;MPIB1;0;0.007571374;0;0
116.35;MPIB4;0;0;0;0
116.35;MPIB3;0;0;0;0
116.35;MPIB2;0;0;0;0
116.35;MPIB1;0;0.007716049;0;0
116.4;MPIB4;0;0;0;0
116.4;MPIB3;0;0;0;0
116.4;MPIB2;0;0;0;0
116.4;MPIB1;0;0.008150077;0;0
116.45;MPIB4;0;0;0;0
116.45;MPIB3;0;0;0;0
116.45;MPIB2;0;0;0;0
116.45;MPIB1;0;0.008101852;0;0
116.5;MPIB4;0;0;0;0
116.5;MPIB3;0;0;0;0
116.5;MPIB2;0;0;0;0
116.5;MPIB1;0;0.007908951;0;0
116.55;MPIB4;0;0;0;0
116.55;MPIB3;0;0;0;0
116.55;MPIB2;0;0;0;0
116.55;MPIB1;0;0.008198302;0;0
116.6;MPIB4;0;0;0;0
116.6;MPIB3;0;0;0;0
116.6;MPIB2;0;0;0;0
116.6;MPIB1;0;0.008439429;0;0
116.65;MPIB4;0;0;0;0
116.65;MPIB3;0;0;0;0
116.65;MPIB2;0;0;0;0
116.65;MPIB1;0;0.008487654;0;0
116.7;MPIB4;0;0;0;0
116.7;MPIB3;0;0;0;0
116.7;MPIB2;0;0;0;0
116.7;MPIB1;0;0.008101852;0;0
116.75;MPIB4;0;0;0;0
116.75;MPIB3;0;0;0;0
116.75;MPIB2;0;0;0;0
116.75;MPIB1;0;0.008391203;0;0
116.8;MPIB4;0;0;0;0
116.8;MPIB3;0;0;0;0
116.8;MPIB2;0;0;0;0
116.8;MPIB1;0;0.008342979;0;0
116.85;MPIB4;0;0;0;0
116.85;MPIB3;0;0;0;0
116.85;MPIB2;0;0;0;0
116.85;MPIB1;0;0.008342979;0;0
116.9;MPIB4;0;0;0;0
116.9;MPIB3;0;0;0;0
116.9;MPIB2;0;0;0;0
116.9;MPIB1;0;0.00863233;0;0
116.95;MPIB4;0;0;0;0
116.95;MPIB3;0;0;0;0
116.95;MPIB2;0;0;0;0
116.95;MPIB1;0;0.008487654;0;0
117;MPIB4;0;0;0;0
117;MPIB3;0;0;0;0
117;MPIB2;0;0;0;0
117;MPIB1;0;0.008439429;0;0
117.05;MPIB4;0;0;0;0
117.05;MPIB3;0;0;0;0
117.05;MPIB2;0;0;0;0
117.05;MPIB1;0;0.00863233;0;0
117.1;MPIB4;0;0;0;0
117.1;MPIB3;0;0;0;0
117.1;MPIB2;0;0;0;0
117.1;MPIB1;0;0.008487654;0;0
117.15;MPIB4;0;0;0;0
117.15;MPIB3;0;0;0;0
117.15;MPIB2;0;0;0;0
117.15;MPIB1;0;0.008487654;0;0
117.2;MPIB4;0;0;0;0
117.2;MPIB3;0;0;0;0
117.2;MPIB2;0;0;0;0
117.2;MPIB1;0;0.008680556;0;0
117.25;MPIB4;0;0;0;0
117.25;MPIB3;0;0;0;0
117.25;MPIB2;0;0;0;0
117.25;MPIB1;0;0.008584104;0;0
117.3;MPIB4;0;0;0;0
117.3;MPIB3;0;0;0;0
117.3;MPIB2;0;0;0;0
117.3;MPIB1;0;0.008777007;0;0
117.35;MPIB4;0;0;0;0
117.35;MPIB3;0;0;0;0
117.35;MPIB2;0;0;0;0
117.35;MPIB1;0;0.008728781;0;0
117.4;MPIB4;0;0;0;0
117.4;MPIB3;0;0;0;0
117.4;MPIB2;0;0;0;0
117.4;MPIB1;0;0.008777007;0;0
117.45;MPIB4;0;0;0;0
117.45;MPIB3;0;0;0;0
117.45;MPIB2;0;0;0;0
117.45;MPIB1;0;0.008728781;0;0
117.5;MPIB4;0;0;0;0
117.5;MPIB3;0;0;0;0
117.5;MPIB2;0;0;0;0
117.5;MPIB1;0;0.008825231;0;0
117.55;MPIB4;0;0;0;0
117.55;MPIB3;0;0;0;0
117.55;MPIB2;0;0;0;0
117.55;MPIB1;0;0.008777007;0;0
117.6;MPIB4;0;0;0;0
117.6;MPIB3;0;0;0;0
117.6;MPIB2;0;0;0;0
117.6;MPIB1;0;0.008825231;0;0
117.65;MPIB4;0;0;0;0
117.65;MPIB3;0;0;0;0
117.65;MPIB2;0;0;0;0
117.65;MPIB1;0;0.008825231;0;0
117.7;MPIB4;0;0;0;0
117.7;MPIB3;0;0;0;9.645062E-05
117.7;MPIB2;0;0;0;0
117.7;MPIB1;0;0.008825231;0;0
117.75;MPIB4;0;0;0;0
117.75;MPIB3;0;0;0;0.0003375772
117.75;MPIB2;0;0;0;0
117.75;MPIB1;0;0.01109182;0;0
117.8;MPIB4;0;0;0;0
117.8;MPIB3;0;0;0;0.0001929012
117.8;MPIB2;0;0;0;0
117.8;MPIB1;0;0.0110436;0;0
117.85;MPIB4;0;0;0;0
117.85;MPIB3;0;0;0;0
117.85;MPIB2;0;0;0;0
117.85;MPIB1;0;0.0110436;0;0
117.9;MPIB4;0;0;0;0
117.9;MPIB3;0;0;0;0
117.9;MPIB2;0;0;0;0
117.9;MPIB1;0;0.0110436;0;0
117.95;MPIB4;0;0;0;0
117.95;MPIB3;0;0;0;0
117.95;MPIB2;0;0;0;0
117.95;MPIB1;0;0.01094715;0;0
118;MPIB4;0;0;0;0
118;MPIB3;0;0;0;0
118;MPIB2;0;0;0;0
118;MPIB1;0;0.01094715;0;0
118.05;MPIB4;0;0;0;0
118.05;MPIB3;0;0;0;0
118.05;MPIB2;0;0;0;0
118.05;MPIB1;0;0.01094715;0;0
118.1;MPIB4;0;0;0;0
118.1;MPIB3;0;0;0;0
118.1;MPIB2;0;0;0;0
118.1;MPIB1;0;0.01094715;0;0
118.15;MPIB4;0;0;0;0
118.15;MPIB3;0;0;0;0
118.15;MPIB2;0;0;0;0
118.15;MPIB1;0;0.01085069;0;0
118.2;MPIB4;0;0;0;0
118.2;MPIB3;0;0;0;0
118.2;MPIB2;0;0;0;0
118.2;MPIB1;0;0.01085069;0;0
118.25;MPIB4;0;0;0;0
118.25;MPIB3;0;0;0;0
118.25;MPIB2;0;0;0;0
118.25;MPIB1;0;0.01075424;0;0
118.3;MPIB4;0;0;0;0
118.3;MPIB3;0;0;0;0
118.3;MPIB2;0;0;0;0
118.3;MPIB1;0;0.01032022;0;0
118.35;MPIB4;0;0;0;0
118.35;MPIB3;0;0;0;0
118.35;MPIB2;0;0;0;0
118.35;MPIB1;0;0.01012731;0;0
118.4;MPIB4;0;0;0;0
118.4;MPIB3;0;0;0;0
118.4;MPIB2;0;0;0;0
118.4;MPIB1;0;0.01205633;0;0
118.45;MPIB4;0;0;0;0
118.45;MPIB3;0;0;0;0
118.45;MPIB2;0;0;0;0
118.45;MPIB1;0;0.0148534;0;0
118.5;MPIB4;0;0;0;0
118.5;MPIB3;0;0;0;0
118.5;MPIB2;0;0;0;0
118.5;MPIB1;0;0.02252122;0;0
118.55;MPIB4;0;0;0;0
118.55;MPIB3;0;0;0;0
118.55;MPIB2;0;0;0;0
118.55;MPIB1;0;0.03713349;0;0
118.6;MPIB4;0;0;0;0
118.6;MPIB3;0;0;0;0
118.6;MPIB2;0;0;0;0
118.6;MPIB1;0;0;0;0
118.65;MPIB4;0;0;0;0
118.65;MPIB3;0;0;0;9.645062E-05
118.65;MPIB2;0;0;0;0
118.65;MPIB1;0;0;0;0
118.7;MPIB4;0;0;0;0
118.7;MPIB3;0;0;0;0.0001446759
118.7;MPIB2;0;0;0;0
118.7;MPIB1;0;0;0;0
118.75;MPIB4;0;0;0;0
118.75;MPIB3;0;0;0;0.0001929012
118.75;MPIB2;0;0;0;0
118.75;MPIB1;0;0;0;0
118.8;MPIB4;0;0;0;0
118.8;MPIB3;0;0;0;0.0002411265
118.8;MPIB2;0;0;0;0
118.8;MPIB1;0;0;0;0
118.85;MPIB4;0;0;0;0
118.85;MPIB3;0;0;0;0.0002411265
118.85;MPIB2;0;0;0;0
118.85;MPIB1;0;0;0;0
118.9;MPIB4;0;0;0;0
118.9;MPIB3;0;0;0;0.0002411265
118.9;MPIB2;0;0;0;0
118.9;MPIB1;0;0;0;0
118.95;MPIB4;0;0;0;0
118.95;MPIB3;0;0;0;0.0003375772
118.95;MPIB2;0;0;0;0
118.95;MPIB1;0;0;0;0
119;MPIB4;0;0;0;0
119;MPIB3;0;0;0;0.0003375772
119;MPIB2;0;0;0;0
119;MPIB1;0;0;0;0
119.05;MPIB4;0;0;0;0
119.05;MPIB3;0;0;0;0.0003375772
119.05;MPIB2;0;0;0;0
119.05;MPIB1;0;0;0;0
119.1;MPIB4;0;0;0;0
119.1;MPIB3;0;0;0;0.0003375772
119.1;MPIB2;0;0;0;0
119.1;MPIB1;0;0;0;0
119.15;MPIB4;0;0;0;0
119.15;MPIB3;0;0;0;0.0003375772
119.15;MPIB2;0;0;0;0
119.15;MPIB1;0;0;0;0
119.2;MPIB4;0;0;0;0
119.2;MPIB3;0;0;0;0.0003375772
119.2;MPIB2;0;0;0;0
119.2;MPIB1;0;0;0;0
119.25;MPIB4;0;0;0;0
119.25;MPIB3;0;0;0;0.0003375772
119.25;MPIB2;0;0;0;0
119.25;MPIB1;0;0;0;0
119.3;MPIB4;0;0;0;0
119.3;MPIB3;0;0;0;0.0003375772
119.3;MPIB2;0;0;0;0
119.3;MPIB1;0;0;0;0
119.35;MPIB4;0;0;0;0
119.35;MPIB3;0;0;0;0.0003375772
119.35;MPIB2;0;0;0;0
119.35;MPIB1;0;0.0005304784;0;0
119.4;MPIB4;0;0;0;0
119.4;MPIB3;0;0;0;0.0003375772
119.4;MPIB2;0;0;0;0
119.4;MPIB1;0;0.00226659;0;0
119.45;MPIB4;0;0;0;0
119.45;MPIB3;0;0;0;0.0003375772
119.45;MPIB2;0;0;0;0
119.45;MPIB1;0;0.005594136;0;0
119.5;MPIB4;0;0;0;0
119.5;MPIB3;0;0;0;0.0003375772
119.5;MPIB2;0;0;0;0
119.5;MPIB1;0;0.007474923;0;0
119.55;MPIB4;0;0;0;0
119.55;MPIB3;0;0;0;0.0003375772
119.55;MPIB2;0;0;0;0
119.55;MPIB1;0;0.007957176;0;0
119.6;MPIB4;0;0;0;0
119.6;MPIB3;0;0;0;0.0003375772
119.6;MPIB2;0;0;0;0
119.6;MPIB1;0;0.009307484;0;0
119.65;MPIB4;0;0;0;0
119.65;MPIB3;0;0;0;0.0003375772
119.65;MPIB2;0;0;0;0
119.65;MPIB1;0;0.01224923;0;0
119.7;MPIB4;0;0;0;0
119.7;MPIB3;0;0;0;0.0003375772
119.7;MPIB2;0;0;0;0
119.7;MPIB1;0;0.01292438;0;0
119.75;MPIB4;0;0;0;0
119.75;MPIB3;0;0;0;0.0003375772
119.75;MPIB2;0;0;0;0
119.75;MPIB1;0;0.01292438;0;0
119.8;MPIB4;0;0;0;0
119.8;MPIB3;0;0;0;0.0003375772
119.8;MPIB2;0;0;0;0
119.8;MPIB1;0;0.01441937;0;0
119.85;MPIB4;0;0;0;0
119.85;MPIB3;0;0;0;0.0003375772
119.85;MPIB2;0;0;0;0
119.85;MPIB1;0;0.01441937;0;0
119.9;MPIB4;0;0;0;0
119.9;MPIB3;0;0;0;0.0003375772
119.9;MPIB2;0;0;0;0
119.9;MPIB1;0;0.01441937;0;0
119.95;MPIB4;0;0;0;0
119.95;MPIB3;0;0;0;0.0003375772
119.95;MPIB2;0;0;0;0
119.95;MPIB1;0;0.01441937;0;0
120;MPIB4;0;0;0;0
120;MPIB3;0;0;0;0.0003375772
120;MPIB2;0;0;0;0
120;MPIB1;0;0.01441937;0;0
